128 95
134 5
39 22
99 24
19 16
30 26
135 132
99 42
79 11
20 14
95 83
39 25
71 35
81 13
23 14
72 33
27 9
129 125
97 80
34 29
101 74
78 24
83 80
81 11
42 21
97 20
44 40
31 7
101 38
78 12
69 37
51 46
42 25
23 9
74 33
30 27
128 124
47 44
95 80
138 134
101 70
103 73
99 25
137 5
79 10
31 6
95 56
135 131
139 130
43 18
48 44
136 130
22 18
124 55
136 8
97 94
39 21
51 45
19 15
99 78
80 14
97 86
110 75
101 28
137 133
118 114
136 77
43 22
36 29
62 41
96 77
135 130
95 128
5 134
22 39
24 99
16 19
26 30
132 135
42 99
11 79
14 20
83 95
25 39
35 71
13 81
14 23
33 72
9 27
125 129
80 97
29 34
74 101
24 78
80 83
11 81
21 42
20 97
40 44
7 31
38 101
12 78
37 69
46 51
25 42
9 23
33 74
27 30
124 128
44 47
80 95
134 138
70 101
73 103
25 99
5 137
10 79
6 31
56 95
131 135
130 139
18 43
44 48
130 136
18 22
55 124
8 136
94 97
21 39
45 51
15 19
78 99
14 80
86 97
75 110
28 101
133 137
114 118
77 136
22 43
29 36
41 62
77 96
130 135
