30 27
128 125
128 124
42 39
41 38
31 28
42 38
127 124
27 24
118 115
117 114
29 26
48 45
116 113
47 44
28 25
136 133
129 126
28 24
43 39
31 27
30 26
135 132
119 116
29 25
44 41
138 135
129 125
43 40
26 23
126 123
27 23
118 114
22 19
115 112
112 108
117 113
25 22
119 115
44 40
19 16
48 44
116 112
125 122
111 108
137 134
138 134
137 133
26 22
127 123
97 79
7 4
112 109
72 33
101 74
130 126
20 17
49 46
110 107
111 107
24 21
136 132
40 37
113 110
41 37
135 131
79 11
79 12
114 111
32 29
21 18
34 29
27 30
125 128
124 128
39 42
38 41
28 31
38 42
124 127
24 27
115 118
114 117
26 29
45 48
113 116
44 47
25 28
133 136
126 129
24 28
39 43
27 31
26 30
132 135
116 119
25 29
41 44
135 138
125 129
40 43
23 26
123 126
23 27
114 118
19 22
112 115
108 112
113 117
22 25
115 119
40 44
16 19
44 48
112 116
122 125
108 111
134 137
134 138
133 137
22 26
123 127
79 97
4 7
109 112
33 72
74 101
126 130
17 20
46 49
107 110
107 111
21 24
132 136
37 40
110 113
37 41
131 135
11 79
12 79
111 114
29 32
18 21
29 34
