30 27
42 39
41 38
128 124
29 26
30 26
118 115
42 38
43 39
28 25
128 125
31 28
43 40
116 113
115 112
127 124
118 114
47 44
28 24
31 27
27 24
129 126
29 25
138 135
19 16
48 45
129 125
117 114
44 41
44 40
135 132
26 23
117 113
119 116
136 133
111 108
137 133
137 134
72 33
128 95
97 80
134 5
22 19
111 107
71 35
99 24
126 123
27 23
39 22
119 115
116 112
48 44
101 74
112 109
41 37
138 134
112 108
113 110
21 18
99 42
79 11
95 83
81 13
125 122
39 25
20 17
74 33
20 14
25 22
127 123
95 80
26 22
34 29
136 132
27 9
69 37
39 21
97 78
21 17
113 109
7 4
96 79
101 70
31 6
135 131
19 15
22 18
130 126
126 122
95 56
78 12
40 37
51 45
51 46
97 20
93 85
136 8
45 42
47 43
114 110
46 42
110 107
115 111
23 9
137 5
114 111
103 73
130 127
42 25
31 7
23 14
45 41
78 24
96 78
123 120
25 21
46 43
24 21
99 76
42 21
120 117
124 55
96 77
69 35
79 10
101 38
23 19
24 20
49 46
83 80
79 12
32 28
99 78
100 74
40 36
81 11
109 106
135 130
71 32
97 94
120 116
19 14
124 121
133 5
139 135
57 54
140 137
38 34
36 29
139 130
49 45
80 14
43 18
100 75
20 16
62 41
125 121
141 137
50 46
74 28
43 22
89 52
23 20
102 73
98 77
47 18
23 12
139 136
80 12
56 53
99 25
136 130
80 11
97 77
95 79
98 75
32 29
97 79
39 36
141 138
98 76
99 75
101 73
88 85
110 75
101 28
76 24
84 80
52 49
38 35
97 86
76 28
84 81
81 12
96 80
140 136
82 13
76 27
133 8
91 88
33 28
93 83
80 13
43 21
39 29
33 29
92 85
136 77
106 103
50 47
34 28
7 3
78 14
59 52
128 96
118 57
71 33
