111 61
136 133
114 110
77 7
111 107
128 125
84 19
127 95
50 46
129 126
140 3
48 44
44 41
127 124
31 27
133 8
21 17
84 16
76 28
114 75
19 14
69 37
95 83
128 96
106 73
97 94
97 79
46 17
105 102
58 52
101 61
128 80
110 73
60 45
127 118
97 80
100 74
102 61
28 25
135 130
94 84
71 33
62 42
20 12
97 24
97 21
29 26
136 132
76 27
60 21
42 22
62 45
47 43
85 16
98 78
62 38
41 37
113 109
42 21
62 41
38 25
79 9
45 42
128 56
99 24
87 52
65 41
123 120
80 14
76 9
86 20
119 116
42 24
96 79
101 28
101 70
102 74
129 95
25 21
7 3
59 53
93 84
111 100
97 57
23 20
8 3
136 79
130 10
87 50
43 40
98 24
63 41
99 28
62 44
100 62
76 24
76 7
139 136
60 51
31 7
101 72
85 17
88 50
73 70
34 28
99 25
86 17
80 11
124 95
21 18
72 33
96 56
48 45
100 60
58 54
7 2
101 38
80 13
49 46
97 59
45 41
83 80
25 22
92 52
57 52
71 34
79 8
46 42
111 59
108 105
107 59
137 134
38 28
61 51
136 127
8 4
66 62
98 77
124 121
98 60
114 57
23 9
110 74
117 113
112 108
20 17
17 14
92 89
101 33
94 80
27 9
139 130
60 25
110 102
86 51
111 53
130 127
126 123
96 80
96 58
97 60
84 20
70 35
22 19
121 55
136 10
136 130
30 27
51 46
75 7
94 86
99 60
92 86
127 123
113 110
42 25
19 16
130 79
39 28
70 33
84 15
94 17
139 127
125 121
41 38
124 56
67 63
57 53
101 71
26 23
31 28
36 29
20 14
23 12
84 14
60 20
127 79
23 19
105 64
115 112
12 9
30 26
99 42
124 55
92 85
81 11
112 109
77 9
78 27
43 22
58 20
63 44
131 10
69 35
78 9
139 135
66 41
133 4
116 113
124 96
114 59
140 127
138 134
27 24
107 62
127 96
140 117
95 84
101 74
98 75
59 51
26 22
33 28
124 118
39 34
97 20
63 48
96 77
34 25
27 23
104 64
57 54
61 42
39 21
110 107
38 35
98 58
124 57
96 78
137 8
74 28
99 78
46 18
141 138
128 95
73 33
58 17
123 118
116 112
131 11
93 83
128 79
103 73
124 120
133 5
94 58
77 3
38 29
38 34
66 38
8 5
92 88
79 12
58 51
101 34
101 73
92 87
102 73
22 18
33 29
107 102
23 14
63 45
103 67
93 56
97 84
98 59
137 133
100 75
99 21
70 38
90 85
110 106
39 26
39 29
77 8
136 77
60 42
67 64
78 24
128 124
141 137
109 106
139 126
95 56
99 61
136 3
129 81
118 55
101 75
102 62
58 53
94 52
95 82
114 111
69 34
119 115
138 135
99 76
39 36
44 40
125 122
123 117
74 7
97 86
46 21
107 100
40 37
129 125
71 32
103 70
123 119
111 108
107 61
32 29
98 57
118 96
100 61
47 44
87 17
69 38
84 58
128 81
43 18
102 70
80 20
83 56
117 114
39 25
34 29
70 67
31 6
99 75
94 85
118 115
19 15
24 20
84 17
35 29
74 33
103 68
97 58
60 46
69 41
84 80
135 126
139 123
94 57
70 34
98 76
78 23
70 66
79 11
130 126
79 10
86 50
69 66
110 59
135 132
24 21
94 83
110 61
126 122
49 45
133 10
43 39
96 57
94 20
140 77
66 63
86 58
137 4
66 37
115 53
60 24
118 57
76 8
46 43
95 80
136 8
32 28
93 86
28 24
74 2
114 98
92 54
106 102
106 103
94 54
7 4
71 35
76 33
20 16
43 21
118 114
51 45
52 17
42 39
39 22
78 20
99 59
93 85
86 52
140 137
82 13
140 136
110 75
27 7
104 67
94 56
29 25
75 3
78 12
110 100
95 79
97 12
115 111
61 45
97 78
100 59
80 12
142 117
72 32
76 25
137 3
42 38
95 81
61 111
133 136
110 114
7 77
107 111
125 128
19 84
95 127
46 50
126 129
3 140
44 48
41 44
124 127
27 31
8 133
17 21
16 84
28 76
75 114
14 19
37 69
83 95
96 128
73 106
94 97
79 97
17 46
102 105
52 58
61 101
80 128
73 110
45 60
118 127
80 97
74 100
61 102
25 28
130 135
84 94
33 71
42 62
12 20
24 97
21 97
26 29
132 136
27 76
21 60
22 42
45 62
43 47
16 85
78 98
38 62
37 41
109 113
21 42
41 62
25 38
9 79
42 45
56 128
24 99
52 87
41 65
120 123
14 80
9 76
20 86
116 119
24 42
79 96
28 101
70 101
74 102
95 129
21 25
3 7
53 59
84 93
100 111
57 97
20 23
3 8
79 136
10 130
50 87
40 43
24 98
41 63
28 99
44 62
62 100
24 76
7 76
136 139
51 60
7 31
72 101
17 85
50 88
70 73
28 34
25 99
17 86
11 80
95 124
18 21
33 72
56 96
45 48
60 100
54 58
2 7
38 101
13 80
46 49
59 97
41 45
80 83
22 25
52 92
52 57
34 71
8 79
42 46
59 111
105 108
59 107
134 137
28 38
51 61
127 136
4 8
62 66
77 98
121 124
60 98
57 114
9 23
74 110
113 117
108 112
17 20
14 17
89 92
33 101
80 94
9 27
130 139
25 60
102 110
51 86
53 111
127 130
123 126
80 96
58 96
60 97
20 84
35 70
19 22
55 121
10 136
130 136
27 30
46 51
7 75
86 94
60 99
86 92
123 127
110 113
25 42
16 19
79 130
28 39
33 70
15 84
17 94
127 139
121 125
38 41
56 124
63 67
53 57
71 101
23 26
28 31
29 36
14 20
12 23
14 84
20 60
79 127
19 23
64 105
112 115
9 12
26 30
42 99
55 124
85 92
11 81
109 112
9 77
27 78
22 43
20 58
44 63
10 131
35 69
9 78
135 139
41 66
4 133
113 116
96 124
59 114
127 140
134 138
24 27
62 107
96 127
117 140
84 95
74 101
75 98
51 59
22 26
28 33
118 124
34 39
20 97
48 63
77 96
25 34
23 27
64 104
54 57
42 61
21 39
107 110
35 38
58 98
57 124
78 96
8 137
28 74
78 99
18 46
138 141
95 128
33 73
17 58
118 123
112 116
11 131
83 93
79 128
73 103
120 124
5 133
58 94
3 77
29 38
34 38
38 66
5 8
88 92
12 79
51 58
34 101
73 101
87 92
73 102
18 22
29 33
102 107
14 23
45 63
67 103
56 93
84 97
59 98
133 137
75 100
21 99
38 70
85 90
106 110
26 39
29 39
8 77
77 136
42 60
64 67
24 78
124 128
137 141
106 109
126 139
56 95
61 99
3 136
81 129
55 118
75 101
62 102
53 58
52 94
82 95
111 114
34 69
115 119
135 138
76 99
36 39
40 44
122 125
117 123
7 74
86 97
21 46
100 107
37 40
125 129
32 71
70 103
119 123
108 111
61 107
29 32
57 98
96 118
61 100
44 47
17 87
38 69
58 84
81 128
18 43
70 102
20 80
56 83
114 117
25 39
29 34
67 70
6 31
75 99
85 94
115 118
15 19
20 24
17 84
29 35
33 74
68 103
58 97
46 60
41 69
80 84
126 135
123 139
57 94
34 70
76 98
23 78
66 70
11 79
126 130
10 79
50 86
66 69
59 110
132 135
21 24
83 94
61 110
122 126
45 49
10 133
39 43
57 96
20 94
77 140
63 66
58 86
4 137
37 66
53 115
24 60
57 118
8 76
43 46
80 95
8 136
28 32
86 93
24 28
2 74
98 114
54 92
102 106
103 106
54 94
4 7
35 71
33 76
16 20
21 43
114 118
45 51
17 52
39 42
22 39
20 78
59 99
85 93
52 86
137 140
13 82
136 140
75 110
7 27
67 104
56 94
25 29
3 75
12 78
100 110
79 95
12 97
111 115
45 61
78 97
59 100
12 80
117 142
32 72
25 76
3 137
38 42
81 95
