128 95
134 5
39 22
99 24
19 16
30 26
135 132
99 42
79 11
20 14
95 83
39 25
71 35
81 13
23 14
72 33
27 9
129 125
97 80
34 29
101 74
78 24
83 80
81 11
42 21
97 20
44 40
31 7
101 38
78 12
69 37
51 46
42 25
23 9
74 33
30 27
128 124
47 44
95 80
138 134
101 70
103 73
99 25
137 5
79 10
31 6
95 56
135 131
139 130
43 18
48 44
136 130
22 18
124 55
136 8
97 94
39 21
51 45
19 15
99 78
80 14
97 86
110 75
101 28
137 133
118 114
136 77
43 22
36 29
62 41
96 77
135 130
115 112
74 28
43 39
133 5
76 24
31 27
89 52
23 12
112 108
44 41
111 107
133 8
76 28
27 23
7 4
96 79
22 19
38 34
47 18
76 27
129 126
88 85
52 49
84 80
87 17
128 96
136 79
119 115
29 26
39 29
141 137
118 115
71 32
39 26
69 35
82 13
80 20
136 127
93 85
78 14
139 126
123 117
138 135
102 73
57 54
94 86
123 120
26 22
34 28
116 112
118 57
78 23
86 17
128 56
42 38
86 52
136 10
116 113
43 21
110 102
139 123
60 45
94 58
59 52
88 52
82 15
98 75
69 64
133 10
43 17
111 108
115 107
92 55
95 128
5 134
22 39
24 99
16 19
26 30
132 135
42 99
11 79
14 20
83 95
25 39
35 71
13 81
14 23
33 72
9 27
125 129
80 97
29 34
74 101
24 78
80 83
11 81
21 42
20 97
40 44
7 31
38 101
12 78
37 69
46 51
25 42
9 23
33 74
27 30
124 128
44 47
80 95
134 138
70 101
73 103
25 99
5 137
10 79
6 31
56 95
131 135
130 139
18 43
44 48
130 136
18 22
55 124
8 136
94 97
21 39
45 51
15 19
78 99
14 80
86 97
75 110
28 101
133 137
114 118
77 136
22 43
29 36
41 62
77 96
130 135
112 115
28 74
39 43
5 133
24 76
27 31
52 89
12 23
108 112
41 44
107 111
8 133
28 76
23 27
4 7
79 96
19 22
34 38
18 47
27 76
126 129
85 88
49 52
80 84
17 87
96 128
79 136
115 119
26 29
29 39
137 141
115 118
32 71
26 39
35 69
13 82
20 80
127 136
85 93
14 78
126 139
117 123
135 138
73 102
54 57
86 94
120 123
22 26
28 34
112 116
57 118
23 78
17 86
56 128
38 42
52 86
10 136
113 116
21 43
102 110
123 139
45 60
58 94
52 59
52 88
15 82
75 98
64 69
10 133
17 43
108 111
107 115
55 92
