128 95
134 5
39 22
99 24
19 16
30 26
135 132
99 42
79 11
20 14
95 83
39 25
71 35
81 13
23 14
72 33
27 9
129 125
97 80
34 29
101 74
78 24
83 80
81 11
42 21
97 20
44 40
31 7
101 38
78 12
69 37
51 46
42 25
23 9
74 33
30 27
128 124
47 44
95 80
138 134
101 70
103 73
99 25
137 5
79 10
31 6
95 56
135 131
139 130
43 18
48 44
136 130
22 18
124 55
136 8
97 94
39 21
51 45
19 15
99 78
80 14
97 86
110 75
101 28
137 133
118 114
136 77
43 22
36 29
62 41
96 77
135 130
115 112
74 28
43 39
133 5
76 24
31 27
89 52
23 12
112 108
44 41
111 107
133 8
76 28
27 23
7 4
96 79
22 19
38 34
47 18
76 27
129 126
88 85
52 49
84 80
87 17
128 96
136 79
119 115
29 26
39 29
141 137
118 115
71 32
39 26
69 35
82 13
80 20
136 127
93 85
78 14
139 126
123 117
138 135
102 73
57 54
94 86
123 120
26 22
34 28
116 112
118 57
78 23
86 17
128 56
42 38
86 52
136 10
116 113
43 21
110 102
139 123
60 45
94 58
59 52
88 52
82 15
98 75
69 64
133 10
43 17
111 108
115 107
92 55
46 17
63 49
114 98
21 17
128 125
70 64
51 48
106 73
142 126
40 36
50 46
23 15
135 126
137 4
19 14
93 83
130 126
137 8
108 50
126 122
113 75
23 13
33 7
93 88
40 22
111 59
140 117
29 25
95 82
47 43
62 59
106 103
140 4
69 41
91 85
84 20
33 28
87 50
38 25
26 23
94 52
70 62
38 28
128 79
107 102
90 52
36 22
99 76
39 34
138 132
60 51
114 75
63 41
12 9
115 63
40 15
74 70
42 34
23 19
102 89
114 99
107 63
91 87
126 123
100 75
31 28
58 52
62 38
102 63
108 98
92 87
47 22
