137 134
136 133
6 3
112 109
7 4
111 108
11 8
112 108
10 7
113 110
5 2
114 111
110 107
135 132
7 3
22 19
142 139
29 26
137 133
113 109
75 72
8 5
138 134
129 126
74 71
76 73
111 107
138 135
65 62
12 8
12 9
6 2
114 110
88 85
143 140
126 123
11 7
130 127
23 20
89 86
102 99
143 139
28 25
67 63
66 63
8 4
136 132
73 70
95 91
127 124
74 70
66 62
56 53
141 138
76 72
131 128
67 64
55 52
18 15
115 112
9 6
24 21
29 25
87 84
142 138
57 54
90 87
126 122
115 111
10 6
16 13
95 92
68 65
17 14
27 24
144 141
130 126
26 23
38 35
23 19
60 57
127 123
139 136
25 22
17 13
86 83
131 127
20 17
89 85
75 71
94 91
90 86
122 119
144 140
110 106
128 125
28 24
9 5
146 143
30 26
72 69
34 31
117 114
88 84
135 131
30 27
109 106
108 105
147 144
133 130
140 137
104 101
91 88
132 5
93 90
123 120
132 128
21 18
77 74
58 54
56 52
127 122
35 32
134 131
134 107
124 121
132 129
124 120
19 16
92 89
127 115
78 75
129 8
13 10
13 9
59 56
107 104
91 87
70 67
57 53
96 93
19 15
129 125
55 51
31 27
94 90
139 135
137 74
34 30
20 16
58 55
134 137
133 136
3 6
109 112
4 7
108 111
8 11
108 112
7 10
110 113
2 5
111 114
107 110
132 135
3 7
19 22
139 142
26 29
133 137
109 113
72 75
5 8
134 138
126 129
71 74
73 76
107 111
135 138
62 65
8 12
9 12
2 6
110 114
85 88
140 143
123 126
7 11
127 130
20 23
86 89
99 102
139 143
25 28
63 67
63 66
4 8
132 136
70 73
91 95
124 127
70 74
62 66
53 56
138 141
72 76
128 131
64 67
52 55
15 18
112 115
6 9
21 24
25 29
84 87
138 142
54 57
87 90
122 126
111 115
6 10
13 16
92 95
65 68
14 17
24 27
141 144
126 130
23 26
35 38
19 23
57 60
123 127
136 139
22 25
13 17
83 86
127 131
17 20
85 89
71 75
91 94
86 90
119 122
140 144
106 110
125 128
24 28
5 9
143 146
26 30
69 72
31 34
114 117
84 88
131 135
27 30
106 109
105 108
144 147
130 133
137 140
101 104
88 91
5 132
90 93
120 123
128 132
18 21
74 77
54 58
52 56
122 127
32 35
131 134
107 134
121 124
129 132
120 124
16 19
89 92
115 127
75 78
8 129
10 13
9 13
56 59
104 107
87 91
67 70
53 57
93 96
15 19
125 129
51 55
27 31
90 94
135 139
74 137
30 34
16 20
55 58
