132 5
76 17
137 74
105 31
127 122
102 99
132 2
144 89
5 2
127 115
79 10
126 123
134 107
133 9
72 13
95 91
112 30
144 86
129 8
11 7
22 19
130 12
79 6
7 3
109 34
65 21
131 111
75 13
67 63
121 15
132 128
68 24
126 8
63 28
126 12
116 26
12 8
143 139
30 26
135 107
6 3
29 26
116 30
129 126
109 35
110 27
141 89
128 5
117 113
142 104
134 110
142 138
76 72
135 131
38 35
112 34
26 23
114 71
130 31
113 23
114 110
73 70
113 30
29 25
117 26
109 30
112 108
137 133
108 34
96 91
24 13
123 119
125 4
106 67
143 82
17 13
34 30
67 28
104 101
55 52
124 115
106 31
109 31
7 4
111 107
102 38
117 23
72 17
20 14
75 72
23 16
18 15
104 99
134 106
64 60
118 12
103 98
137 85
113 26
106 27
144 90
103 63
16 13
63 27
132 124
60 56
76 73
131 127
102 41
138 107
129 5
97 94
140 89
122 115
94 90
10 4
105 38
25 6
81 10
112 109
57 46
141 74
69 65
138 134
133 78
98 37
110 107
84 77
8 4
38 31
56 52
100 97
109 38
36 32
98 41
136 128
140 82
131 128
131 85
109 41
60 57
18 3
134 46
64 24
73 66
125 8
84 70
105 35
72 23
122 114
133 6
65 22
110 51
75 11
64 21
11 8
106 101
92 42
11 6
145 103
114 111
39 2
66 62
140 80
109 105
61 52
146 97
21 16
126 114
139 24
44 32
78 75
123 118
141 103
89 85
93 32
136 5
25 22
64 25
88 43
73 63
74 70
73 25
86 13
147 144
80 6
90 61
143 19
135 127
86 83
125 120
122 88
69 17
90 86
139 7
147 139
117 19
95 58
88 85
131 107
20 16
113 109
67 45
101 3
84 79
71 13
42 28
93 54
121 114
44 39
65 62
141 96
67 58
78 74
76 10
146 143
54 49
55 51
148 144
10 6
124 121
98 92
68 16
119 26
136 132
39 33
5 132
17 76
74 137
31 105
122 127
99 102
2 132
89 144
2 5
115 127
10 79
123 126
107 134
9 133
13 72
91 95
30 112
86 144
8 129
7 11
19 22
12 130
6 79
3 7
34 109
21 65
111 131
13 75
63 67
15 121
128 132
24 68
8 126
28 63
12 126
26 116
8 12
139 143
26 30
107 135
3 6
26 29
30 116
126 129
35 109
27 110
89 141
5 128
113 117
104 142
110 134
138 142
72 76
131 135
35 38
34 112
23 26
71 114
31 130
23 113
110 114
70 73
30 113
25 29
26 117
30 109
108 112
133 137
34 108
91 96
13 24
119 123
4 125
67 106
82 143
13 17
30 34
28 67
101 104
52 55
115 124
31 106
31 109
4 7
107 111
38 102
23 117
17 72
14 20
72 75
16 23
15 18
99 104
106 134
60 64
12 118
98 103
85 137
26 113
27 106
90 144
63 103
13 16
27 63
124 132
56 60
73 76
127 131
41 102
107 138
5 129
94 97
89 140
115 122
90 94
4 10
38 105
6 25
10 81
109 112
46 57
74 141
65 69
134 138
78 133
37 98
107 110
77 84
4 8
31 38
52 56
97 100
38 109
32 36
41 98
128 136
82 140
128 131
85 131
41 109
57 60
3 18
46 134
24 64
66 73
8 125
70 84
35 105
23 72
114 122
6 133
22 65
51 110
11 75
21 64
8 11
101 106
42 92
6 11
103 145
111 114
2 39
62 66
80 140
105 109
52 61
97 146
16 21
114 126
24 139
32 44
75 78
118 123
103 141
85 89
32 93
5 136
22 25
25 64
43 88
63 73
70 74
25 73
13 86
144 147
6 80
61 90
19 143
127 135
83 86
120 125
88 122
17 69
86 90
7 139
139 147
19 117
58 95
85 88
107 131
16 20
109 113
45 67
3 101
79 84
13 71
28 42
54 93
114 121
39 44
62 65
96 141
58 67
74 78
10 76
143 146
49 54
51 55
144 148
6 10
121 124
92 98
16 68
26 119
132 136
33 39
