115 111
61 24
126 123
84 77
96 41
68 23
110 106
109 106
20 17
137 103
138 100
67 64
69 65
138 135
57 45
102 38
68 24
60 54
98 41
60 25
51 33
140 82
84 74
130 114
40 37
130 122
81 77
89 86
18 15
71 67
136 79
96 92
126 11
55 52
65 61
148 144
55 51
112 108
39 32
94 91
85 74
22 19
15 11
86 82
46 42
92 89
130 110
108 105
105 101
113 30
16 13
65 24
114 111
33 30
76 13
114 16
106 31
8 4
74 71
144 85
133 130
102 35
61 21
39 36
119 115
133 6
129 125
45 28
137 134
129 6
145 100
128 124
97 41
54 51
142 138
141 100
130 8
108 34
130 12
26 23
140 137
132 5
141 89
141 85
13 10
102 99
128 8
75 72
78 10
105 34
23 19
118 115
90 87
54 32
17 13
42 38
12 9
81 74
76 10
5 2
133 9
140 136
46 40
69 20
88 70
127 111
98 92
60 28
63 59
134 131
61 57
118 16
113 27
85 81
126 9
29 25
54 25
31 28
139 136
109 31
11 8
23 20
48 45
141 137
56 53
53 50
71 68
9 5
67 27
115 112
73 70
148 93
54 29
127 122
14 10
148 90
25 22
138 104
30 26
38 32
130 127
70 67
129 4
68 16
64 24
65 21
126 12
63 45
126 8
31 27
145 142
133 129
35 31
60 57
25 21
48 32
102 37
107 104
127 124
17 14
144 93
106 67
59 44
105 35
109 34
92 88
75 71
137 85
33 29
8 5
61 25
60 48
142 139
39 35
137 133
68 64
39 31
123 120
113 26
109 30
29 26
113 109
146 143
136 132
74 70
109 27
122 12
85 82
61 58
11 7
10 6
41 37
89 85
45 42
57 53
138 107
119 116
127 115
93 90
53 48
54 28
9 6
64 60
18 14
134 130
72 13
14 11
147 144
57 48
7 3
131 127
128 125
54 48
140 85
46 39
147 143
60 44
34 31
72 68
105 102
105 31
104 101
60 45
76 72
137 81
143 139
77 73
106 38
45 39
137 71
97 94
122 115
117 23
97 93
144 90
68 20
131 111
84 81
103 99
66 62
116 26
59 45
121 118
117 113
118 12
145 89
91 88
141 138
118 15
46 41
16 12
134 107
48 39
12 8
45 32
114 12
131 128
68 27
114 110
72 17
129 126
111 107
61 22
134 110
108 104
136 133
88 85
35 32
116 112
110 71
95 92
117 16
72 69
133 5
64 21
86 83
64 27
28 25
113 23
36 32
103 100
95 91
32 29
138 103
67 24
146 142
65 62
63 44
135 131
95 90
75 9
103 98
130 126
122 118
42 39
97 92
27 23
98 93
129 8
135 107
145 141
129 5
55 25
70 66
46 43
102 98
56 52
144 141
75 13
66 63
118 114
79 74
106 102
135 132
134 111
64 20
109 105
112 109
65 20
26 22
24 21
109 28
19 16
140 81
60 29
125 8
126 121
128 5
91 87
24 20
121 15
57 54
68 65
32 28
53 49
148 89
78 6
96 91
87 84
102 41
77 74
111 108
113 110
123 119
148 94
106 27
51 29
117 26
141 92
104 100
131 107
103 92
126 122
141 88
84 73
117 15
137 74
141 103
38 31
10 7
76 73
78 75
142 100
64 25
80 77
137 107
138 134
88 84
144 140
6 3
20 16
144 86
114 23
132 129
62 59
110 107
110 27
94 90
116 113
107 103
54 50
38 35
112 30
15 12
67 28
54 45
69 66
117 114
90 86
84 70
27 24
73 69
144 89
40 36
34 30
133 75
123 115
7 4
139 135
122 114
105 38
130 111
6 2
55 29
121 11
121 12
122 119
129 9
145 93
93 89
106 103
30 27
41 38
63 60
62 58
28 24
143 140
63 28
127 123
75 10
36 33
13 9
64 61
113 24
132 128
148 145
64 28
130 9
67 63
23 16
111 115
24 61
123 126
77 84
41 96
23 68
106 110
106 109
17 20
103 137
100 138
64 67
65 69
135 138
45 57
38 102
24 68
54 60
41 98
25 60
33 51
82 140
74 84
114 130
37 40
122 130
77 81
86 89
15 18
67 71
79 136
92 96
11 126
52 55
61 65
144 148
51 55
108 112
32 39
91 94
74 85
19 22
11 15
82 86
42 46
89 92
110 130
105 108
101 105
30 113
13 16
24 65
111 114
30 33
13 76
16 114
31 106
4 8
71 74
85 144
130 133
35 102
21 61
36 39
115 119
6 133
125 129
28 45
134 137
6 129
100 145
124 128
41 97
51 54
138 142
100 141
8 130
34 108
12 130
23 26
137 140
5 132
89 141
85 141
10 13
99 102
8 128
72 75
10 78
34 105
19 23
115 118
87 90
32 54
13 17
38 42
9 12
74 81
10 76
2 5
9 133
136 140
40 46
20 69
70 88
111 127
92 98
28 60
59 63
131 134
57 61
16 118
27 113
81 85
9 126
25 29
25 54
28 31
136 139
31 109
8 11
20 23
45 48
137 141
53 56
50 53
68 71
5 9
27 67
112 115
70 73
93 148
29 54
122 127
10 14
90 148
22 25
104 138
26 30
32 38
127 130
67 70
4 129
16 68
24 64
21 65
12 126
45 63
8 126
27 31
142 145
129 133
31 35
57 60
21 25
32 48
37 102
104 107
124 127
14 17
93 144
67 106
44 59
35 105
34 109
88 92
71 75
85 137
29 33
5 8
25 61
48 60
139 142
35 39
133 137
64 68
31 39
120 123
26 113
30 109
26 29
109 113
143 146
132 136
70 74
27 109
12 122
82 85
58 61
7 11
6 10
37 41
85 89
42 45
53 57
107 138
116 119
115 127
90 93
48 53
28 54
6 9
60 64
14 18
130 134
13 72
11 14
144 147
48 57
3 7
127 131
125 128
48 54
85 140
39 46
143 147
44 60
31 34
68 72
102 105
31 105
101 104
45 60
72 76
81 137
139 143
73 77
38 106
39 45
71 137
94 97
115 122
23 117
93 97
90 144
20 68
111 131
81 84
99 103
62 66
26 116
45 59
118 121
113 117
12 118
89 145
88 91
138 141
15 118
41 46
12 16
107 134
39 48
8 12
32 45
12 114
128 131
27 68
110 114
17 72
126 129
107 111
22 61
110 134
104 108
133 136
85 88
32 35
112 116
71 110
92 95
16 117
69 72
5 133
21 64
83 86
27 64
25 28
23 113
32 36
100 103
91 95
29 32
103 138
24 67
142 146
62 65
44 63
131 135
90 95
9 75
98 103
126 130
118 122
39 42
92 97
23 27
93 98
8 129
107 135
141 145
5 129
25 55
66 70
43 46
98 102
52 56
141 144
13 75
63 66
114 118
74 79
102 106
132 135
111 134
20 64
105 109
109 112
20 65
22 26
21 24
28 109
16 19
81 140
29 60
8 125
121 126
5 128
87 91
20 24
15 121
54 57
65 68
28 32
49 53
89 148
6 78
91 96
84 87
41 102
74 77
108 111
110 113
119 123
94 148
27 106
29 51
26 117
92 141
100 104
107 131
92 103
122 126
88 141
73 84
15 117
74 137
103 141
31 38
7 10
73 76
75 78
100 142
25 64
77 80
107 137
134 138
84 88
140 144
3 6
16 20
86 144
23 114
129 132
59 62
107 110
27 110
90 94
113 116
103 107
50 54
35 38
30 112
12 15
28 67
45 54
66 69
114 117
86 90
70 84
24 27
69 73
89 144
36 40
30 34
75 133
115 123
4 7
135 139
114 122
38 105
111 130
2 6
29 55
11 121
12 121
119 122
9 129
93 145
89 93
103 106
27 30
38 41
60 63
58 62
24 28
140 143
28 63
123 127
10 75
33 36
9 13
61 64
24 113
128 132
145 148
28 64
9 130
63 67
16 23
