132 5
76 17
137 74
105 31
127 122
102 99
132 2
144 89
5 2
127 115
79 10
126 123
134 107
133 9
72 13
95 91
112 30
144 86
129 8
11 7
22 19
130 12
79 6
7 3
109 34
65 21
131 111
75 13
67 63
121 15
132 128
68 24
126 8
63 28
126 12
116 26
12 8
143 139
30 26
135 107
6 3
29 26
116 30
129 126
109 35
110 27
141 89
128 5
117 113
142 104
134 110
142 138
76 72
135 131
38 35
112 34
26 23
114 71
130 31
113 23
114 110
73 70
113 30
29 25
117 26
109 30
112 108
137 133
108 34
96 91
24 13
123 119
125 4
106 67
143 82
5 132
17 76
74 137
31 105
122 127
99 102
2 132
89 144
2 5
115 127
10 79
123 126
107 134
9 133
13 72
91 95
30 112
86 144
8 129
7 11
19 22
12 130
6 79
3 7
34 109
21 65
111 131
13 75
63 67
15 121
128 132
24 68
8 126
28 63
12 126
26 116
8 12
139 143
26 30
107 135
3 6
26 29
30 116
126 129
35 109
27 110
89 141
5 128
113 117
104 142
110 134
138 142
72 76
131 135
35 38
34 112
23 26
71 114
31 130
23 113
110 114
70 73
30 113
25 29
26 117
30 109
108 112
133 137
34 108
91 96
13 24
119 123
4 125
67 106
82 143
