112 109
7 4
6 3
137 133
111 108
113 110
137 134
112 108
129 126
5 2
10 7
29 26
74 71
136 133
11 8
110 107
11 7
7 3
135 132
22 19
75 72
114 111
111 107
65 62
142 139
8 5
114 110
115 112
134 107
143 140
136 132
130 127
126 123
141 138
113 109
132 5
12 8
12 9
142 138
105 31
138 135
74 70
138 134
143 139
73 70
6 2
137 74
132 2
90 87
88 85
95 91
127 115
23 20
79 10
102 99
76 72
144 89
76 73
67 63
89 86
131 128
10 6
8 4
29 25
28 25
130 126
56 53
24 21
38 35
26 23
127 122
127 124
66 63
110 106
55 52
109 112
4 7
3 6
133 137
108 111
110 113
134 137
108 112
126 129
2 5
7 10
26 29
71 74
133 136
8 11
107 110
7 11
3 7
132 135
19 22
72 75
111 114
107 111
62 65
139 142
5 8
110 114
112 115
107 134
140 143
132 136
127 130
123 126
138 141
109 113
5 132
8 12
9 12
138 142
31 105
135 138
70 74
134 138
139 143
70 73
2 6
74 137
2 132
87 90
85 88
91 95
115 127
20 23
10 79
99 102
72 76
89 144
73 76
63 67
86 89
128 131
6 10
4 8
25 29
25 28
126 130
53 56
21 24
35 38
23 26
122 127
124 127
63 66
106 110
52 55
