84 80
84 52
85 51
79 22
82 53
39 24
88 6
17 4
77 40
25 22
80 54
61 42
86 48
83 5
69 65
94 44
84 50
30 26
14 4
47 44
79 23
28 25
78 57
74 41
71 67
81 54
43 38
60 42
32 8
11 7
85 7
89 34
26 21
51 7
81 2
75 34
80 55
29 26
34 6
69 66
13 5
75 22
27 23
26 23
27 13
72 50
36 24
75 47
26 18
63 57
59 41
86 50
23 17
94 90
83 2
55 50
86 73
80 23
84 53
90 49
94 91
86 51
77 60
16 2
43 37
77 59
85 5
14 3
84 2
89 9
89 8
53 50
87 51
17 2
45 35
80 2
30 27
26 22
91 35
32 28
72 49
78 75
85 52
45 38
76 22
30 15
14 5
16 3
84 4
63 60
32 13
68 57
32 6
91 45
91 46
42 38
60 41
84 54
78 55
74 60
75 24
93 47
71 50
39 36
75 46
46 39
43 40
46 43
31 28
84 3
70 66
14 6
11 8
34 24
27 24
74 57
46 41
75 23
81 19
76 38
74 62
87 49
76 24
62 42
17 3
73 23
74 43
61 41
90 87
87 48
88 34
79 19
67 64
78 23
77 22
83 4
88 9
33 28
62 41
68 65
90 72
26 17
62 44
32 27
79 20
85 50
68 63
83 80
78 22
74 46
75 48
79 55
25 21
94 47
32 15
85 6
76 46
91 48
72 48
78 59
90 47
91 47
52 5
34 27
67 63
78 56
73 48
86 6
86 5
88 7
83 3
12 6
76 41
76 39
29 25
78 74
71 49
89 48
79 56
13 6
72 63
34 28
73 47
73 50
88 48
12 7
27 15
82 2
28 24
75 27
60 57
86 23
13 8
34 8
86 75
80 19
46 24
68 64
72 68
21 18
85 53
19 2
12 5
86 4
46 36
74 47
83 52
74 44
84 55
73 49
72 67
74 48
12 8
46 34
93 49
78 73
27 4
81 56
45 37
41 38
80 17
79 21
15 3
76 40
23 4
55 23
80 4
83 53
77 41
73 55
46 35
30 13
94 67
92 89
88 8
77 57
86 49
84 5
80 56
45 36
93 90
31 27
74 63
84 51
16 4
90 48
75 36
15 4
21 17
88 35
62 43
70 67
91 44
27 6
76 36
72 47
87 7
82 54
71 68
77 74
81 55
26 15
78 60
87 6
26 4
73 57
94 72
89 35
86 7
46 37
88 75
80 84
52 84
51 85
22 79
53 82
24 39
6 88
4 17
40 77
22 25
54 80
42 61
48 86
5 83
65 69
44 94
50 84
26 30
4 14
44 47
23 79
25 28
57 78
41 74
67 71
54 81
38 43
42 60
8 32
7 11
7 85
34 89
21 26
7 51
2 81
34 75
55 80
26 29
6 34
66 69
5 13
22 75
23 27
23 26
13 27
50 72
24 36
47 75
18 26
57 63
41 59
50 86
17 23
90 94
2 83
50 55
73 86
23 80
53 84
49 90
91 94
51 86
60 77
2 16
37 43
59 77
5 85
3 14
2 84
9 89
8 89
50 53
51 87
2 17
35 45
2 80
27 30
22 26
35 91
28 32
49 72
75 78
52 85
38 45
22 76
15 30
5 14
3 16
4 84
60 63
13 32
57 68
6 32
45 91
46 91
38 42
41 60
54 84
55 78
60 74
24 75
47 93
50 71
36 39
46 75
39 46
40 43
43 46
28 31
3 84
66 70
6 14
8 11
24 34
24 27
57 74
41 46
23 75
19 81
38 76
62 74
49 87
24 76
42 62
3 17
23 73
43 74
41 61
87 90
48 87
34 88
19 79
64 67
23 78
22 77
4 83
9 88
28 33
41 62
65 68
72 90
17 26
44 62
27 32
20 79
50 85
63 68
80 83
22 78
46 74
48 75
55 79
21 25
47 94
15 32
6 85
46 76
48 91
48 72
59 78
47 90
47 91
5 52
27 34
63 67
56 78
48 73
6 86
5 86
7 88
3 83
6 12
41 76
39 76
25 29
74 78
49 71
48 89
56 79
6 13
63 72
28 34
47 73
50 73
48 88
7 12
15 27
2 82
24 28
27 75
57 60
23 86
8 13
8 34
75 86
19 80
24 46
64 68
68 72
18 21
53 85
2 19
5 12
4 86
36 46
47 74
52 83
44 74
55 84
49 73
67 72
48 74
8 12
34 46
49 93
73 78
4 27
56 81
37 45
38 41
17 80
21 79
3 15
40 76
4 23
23 55
4 80
53 83
41 77
55 73
35 46
13 30
67 94
89 92
8 88
57 77
49 86
5 84
56 80
36 45
90 93
27 31
63 74
51 84
4 16
48 90
36 75
4 15
17 21
35 88
43 62
67 70
44 91
6 27
36 76
47 72
7 87
54 82
68 71
74 77
55 81
15 26
60 78
6 87
4 26
57 73
72 94
35 89
7 86
37 46
75 88
