14 3
28 25
69 66
14 5
29 26
67 64
14 4
68 65
28 24
27 24
16 3
39 28
75 48
29 25
69 65
72 49
30 26
36 24
70 67
81 54
79 56
29 21
30 27
12 5
74 47
21 18
25 22
72 47
73 48
87 51
85 52
34 27
15 6
87 49
73 50
68 64
81 56
26 17
26 23
85 51
40 37
27 6
13 5
67 63
70 66
68 63
15 3
15 4
72 48
75 34
36 28
93 90
39 36
46 43
73 47
85 5
31 27
32 27
45 42
23 4
25 21
26 22
45 37
39 25
30 15
80 17
73 49
83 3
26 21
27 23
62 59
43 38
60 57
74 48
12 7
85 7
31 28
41 38
90 87
68 60
78 55
71 49
86 48
73 23
78 57
82 54
15 5
79 55
79 58
87 84
14 6
78 56
40 36
42 37
47 44
63 60
80 56
