29 21
75 48
36 24
39 28
26 17
16 3
85 52
72 49
87 51
14 5
34 27
21 18
81 54
36 28
14 3
27 6
73 50
69 65
72 47
15 6
81 56
87 49
25 22
23 4
85 5
39 36
80 17
67 64
26 21
75 34
73 23
39 25
74 47
68 63
30 15
32 27
28 24
12 5
85 51
83 3
11 8
86 48
40 37
79 56
75 23
25 21
45 37
68 60
21 29
48 75
24 36
28 39
17 26
3 16
52 85
49 72
51 87
5 14
27 34
18 21
54 81
28 36
3 14
6 27
50 73
65 69
47 72
6 15
56 81
49 87
22 25
4 23
5 85
36 39
17 80
64 67
21 26
34 75
23 73
25 39
47 74
63 68
15 30
27 32
24 28
5 12
51 85
3 83
8 11
48 86
37 40
56 79
23 75
21 25
37 45
60 68
