14 3
28 25
69 66
14 5
29 26
67 64
14 4
68 65
28 24
27 24
16 3
39 28
75 48
29 25
69 65
72 49
30 26
36 24
70 67
81 54
79 56
29 21
30 27
12 5
74 47
21 18
25 22
72 47
73 48
87 51
85 52
34 27
15 6
87 49
73 50
68 64
81 56
26 17
26 23
85 51
40 37
27 6
13 5
67 63
70 66
68 63
15 3
15 4
72 48
75 34
36 28
93 90
39 36
46 43
73 47
85 5
31 27
32 27
45 42
23 4
25 21
26 22
45 37
39 25
30 15
80 17
73 49
83 3
26 21
27 23
62 59
43 38
60 57
74 48
12 7
85 7
31 28
41 38
90 87
68 60
78 55
71 49
86 48
73 23
78 57
82 54
15 5
79 55
79 58
87 84
14 6
78 56
40 36
42 37
47 44
63 60
80 56
16 4
45 40
84 4
64 61
78 58
41 37
80 55
87 9
26 15
79 22
13 6
33 27
11 8
92 89
9 6
85 50
13 10
93 89
32 28
81 55
42 36
61 40
84 50
16 2
42 38
12 9
82 2
46 38
45 41
32 13
10 7
86 51
83 2
61 42
71 67
34 28
87 7
21 17
83 80
83 52
84 52
75 23
11 7
80 54
94 91
32 29
86 49
91 88
