29 21
75 48
36 24
39 28
26 17
16 3
85 52
72 49
87 51
14 5
34 27
21 18
81 54
36 28
14 3
27 6
73 50
69 65
72 47
15 6
81 56
87 49
25 22
23 4
85 5
39 36
80 17
67 64
26 21
75 34
73 23
39 25
74 47
68 63
30 15
32 27
28 24
12 5
85 51
83 3
11 8
86 48
40 37
79 56
75 23
25 21
45 37
68 60
62 59
26 15
78 55
90 87
67 47
79 22
79 58
46 43
87 84
32 13
87 9
73 48
55 50
42 37
93 90
30 26
84 55
61 42
13 10
45 42
26 18
77 45
82 54
12 7
45 40
9 6
71 55
68 65
43 38
78 57
85 7
60 57
84 50
42 36
62 40
47 44
82 2
67 63
79 20
84 78
62 44
12 9
23 17
85 12
87 7
46 38
78 23
44 34
70 66
53 41
26 6
61 40
71 49
75 27
62 47
73 55
82 78
45 35
77 42
47 40
76 38
69 49
73 57
28 25
78 48
84 4
74 62
40 36
78 58
59 56
20 17
77 59
77 73
83 80
77 37
10 7
78 50
29 25
76 46
67 44
76 43
80 73
78 53
74 63
82 53
37 27
51 7
42 35
36 32
26 22
12 8
68 57
84 52
81 19
71 63
88 84
77 74
21 29
48 75
24 36
28 39
17 26
3 16
52 85
49 72
51 87
5 14
27 34
18 21
54 81
28 36
3 14
6 27
50 73
65 69
47 72
6 15
56 81
49 87
22 25
4 23
5 85
36 39
17 80
64 67
21 26
34 75
23 73
25 39
47 74
63 68
15 30
27 32
24 28
5 12
51 85
3 83
8 11
48 86
37 40
56 79
23 75
21 25
37 45
60 68
59 62
15 26
55 78
87 90
47 67
22 79
58 79
43 46
84 87
13 32
9 87
48 73
50 55
37 42
90 93
26 30
55 84
42 61
10 13
42 45
18 26
45 77
54 82
7 12
40 45
6 9
55 71
65 68
38 43
57 78
7 85
57 60
50 84
36 42
40 62
44 47
2 82
63 67
20 79
78 84
44 62
9 12
17 23
12 85
7 87
38 46
23 78
34 44
66 70
41 53
6 26
40 61
49 71
27 75
47 62
55 73
78 82
35 45
42 77
40 47
38 76
49 69
57 73
25 28
48 78
4 84
62 74
36 40
58 78
56 59
17 20
59 77
73 77
80 83
37 77
7 10
50 78
25 29
46 76
44 67
43 76
73 80
53 78
63 74
53 82
27 37
7 51
35 42
32 36
22 26
8 12
57 68
52 84
19 81
63 71
84 88
74 77
