14 3
28 25
69 66
14 5
29 26
67 64
14 4
68 65
28 24
27 24
16 3
39 28
75 48
29 25
69 65
72 49
30 26
36 24
70 67
81 54
79 56
29 21
30 27
12 5
74 47
21 18
25 22
72 47
73 48
87 51
85 52
34 27
15 6
87 49
73 50
68 64
81 56
26 17
26 23
85 51
40 37
27 6
13 5
67 63
70 66
68 63
15 3
15 4
3 14
25 28
66 69
5 14
26 29
64 67
4 14
65 68
24 28
24 27
3 16
28 39
48 75
25 29
65 69
49 72
26 30
24 36
67 70
54 81
56 79
21 29
27 30
5 12
47 74
18 21
22 25
47 72
48 73
51 87
52 85
27 34
6 15
49 87
50 73
64 68
56 81
17 26
23 26
51 85
37 40
6 27
5 13
63 67
66 70
63 68
3 15
4 15
