51 47
53 49
30 23
52 48
51 48
43 19
49 46
53 50
52 49
33 16
50 47
37 13
30 21
43 39
31 18
45 19
49 45
39 34
50 46
43 40
30 26
21 8
35 10
41 6
44 6
53 3
39 36
35 12
29 22
35 13
41 38
38 12
31 20
33 17
29 26
47 20
26 23
35 16
30 20
35 15
33 18
39 9
29 21
31 19
35 14
29 23
44 19
44 3
28 25
36 13
28 23
31 21
34 16
39 11
41 3
36 11
47 51
49 53
23 30
48 52
48 51
19 43
46 49
50 53
49 52
16 33
47 50
13 37
21 30
39 43
18 31
19 45
45 49
34 39
46 50
40 43
26 30
8 21
10 35
6 41
6 44
3 53
36 39
12 35
22 29
13 35
38 41
12 38
20 31
17 33
26 29
20 47
23 26
16 35
20 30
15 35
18 33
9 39
21 29
19 31
14 35
23 29
19 44
3 44
25 28
13 36
23 28
21 31
16 34
11 39
3 41
11 36
