52 48
26 23
34 19
23 7
21 4
35 10
32 10
51 29
45 19
42 21
36 13
33 17
36 11
32 20
35 16
43 19
47 44
50 47
30 20
42 7
22 4
50 46
24 5
43 40
13 10
47 30
31 19
43 20
30 21
49 45
46 19
34 15
50 20
44 20
30 22
27 22
53 50
36 16
47 20
49 46
50 22
50 45
36 14
39 9
34 10
40 8
23 5
28 24
38 12
44 21
30 23
28 22
40 9
37 11
36 17
42 6
52 49
51 47
31 18
31 20
46 20
36 10
21 8
35 13
42 22
29 23
29 20
34 16
51 48
50 29
47 29
41 3
43 21
24 4
49 44
35 15
35 17
34 11
50 43
36 15
33 16
43 8
32 19
32 21
35 12
37 13
42 3
31 21
34 17
33 10
37 12
21 7
50 44
33 19
32 8
42 8
22 5
32 18
39 10
29 22
39 8
34 18
42 4
35 11
42 20
38 11
42 5
38 13
27 23
53 49
51 28
41 4
39 12
29 21
37 34
45 18
35 14
34 9
28 23
50 21
39 11
33 18
23 4
27 24
44 41
5 2
50 42
40 6
51 22
6 3
44 19
39 34
45 20
48 52
23 26
19 34
7 23
4 21
10 35
10 32
29 51
19 45
21 42
13 36
17 33
11 36
20 32
16 35
19 43
44 47
47 50
20 30
7 42
4 22
46 50
5 24
40 43
10 13
30 47
19 31
20 43
21 30
45 49
19 46
15 34
20 50
20 44
22 30
22 27
50 53
16 36
20 47
46 49
22 50
45 50
14 36
9 39
10 34
8 40
5 23
24 28
12 38
21 44
23 30
22 28
9 40
11 37
17 36
6 42
49 52
47 51
18 31
20 31
20 46
10 36
8 21
13 35
22 42
23 29
20 29
16 34
48 51
29 50
29 47
3 41
21 43
4 24
44 49
15 35
17 35
11 34
43 50
15 36
16 33
8 43
19 32
21 32
12 35
13 37
3 42
21 31
17 34
10 33
12 37
7 21
44 50
19 33
8 32
8 42
5 22
18 32
10 39
22 29
8 39
18 34
4 42
11 35
20 42
11 38
5 42
13 38
23 27
49 53
28 51
4 41
12 39
21 29
34 37
18 45
14 35
9 34
23 28
21 50
11 39
18 33
4 23
24 27
41 44
2 5
42 50
6 40
22 51
3 6
19 44
34 39
20 45
