37 13
43 19
30 23
51 47
33 16
30 26
45 19
21 8
44 6
35 12
38 12
47 20
53 3
49 46
35 10
41 6
39 34
30 21
49 45
43 39
43 40
39 36
41 3
43 11
31 18
35 16
44 3
39 9
33 17
53 49
52 48
39 11
22 14
33 18
40 32
53 5
35 13
18 15
47 5
36 11
28 25
24 5
48 27
27 22
36 15
27 2
51 48
30 27
24 2
5 2
31 20
39 32
52 25
41 2
42 34
35 15
36 17
27 24
21 11
27 5
40 9
43 34
51 27
41 38
33 15
14 9
30 20
16 8
31 21
14 10
31 25
33 14
53 25
12 9
52 49
41 24
38 9
29 4
25 7
32 11
33 10
45 17
50 44
35 32
13 37
19 43
23 30
47 51
16 33
26 30
19 45
8 21
6 44
12 35
12 38
20 47
3 53
46 49
10 35
6 41
34 39
21 30
45 49
39 43
40 43
36 39
3 41
11 43
18 31
16 35
3 44
9 39
17 33
49 53
48 52
11 39
14 22
18 33
32 40
5 53
13 35
15 18
5 47
11 36
25 28
5 24
27 48
22 27
15 36
2 27
48 51
27 30
2 24
2 5
20 31
32 39
25 52
2 41
34 42
15 35
17 36
24 27
11 21
5 27
9 40
34 43
27 51
38 41
15 33
9 14
20 30
8 16
21 31
10 14
25 31
14 33
25 53
9 12
49 52
24 41
9 38
4 29
7 25
11 32
10 33
17 45
44 50
32 35
