51 47
53 49
51 48
52 48
53 50
52 49
50 47
30 23
49 46
33 16
30 21
50 46
43 40
37 13
41 38
29 23
49 45
28 25
31 18
39 36
43 19
31 21
30 26
33 17
43 39
31 20
29 26
30 20
35 13
45 19
35 10
29 22
35 12
30 27
38 12
31 19
44 19
30 22
36 11
35 16
35 15
27 24
29 21
39 11
26 23
35 11
36 12
34 16
7 4
8 5
39 34
28 24
35 14
28 22
36 13
29 20
53 3
28 23
32 18
45 20
33 18
21 8
34 12
27 23
40 37
38 13
33 15
39 12
41 6
38 11
29 25
48 45
36 10
6 3
44 41
37 12
9 6
53 5
35 17
36 14
32 20
18 15
27 22
37 14
47 51
49 53
48 51
48 52
50 53
49 52
47 50
23 30
46 49
16 33
21 30
46 50
40 43
13 37
38 41
23 29
45 49
25 28
18 31
36 39
19 43
21 31
26 30
17 33
39 43
20 31
26 29
20 30
13 35
19 45
10 35
22 29
12 35
27 30
12 38
19 31
19 44
22 30
11 36
16 35
15 35
24 27
21 29
11 39
23 26
11 35
12 36
16 34
4 7
5 8
34 39
24 28
14 35
22 28
13 36
20 29
3 53
23 28
18 32
20 45
18 33
8 21
12 34
23 27
37 40
13 38
15 33
12 39
6 41
11 38
25 29
45 48
10 36
3 6
41 44
12 37
6 9
5 53
17 35
14 36
20 32
15 18
22 27
14 37
