82 78
30 24
32 5
74 66
67 3
25 21
81 19
67 19
81 67
78 15
78 22
53 2
32 20
66 56
78 18
78 19
53 49
82 18
23 3
36 7
66 54
33 2
74 56
20 5
84 75
82 22
34 7
37 7
77 63
47 6
26 22
52 48
50 35
63 15
64 6
12 7
35 6
37 34
62 51
74 68
76 66
34 20
81 23
81 22
68 54
72 4
32 9
31 2
11 8
41 38
24 21
12 6
64 15
49 41
66 63
78 67
64 35
62 48
48 44
79 18
18 15
54 50
81 78
16 6
16 5
80 15
84 81
76 68
82 19
74 64
83 80
52 49
51 48
63 6
24 20
51 47
29 24
64 47
34 5
38 33
74 50
62 47
49 33
69 2
47 7
21 17
81 10
13 6
75 69
43 35
34 8
80 77
79 63
77 23
19 3
80 56
18 14
41 35
28 23
79 56
30 3
71 2
49 4
17 12
35 7
63 54
33 4
72 53
82 12
64 56
76 63
30 20
53 50
36 5
72 2
56 50
79 19
75 63
21 18
52 40
61 58
64 50
67 23
79 51
27 17
36 6
61 57
76 19
45 42
51 40
