84 80
35 4
23 3
78 18
25 21
78 22
51 48
42 36
16 3
62 56
23 20
11 8
47 42
77 66
73 68
65 4
55 51
74 53
13 5
11 6
36 6
78 15
50 46
25 22
10 7
78 67
33 4
75 68
48 44
84 69
33 3
34 10
80 67
56 51
52 48
34 5
41 37
74 66
13 8
74 54
46 35
66 62
22 19
76 66
65 3
43 36
72 68
67 2
46 43
66 54
37 34
76 67
74 69
55 52
30 20
65 16
54 50
50 35
59 56
20 3
17 8
81 67
83 80
63 15
66 3
35 5
47 44
20 17
49 46
81 23
12 6
18 15
84 81
75 69
64 5
21 18
46 4
81 65
48 45
77 63
32 20
57 51
33 5
67 4
24 20
65 13
75 67
41 36
13 7
12 8
64 4
81 76
17 14
43 34
82 79
81 78
36 10
40 36
77 15
39 36
78 65
33 2
27 24
81 77
52 49
43 35
72 53
74 67
67 19
59 51
31 2
53 49
30 2
80 77
64 16
68 3
65 19
16 5
19 16
78 16
66 4
59 47
35 6
47 35
39 11
31 3
17 13
37 10
23 19
34 7
79 76
14 8
26 23
53 50
26 22
65 15
80 75
41 38
77 67
47 43
68 53
72 69
68 2
80 76
34 6
11 7
36 5
82 78
30 3
43 37
21 17
67 3
18 14
84 75
36 11
81 75
64 13
39 10
81 19
32 3
51 47
46 34
38 10
50 47
82 22
16 8
22 18
76 65
10 6
78 19
29 23
16 6
42 35
16 13
66 5
62 54
72 2
19 3
83 79
32 5
66 50
28 24
73 69
28 23
74 68
50 4
20 16
36 7
77 65
54 51
19 15
49 45
30 23
81 22
64 35
64 15
40 11
65 5
62 59
77 19
24 21
13 6
46 33
64 6
