82 78
30 24
32 5
74 66
67 3
25 21
81 19
67 19
81 67
78 15
78 22
53 2
32 20
66 56
78 18
78 19
53 49
82 18
23 3
36 7
66 54
33 2
74 56
20 5
84 75
82 22
34 7
37 7
77 63
47 6
26 22
52 48
50 35
63 15
64 6
12 7
35 6
37 34
62 51
74 68
76 66
34 20
81 23
81 22
68 54
72 4
32 9
31 2
11 8
41 38
24 21
12 6
64 15
49 41
66 63
78 67
64 35
62 48
48 44
79 18
18 15
54 50
81 78
16 6
16 5
80 15
84 81
76 68
82 19
74 64
83 80
52 49
51 48
63 6
24 20
51 47
29 24
64 47
34 5
38 33
74 50
62 47
49 33
69 2
47 7
21 17
81 10
78 82
24 30
5 32
66 74
3 67
21 25
19 81
19 67
67 81
15 78
22 78
2 53
20 32
56 66
18 78
19 78
49 53
18 82
3 23
7 36
54 66
2 33
56 74
5 20
75 84
22 82
7 34
7 37
63 77
6 47
22 26
48 52
35 50
15 63
6 64
7 12
6 35
34 37
51 62
68 74
66 76
20 34
23 81
22 81
54 68
4 72
9 32
2 31
8 11
38 41
21 24
6 12
15 64
41 49
63 66
67 78
35 64
48 62
44 48
18 79
15 18
50 54
78 81
6 16
5 16
15 80
81 84
68 76
19 82
64 74
80 83
49 52
48 51
6 63
20 24
47 51
24 29
47 64
5 34
33 38
50 74
47 62
33 49
2 69
7 47
17 21
10 81
