52 49
51 48
52 48
53 49
53 50
25 21
24 21
25 22
81 78
26 22
83 80
50 47
32 5
82 78
51 47
54 51
26 23
74 66
78 15
54 50
67 19
82 79
66 54
78 18
67 3
84 81
78 19
23 20
30 24
35 6
36 7
66 56
81 19
24 20
82 18
78 22
27 23
34 7
81 67
80 77
50 46
33 2
41 38
49 52
48 51
48 52
49 53
50 53
21 25
21 24
22 25
78 81
22 26
80 83
47 50
5 32
78 82
47 51
51 54
23 26
66 74
15 78
50 54
19 67
79 82
54 66
18 78
3 67
81 84
19 78
20 23
24 30
6 35
7 36
56 66
19 81
20 24
18 82
22 78
23 27
7 34
67 81
77 80
46 50
2 33
38 41
