52 49
51 48
52 48
53 49
53 50
25 21
24 21
25 22
81 78
26 22
83 80
50 47
32 5
82 78
51 47
54 51
26 23
74 66
78 15
54 50
67 19
82 79
66 54
78 18
67 3
84 81
78 19
23 20
30 24
35 6
36 7
66 56
81 19
24 20
82 18
78 22
27 23
34 7
81 67
80 77
50 46
33 2
41 38
33 4
23 19
49 46
34 5
74 56
82 22
74 68
37 7
32 20
31 2
37 34
77 63
53 2
12 7
81 77
63 15
22 19
81 22
83 79
18 15
84 75
81 23
84 80
82 19
20 5
27 24
28 24
48 45
76 66
35 7
34 6
62 51
64 15
64 6
46 43
50 35
32 3
33 5
68 54
13 6
33 3
69 2
79 18
12 6
