10 6
31 9
32 5
28 4
92 13
51 45
29 2
67 64
53 49
95 79
67 62
72 23
55 51
31 3
36 4
71 38
62 34
61 34
53 50
84 39
73 26
65 30
95 17
93 17
80 45
83 39
75 49
36 5
29 4
32 8
87 83
52 42
68 29
62 37
73 24
87 84
73 22
94 16
70 25
78 44
83 11
14 3
9 6
71 54
81 39
10 5
94 18
13 5
32 7
96 77
56 38
69 28
24 20
83 37
78 45
95 20
81 40
85 35
63 35
80 40
68 62
91 82
34 4
56 39
54 51
90 11
11 5
61 36
83 13
86 11
79 41
93 13
16 2
85 61
93 16
68 27
95 19
61 35
63 30
9 5
96 78
83 4
62 4
26 2
76 46
90 86
83 36
75 46
84 37
32 6
50 42
60 56
13 4
86 83
30 4
62 35
73 20
65 31
29 3
51 42
16 12
31 5
79 40
14 5
69 27
54 50
91 83
82 41
55 52
14 6
90 82
82 39
23 20
86 82
91 36
95 18
79 46
91 5
51 39
66 29
93 81
44 40
93 82
36 30
90 12
64 34
95 81
92 82
75 22
96 79
55 38
55 40
55 39
96 19
76 22
63 34
73 54
16 13
77 46
33 11
32 9
89 86
70 26
68 30
45 41
79 49
80 44
92 87
72 24
62 36
75 48
26 20
91 12
14 2
95 78
33 9
73 23
96 20
90 87
18 2
71 28
70 28
49 46
33 5
82 38
86 36
72 25
33 6
72 26
85 36
66 31
87 82
91 13
31 4
13 3
36 33
6 3
94 80
93 80
51 40
71 25
92 80
38 28
79 45
83 38
69 37
81 55
28 2
70 27
67 30
69 38
92 81
78 46
92 83
61 37
12 6
24 21
85 37
65 32
44 41
69 62
31 14
74 23
13 2
67 63
79 73
95 26
81 38
95 73
54 40
91 86
58 39
18 15
94 79
12 5
38 4
84 58
94 81
34 5
79 44
31 7
94 17
94 78
65 34
66 30
56 37
81 41
91 11
45 40
91 87
64 30
49 45
71 26
51 41
68 28
27 2
15 2
69 56
54 49
34 30
96 18
80 41
89 11
31 6
45 42
91 88
67 29
62 30
60 57
34 31
66 62
74 22
60 37
