93 81
96 17
70 27
26 20
95 73
72 25
65 30
83 36
73 26
86 83
94 80
71 28
73 20
82 41
86 36
77 23
89 11
81 28
96 19
90 87
38 28
80 41
87 82
24 21
16 12
94 17
67 63
85 37
69 54
73 25
91 85
68 27
95 18
69 28
94 78
78 19
67 30
93 13
92 17
92 87
70 25
80 14
49 45
85 34
34 11
81 26
79 76
34 30
96 78
81 93
17 96
27 70
20 26
73 95
25 72
30 65
36 83
26 73
83 86
80 94
28 71
20 73
41 82
36 86
23 77
11 89
28 81
19 96
87 90
28 38
41 80
82 87
21 24
12 16
17 94
63 67
37 85
54 69
25 73
85 91
27 68
18 95
28 69
78 94
19 78
30 67
13 93
17 92
87 92
25 70
14 80
45 49
34 85
11 34
26 81
76 79
30 34
78 96
