93 81
96 17
70 27
26 20
95 73
72 25
65 30
83 36
73 26
86 83
94 80
71 28
73 20
82 41
86 36
77 23
89 11
81 28
96 19
90 87
38 28
80 41
87 82
24 21
16 12
94 17
67 63
85 37
69 54
73 25
91 85
68 27
95 18
69 28
94 78
78 19
67 30
93 13
92 17
92 87
70 25
80 14
49 45
85 34
34 11
81 26
79 76
34 30
96 78
31 5
79 41
86 13
25 20
63 33
68 29
29 21
96 70
87 84
24 18
76 22
85 28
63 41
80 43
84 13
21 12
82 39
84 39
15 4
95 20
79 62
44 41
7 4
84 37
40 37
65 29
69 38
78 17
36 32
90 34
58 39
12 7
80 29
88 37
27 3
31 14
35 12
76 62
91 83
17 14
88 12
71 32
85 38
76 23
88 11
95 31
80 76
94 75
92 12
69 61
81 93
17 96
27 70
20 26
73 95
25 72
30 65
36 83
26 73
83 86
80 94
28 71
20 73
41 82
36 86
23 77
11 89
28 81
19 96
87 90
28 38
41 80
82 87
21 24
12 16
17 94
63 67
37 85
54 69
25 73
85 91
27 68
18 95
28 69
78 94
19 78
30 67
13 93
17 92
87 92
25 70
14 80
45 49
34 85
11 34
26 81
76 79
30 34
78 96
5 31
41 79
13 86
20 25
33 63
29 68
21 29
70 96
84 87
18 24
22 76
28 85
41 63
43 80
13 84
12 21
39 82
39 84
4 15
20 95
62 79
41 44
4 7
37 84
37 40
29 65
38 69
17 78
32 36
34 90
39 58
7 12
29 80
37 88
3 27
14 31
12 35
62 76
83 91
14 17
12 88
32 71
38 85
23 76
11 88
31 95
76 80
75 94
12 92
61 69
