70 27
71 28
93 81
72 25
96 17
96 19
86 83
69 27
26 20
82 41
95 18
83 36
89 11
73 26
69 28
95 73
65 30
70 25
68 27
87 82
88 85
71 27
96 18
85 37
70 26
73 25
49 46
86 36
94 80
73 20
50 47
87 84
72 26
94 17
90 87
94 18
77 23
84 37
96 78
88 11
68 29
68 28
70 28
80 41
94 78
91 83
49 45
96 20
51 48
27 70
28 71
81 93
25 72
17 96
19 96
83 86
27 69
20 26
41 82
18 95
36 83
11 89
26 73
28 69
73 95
30 65
25 70
27 68
82 87
85 88
27 71
18 96
37 85
26 70
25 73
46 49
36 86
80 94
20 73
47 50
84 87
26 72
17 94
87 90
18 94
23 77
37 84
78 96
11 88
29 68
28 68
28 70
41 80
78 94
83 91
45 49
20 96
48 51
