70 27
71 28
93 81
72 25
96 17
96 19
86 83
69 27
26 20
82 41
95 18
83 36
89 11
73 26
69 28
95 73
65 30
70 25
68 27
87 82
88 85
71 27
96 18
85 37
70 26
73 25
49 46
86 36
94 80
73 20
50 47
87 84
72 26
94 17
90 87
94 18
77 23
84 37
96 78
88 11
68 29
68 28
70 28
80 41
94 78
91 83
49 45
96 20
51 48
25 20
67 63
82 39
95 19
67 30
24 21
81 38
92 17
95 17
71 25
34 30
71 26
34 31
34 11
85 38
76 22
35 32
83 37
51 47
86 37
67 64
87 83
48 45
93 80
82 38
45 42
84 39
95 78
95 20
76 23
85 34
91 85
38 28
52 49
10 7
86 82
50 46
47 44
66 30
81 28
86 13
69 54
93 18
93 13
79 41
68 30
81 39
9 6
94 79
79 76
