70 27
71 28
93 81
72 25
96 17
96 19
86 83
69 27
26 20
82 41
95 18
83 36
89 11
73 26
69 28
95 73
65 30
70 25
68 27
87 82
88 85
71 27
96 18
85 37
70 26
73 25
49 46
86 36
94 80
73 20
50 47
87 84
72 26
94 17
90 87
94 18
77 23
84 37
96 78
88 11
68 29
68 28
70 28
80 41
94 78
91 83
49 45
96 20
51 48
25 20
67 63
82 39
95 19
67 30
24 21
81 38
92 17
95 17
71 25
34 30
71 26
34 31
34 11
85 38
76 22
35 32
83 37
51 47
86 37
67 64
87 83
48 45
93 80
82 38
45 42
84 39
95 78
95 20
76 23
85 34
91 85
38 28
52 49
10 7
86 82
50 46
47 44
66 30
81 28
86 13
69 54
93 18
93 13
79 41
68 30
81 39
9 6
94 79
79 76
69 29
74 21
80 77
63 33
96 77
84 40
24 20
55 52
75 21
32 29
93 17
75 22
65 31
7 4
77 74
16 12
76 19
17 14
56 53
68 65
35 12
33 30
44 41
37 34
36 32
40 37
48 44
91 87
92 87
15 4
53 50
8 4
81 26
78 19
7 3
89 86
82 37
87 37
31 5
80 43
54 51
14 5
90 86
67 29
84 38
92 16
88 84
53 49
82 40
27 70
28 71
81 93
25 72
17 96
19 96
83 86
27 69
20 26
41 82
18 95
36 83
11 89
26 73
28 69
73 95
30 65
25 70
27 68
82 87
85 88
27 71
18 96
37 85
26 70
25 73
46 49
36 86
80 94
20 73
47 50
84 87
26 72
17 94
87 90
18 94
23 77
37 84
78 96
11 88
29 68
28 68
28 70
41 80
78 94
83 91
45 49
20 96
48 51
20 25
63 67
39 82
19 95
30 67
21 24
38 81
17 92
17 95
25 71
30 34
26 71
31 34
11 34
38 85
22 76
32 35
37 83
47 51
37 86
64 67
83 87
45 48
80 93
38 82
42 45
39 84
78 95
20 95
23 76
34 85
85 91
28 38
49 52
7 10
82 86
46 50
44 47
30 66
28 81
13 86
54 69
18 93
13 93
41 79
30 68
39 81
6 9
79 94
76 79
29 69
21 74
77 80
33 63
77 96
40 84
20 24
52 55
21 75
29 32
17 93
22 75
31 65
4 7
74 77
12 16
19 76
14 17
53 56
65 68
12 35
30 33
41 44
34 37
32 36
37 40
44 48
87 91
87 92
4 15
50 53
4 8
26 81
19 78
3 7
86 89
37 82
37 87
5 31
43 80
51 54
5 14
86 90
29 67
38 84
16 92
84 88
49 53
40 82
