185 174
73 50
150 121
110 51
165 161
188 128
107 3
34 31
18 11
145 21
116 53
184 134
148 11
108 3
168 165
119 115
76 55
117 7
31 28
110 5
25 20
107 5
90 85
126 123
71 68
126 6
110 6
114 18
88 73
89 86
61 57
181 134
109 52
139 13
135 13
189 129
72 51
189 157
183 175
139 136
115 112
120 117
121 7
104 47
136 12
66 58
126 4
181 136
187 128
88 85
148 18
145 17
156 152
94 76
104 48
132 11
105 48
170 164
48 40
189 127
107 49
23 20
111 7
71 40
90 73
95 92
187 158
91 74
145 19
186 160
125 3
133 12
73 67
185 132
24 18
98 92
33 30
184 174
147 18
106 44
72 49
166 163
63 59
110 52
142 25
77 54
147 16
188 130
146 114
109 5
167 163
182 176
68 65
148 118
90 75
32 29
144 20
146 17
182 178
87 84
144 21
130 9
91 76
143 140
95 76
126 121
24 20
163 160
128 6
107 50
106 43
41 38
92 81
180 136
186 133
122 119
90 74
135 14
142 138
131 9
98 94
130 8
106 42
49 41
105 50
187 129
37 33
88 71
134 10
128 5
49 40
145 20
185 172
132 9
58 54
91 81
94 78
65 61
102 99
93 81
71 49
89 84
39 36
181 135
101 97
108 4
129 6
186 131
130 7
109 49
113 54
182 135
181 137
60 56
186 157
83 80
108 6
93 78
118 115
92 74
134 13
170 34
165 162
71 39
76 53
40 37
144 18
91 83
113 56
155 152
36 33
59 56
92 77
164 160
91 84
112 57
108 51
94 77
183 174
73 52
93 76
187 160
92 76
35 31
90 84
106 48
176 173
139 12
98 82
76 54
188 158
168 164
141 138
127 6
36 32
18 10
72 48
126 5
104 46
101 84
108 52
167 38
98 95
110 53
116 112
35 8
35 32
17 12
48 41
147 144
116 54
70 40
91 77
180 177
169 164
24 19
75 58
187 131
136 13
105 49
112 54
188 129
45 42
127 124
99 95
89 85
130 6
41 37
61 58
93 79
185 133
129 7
88 72
162 158
93 80
73 51
182 134
60 57
135 12
107 4
92 75
170 38
108 5
57 53
111 8
128 7
123 120
49 42
39 35
33 29
90 72
91 80
180 137
109 51
155 151
113 53
148 117
119 116
170 37
144 19
147 17
110 8
142 139
124 121
166 162
154 151
97 94
98 90
80 76
38 34
96 2
107 42
75 55
71 50
186 130
73 68
16 13
167 164
111 51
105 102
97 93
92 83
183 132
161 158
47 42
89 74
75 52
74 53
148 16
131 11
109 7
146 19
95 52
58 53
51 39
163 158
112 52
131 7
144 25
117 113
121 118
108 49
60 22
25 19
183 177
188 156
188 157
127 5
186 163
98 91
184 132
100 96
89 75
170 167
17 11
131 8
66 61
129 126
186 158
111 53
146 20
66 62
112 8
133 11
125 2
71 51
109 6
134 11
108 105
184 176
90 83
16 12
91 85
121 117
117 110
117 112
189 155
74 50
125 5
149 118
187 163
183 135
92 80
98 74
107 48
99 96
184 173
188 155
22 19
93 77
126 120
186 132
71 48
112 53
113 57
47 44
110 7
15 12
89 73
75 53
183 176
108 50
102 98
37 34
72 50
111 9
32 28
105 47
48 42
164 161
109 50
59 55
189 158
189 128
57 54
182 175
97 92
49 39
91 82
189 156
17 13
187 159
187 157
131 10
25 18
147 114
76 52
134 12
147 15
123 119
185 130
163 159
106 50
18 12
132 10
172 164
112 9
144 17
118 114
146 18
90 82
91 75
117 114
60 23
93 82
147 19
109 8
122 118
187 130
116 113
143 25
126 7
120 116
74 52
101 98
106 47
185 131
40 36
92 82
111 52
129 8
188 131
187 162
88 67
126 122
181 177
183 133
98 93
75 54
127 4
92 78
178 28
34 30
148 15
139 135
38 35
73 53
23 19
89 67
182 136
90 86
133 10
74 51
106 49
183 134
162 159
89 72
182 177
156 153
184 175
125 4
181 178
87 72
50 39
80 77
77 55
143 20
148 17
97 82
150 118
62 59
115 54
133 13
100 97
66 63
70 48
69 66
27 24
58 55
184 133
109 39
148 114
16 11
65 62
174 185
50 73
121 150
51 110
161 165
128 188
3 107
31 34
11 18
21 145
53 116
134 184
11 148
3 108
165 168
115 119
55 76
7 117
28 31
5 110
20 25
5 107
85 90
123 126
68 71
6 126
6 110
18 114
73 88
86 89
57 61
134 181
52 109
13 139
13 135
129 189
51 72
157 189
175 183
136 139
112 115
117 120
7 121
47 104
12 136
58 66
4 126
136 181
128 187
85 88
18 148
17 145
152 156
76 94
48 104
11 132
48 105
164 170
40 48
127 189
49 107
20 23
7 111
40 71
73 90
92 95
158 187
74 91
19 145
160 186
3 125
12 133
67 73
132 185
18 24
92 98
30 33
174 184
18 147
44 106
49 72
163 166
59 63
52 110
25 142
54 77
16 147
130 188
114 146
5 109
163 167
176 182
65 68
118 148
75 90
29 32
20 144
17 146
178 182
84 87
21 144
9 130
76 91
140 143
76 95
121 126
20 24
160 163
6 128
50 107
43 106
38 41
81 92
136 180
133 186
119 122
74 90
14 135
138 142
9 131
94 98
8 130
42 106
41 49
50 105
129 187
33 37
71 88
10 134
5 128
40 49
20 145
172 185
9 132
54 58
81 91
78 94
61 65
99 102
81 93
49 71
84 89
36 39
135 181
97 101
4 108
6 129
131 186
7 130
49 109
54 113
135 182
137 181
56 60
157 186
80 83
6 108
78 93
115 118
74 92
13 134
34 170
162 165
39 71
53 76
37 40
18 144
83 91
56 113
152 155
33 36
56 59
77 92
160 164
84 91
57 112
51 108
77 94
174 183
52 73
76 93
160 187
76 92
31 35
84 90
48 106
173 176
12 139
82 98
54 76
158 188
164 168
138 141
6 127
32 36
10 18
48 72
5 126
46 104
84 101
52 108
38 167
95 98
53 110
112 116
8 35
32 35
12 17
41 48
144 147
54 116
40 70
77 91
177 180
164 169
19 24
58 75
131 187
13 136
49 105
54 112
129 188
42 45
124 127
95 99
85 89
6 130
37 41
58 61
79 93
133 185
7 129
72 88
158 162
80 93
51 73
134 182
57 60
12 135
4 107
75 92
38 170
5 108
53 57
8 111
7 128
120 123
42 49
35 39
29 33
72 90
80 91
137 180
51 109
151 155
53 113
117 148
116 119
37 170
19 144
17 147
8 110
139 142
121 124
162 166
151 154
94 97
90 98
76 80
34 38
2 96
42 107
55 75
50 71
130 186
68 73
13 16
164 167
51 111
102 105
93 97
83 92
132 183
158 161
42 47
74 89
52 75
53 74
16 148
11 131
7 109
19 146
52 95
53 58
39 51
158 163
52 112
7 131
25 144
113 117
118 121
49 108
22 60
19 25
177 183
156 188
157 188
5 127
163 186
91 98
132 184
96 100
75 89
167 170
11 17
8 131
61 66
126 129
158 186
53 111
20 146
62 66
8 112
11 133
2 125
51 71
6 109
11 134
105 108
176 184
83 90
12 16
85 91
117 121
110 117
112 117
155 189
50 74
5 125
118 149
163 187
135 183
80 92
74 98
48 107
96 99
173 184
155 188
19 22
77 93
120 126
132 186
48 71
53 112
57 113
44 47
7 110
12 15
73 89
53 75
176 183
50 108
98 102
34 37
50 72
9 111
28 32
47 105
42 48
161 164
50 109
55 59
158 189
128 189
54 57
175 182
92 97
39 49
82 91
156 189
13 17
159 187
157 187
10 131
18 25
114 147
52 76
12 134
15 147
119 123
130 185
159 163
50 106
12 18
10 132
164 172
9 112
17 144
114 118
18 146
82 90
75 91
114 117
23 60
82 93
19 147
8 109
118 122
130 187
113 116
25 143
7 126
116 120
52 74
98 101
47 106
131 185
36 40
82 92
52 111
8 129
131 188
162 187
67 88
122 126
177 181
133 183
93 98
54 75
4 127
78 92
28 178
30 34
15 148
135 139
35 38
53 73
19 23
67 89
136 182
86 90
10 133
51 74
49 106
134 183
159 162
72 89
177 182
153 156
175 184
4 125
178 181
72 87
39 50
77 80
55 77
20 143
17 148
82 97
118 150
59 62
54 115
13 133
97 100
63 66
48 70
66 69
24 27
55 58
133 184
39 109
114 148
11 16
62 65
