90 72
144 17
135 14
160 157
59 55
70 40
115 78
120 95
16 11
126 7
130 6
107 6
116 76
186 157
73 51
17 13
186 133
97 94
38 34
183 30
119 115
117 7
187 34
108 52
184 135
72 50
111 73
179 173
187 128
128 4
89 58
118 115
178 173
184 160
109 49
86 82
129 121
97 93
154 151
82 59
71 39
150 129
184 162
124 121
143 20
101 92
179 30
189 128
187 159
105 3
120 110
133 11
130 34
187 130
131 9
82 79
128 107
185 34
183 163
147 17
186 160
61 53
180 173
37 33
142 13
141 14
115 56
111 51
82 77
74 50
182 135
188 157
130 38
32 24
80 77
71 68
149 16
112 57
60 57
144 13
126 5
73 67
93 77
39 35
98 76
182 165
73 61
62 58
73 62
93 80
114 18
102 98
148 9
131 11
120 98
92 74
