38 35
38 34
39 36
37 34
101 98
90 72
118 115
100 97
97 94
39 35
119 115
36 33
37 33
101 97
119 116
59 56
120 95
36 32
60 57
186 157
59 55
70 40
118 114
73 51
102 99
107 6
160 157
144 17
102 98
135 14
35 32
40 36
116 76
120 117
108 52
40 37
115 78
98 95
117 114
72 50
111 73
100 96
120 116
126 7
130 6
99 96
184 160
16 11
97 93
124 121
175 172
61 58
117 7
58 55
184 162
184 135
32 29
57 54
121 118
89 58
179 173
86 82
187 130
109 49
71 39
189 128
33 29
72 51
101 92
187 128
17 13
188 157
128 4
129 121
178 173
154 151
131 9
33 30
99 95
180 173
121 117
186 133
71 68
109 8
35 31
143 20
177 173
32 24
186 160
133 11
60 56
34 31
82 79
103 100
82 59
61 57
86 83
150 129
119 95
177 174
187 159
98 94
183 180
112 57
141 14
62 58
175 171
183 163
176 173
105 3
68 65
120 110
132 10
183 30
130 38
126 5
108 6
34 30
109 51
182 179
57 53
93 77
58 54
142 13
74 52
187 157
61 53
189 156
73 67
29 26
122 119
73 50
182 165
73 61
111 51
141 13
109 6
187 34
122 118
181 173
80 77
183 162
85 82
62 59
130 34
98 76
176 172
84 81
189 158
74 50
16 13
116 110
65 62
108 50
128 107
115 56
73 62
109 50
18 9
31 28
131 11
141 15
114 18
145 19
111 35
189 157
71 40
120 98
132 11
179 30
30 27
105 49
148 9
93 80
73 52
174 171
182 164
149 16
66 63
56 53
87 84
89 86
145 18
92 74
144 13
187 158
147 17
22 19
142 15
184 161
16 12
63 60
