38 35
38 34
39 36
37 34
101 98
90 72
118 115
100 97
97 94
39 35
119 115
36 33
37 33
101 97
119 116
59 56
120 95
36 32
60 57
186 157
59 55
70 40
118 114
73 51
102 99
107 6
160 157
144 17
102 98
135 14
35 32
40 36
116 76
120 117
108 52
40 37
115 78
98 95
117 114
72 50
111 73
100 96
120 116
126 7
130 6
99 96
184 160
16 11
97 93
124 121
175 172
61 58
117 7
58 55
184 162
184 135
32 29
57 54
121 118
89 58
179 173
86 82
187 130
109 49
71 39
189 128
33 29
72 51
101 92
187 128
17 13
188 157
128 4
129 121
178 173
154 151
131 9
33 30
99 95
180 173
121 117
186 133
71 68
109 8
35 31
143 20
177 173
32 24
186 160
133 11
60 56
34 31
82 79
103 100
82 59
61 57
35 38
34 38
36 39
34 37
98 101
72 90
115 118
97 100
94 97
35 39
115 119
33 36
33 37
97 101
116 119
56 59
95 120
32 36
57 60
157 186
55 59
40 70
114 118
51 73
99 102
6 107
157 160
17 144
98 102
14 135
32 35
36 40
76 116
117 120
52 108
37 40
78 115
95 98
114 117
50 72
73 111
96 100
116 120
7 126
6 130
96 99
160 184
11 16
93 97
121 124
172 175
58 61
7 117
55 58
162 184
135 184
29 32
54 57
118 121
58 89
173 179
82 86
130 187
49 109
39 71
128 189
29 33
51 72
92 101
128 187
13 17
157 188
4 128
121 129
173 178
151 154
9 131
30 33
95 99
173 180
117 121
133 186
68 71
8 109
31 35
20 143
173 177
24 32
160 186
11 133
56 60
31 34
79 82
100 103
59 82
57 61
