90 72
144 17
135 14
160 157
59 55
70 40
115 78
120 95
16 11
126 7
130 6
107 6
116 76
186 157
73 51
17 13
186 133
97 94
38 34
183 30
119 115
117 7
187 34
108 52
184 135
72 50
111 73
179 173
187 128
128 4
89 58
118 115
178 173
184 160
109 49
86 82
129 121
97 93
154 151
82 59
71 39
150 129
184 162
124 121
143 20
101 92
179 30
189 128
187 159
105 3
120 110
133 11
130 34
187 130
131 9
82 79
128 107
185 34
183 163
147 17
186 160
61 53
180 173
37 33
142 13
141 14
115 56
111 51
82 77
74 50
182 135
188 157
130 38
32 24
80 77
71 68
149 16
112 57
60 57
144 13
126 5
73 67
93 77
39 35
98 76
182 165
73 61
62 58
73 62
93 80
114 18
102 98
148 9
131 11
120 98
92 74
18 9
116 110
145 19
189 156
109 8
146 114
181 173
119 95
74 52
111 35
98 52
133 16
144 25
101 98
68 39
40 36
125 96
182 179
179 163
180 177
90 83
39 36
69 36
89 86
78 56
47 44
173 30
25 17
23 19
177 173
173 165
113 10
113 53
108 99
65 60
108 50
189 158
100 97
102 72
161 37
148 11
105 49
182 164
118 114
26 10
181 178
185 31
39 19
107 49
106 49
133 14
130 109
134 10
140 134
146 22
57 53
111 8
178 29
141 15
189 127
145 18
73 66
180 165
114 9
183 180
59 56
132 10
113 18
35 8
182 173
188 133
39 8
68 18
89 75
104 3
173 163
128 6
65 32
123 96
181 177
113 9
91 77
108 5
38 8
157 133
141 13
140 135
83 79
60 53
76 51
69 25
73 53
188 131
111 53
148 7
68 35
72 90
17 144
14 135
157 160
55 59
40 70
78 115
95 120
11 16
7 126
6 130
6 107
76 116
157 186
51 73
13 17
133 186
94 97
34 38
30 183
115 119
7 117
34 187
52 108
135 184
50 72
73 111
173 179
128 187
4 128
58 89
115 118
173 178
160 184
49 109
82 86
121 129
93 97
151 154
59 82
39 71
129 150
162 184
121 124
20 143
92 101
30 179
128 189
159 187
3 105
110 120
11 133
34 130
130 187
9 131
79 82
107 128
34 185
163 183
17 147
160 186
53 61
173 180
33 37
13 142
14 141
56 115
51 111
77 82
50 74
135 182
157 188
38 130
24 32
77 80
68 71
16 149
57 112
57 60
13 144
5 126
67 73
77 93
35 39
76 98
165 182
61 73
58 62
62 73
80 93
18 114
98 102
9 148
11 131
98 120
74 92
9 18
110 116
19 145
156 189
8 109
114 146
173 181
95 119
52 74
35 111
52 98
16 133
25 144
98 101
39 68
36 40
96 125
179 182
163 179
177 180
83 90
36 39
36 69
86 89
56 78
44 47
30 173
17 25
19 23
173 177
165 173
10 113
53 113
99 108
60 65
50 108
158 189
97 100
72 102
37 161
11 148
49 105
164 182
114 118
10 26
178 181
31 185
19 39
49 107
49 106
14 133
109 130
10 134
134 140
22 146
53 57
8 111
29 178
15 141
127 189
18 145
66 73
165 180
9 114
180 183
56 59
10 132
18 113
8 35
173 182
133 188
8 39
18 68
75 89
3 104
163 173
6 128
32 65
96 123
177 181
9 113
77 91
5 108
8 38
133 157
13 141
135 140
79 83
53 60
51 76
25 69
53 73
131 188
53 111
7 148
35 68
