120 76
30 11
143 139
17 13
119 113
149 139
92 75
149 143
70 67
95 30
30 9
179 176
34 7
90 6
94 75
161 154
89 78
124 99
143 140
140 108
137 37
121 108
34 9
75 10
47 38
196 3
97 14
147 142
52 8
26 11
107 68
37 34
141 91
125 29
123 93
55 11
113 91
89 79
144 91
29 19
12 7
73 70
149 140
97 18
185 181
121 93
179 147
197 6
163 150
186 113
15 11
178 150
178 156
48 37
176 163
142 139
182 148
145 5
161 56
86 83
55 16
137 95
133 125
103 41
133 33
95 33
137 93
53 30
61 58
92 89
118 109
10 6
178 114
156 146
140 106
153 23
175 146
54 8
40 36
57 16
75 72
139 108
137 33
136 125
183 175
61 54
95 15
138 41
81 77
183 147
104 99
86 54
122 107
136 126
54 50
60 56
179 163
195 192
142 119
178 154
95 34
155 38
59 17
121 91
110 107
144 108
183 46
134 125
92 41
134 36
182 151
137 123
150 143
26 16
46 3
142 105
91 7
120 107
175 54
144 93
192 186
143 138
154 150
192 187
79 75
162 27
110 104
124 29
149 146
141 7
101 68
25 22
180 177
116 112
100 96
21 16
27 23
90 47
155 22
96 71
120 79
143 108
136 105
88 84
145 46
79 60
108 100
34 11
184 181
79 76
156 150
157 13
28 24
80 77
78 53
184 180
146 109
161 156
194 156
62 56
161 62
190 107
132 129
74 53
190 145
141 111
145 41
185 182
104 68
143 106
28 4
149 108
78 72
152 99
79 62
109 42
43 38
141 56
139 125
84 79
16 13
196 193
145 112
113 5
141 137
74 71
105 102
193 81
69 66
78 75
34 31
189 69
184 145
17 14
144 121
175 162
175 52
180 155
148 110
189 42
112 91
176 150
19 15
150 146
137 54
38 35
154 151
162 146
57 50
165 151
110 73
118 71
150 138
36 29
188 184
71 64
175 27
145 137
139 106
90 50
48 44
113 109
124 121
189 116
135 131
137 132
61 56
145 142
47 4
39 7
75 56
127 124
107 104
194 175
125 15
180 9
122 87
119 79
42 38
145 82
62 59
194 178
125 10
54 51
38 2
62 35
186 147
29 15
160 156
144 115
12 9
87 83
96 60
74 65
38 34
34 27
135 120
134 37
100 68
66 62
147 5
37 2
162 138
84 60
83 56
119 91
123 95
22 16
39 28
83 52
149 125
179 175
46 41
174 157
29 6
37 14
71 51
87 44
175 32
70 22
148 73
191 185
141 17
71 38
181 95
196 192
73 48
78 27
83 79
59 33
144 138
187 53
96 92
56 11
53 46
97 26
112 108
175 86
182 175
141 41
76 120
11 30
139 143
13 17
113 119
139 149
75 92
143 149
67 70
30 95
9 30
176 179
7 34
6 90
75 94
154 161
78 89
99 124
140 143
108 140
37 137
108 121
9 34
10 75
38 47
3 196
14 97
142 147
8 52
11 26
68 107
34 37
91 141
29 125
93 123
11 55
91 113
79 89
91 144
19 29
7 12
70 73
140 149
18 97
181 185
93 121
147 179
6 197
150 163
113 186
11 15
150 178
156 178
37 48
163 176
139 142
148 182
5 145
56 161
83 86
16 55
95 137
125 133
41 103
33 133
33 95
93 137
30 53
58 61
89 92
109 118
6 10
114 178
146 156
106 140
23 153
146 175
8 54
36 40
16 57
72 75
108 139
33 137
125 136
175 183
54 61
15 95
41 138
77 81
147 183
99 104
54 86
107 122
126 136
50 54
56 60
163 179
192 195
119 142
154 178
34 95
38 155
17 59
91 121
107 110
108 144
46 183
125 134
41 92
36 134
151 182
123 137
143 150
16 26
3 46
105 142
7 91
107 120
54 175
93 144
186 192
138 143
150 154
187 192
75 79
27 162
104 110
29 124
146 149
7 141
68 101
22 25
177 180
112 116
96 100
16 21
23 27
47 90
22 155
71 96
79 120
108 143
105 136
84 88
46 145
60 79
100 108
11 34
181 184
76 79
150 156
13 157
24 28
77 80
53 78
180 184
109 146
156 161
156 194
56 62
62 161
107 190
129 132
53 74
145 190
111 141
41 145
182 185
68 104
106 143
4 28
108 149
72 78
99 152
62 79
42 109
38 43
56 141
125 139
79 84
13 16
193 196
112 145
5 113
137 141
71 74
102 105
81 193
66 69
75 78
31 34
69 189
145 184
14 17
121 144
162 175
52 175
155 180
110 148
42 189
91 112
150 176
15 19
146 150
54 137
35 38
151 154
146 162
50 57
151 165
73 110
71 118
138 150
29 36
184 188
64 71
27 175
137 145
106 139
50 90
44 48
109 113
121 124
116 189
131 135
132 137
56 61
142 145
4 47
7 39
56 75
124 127
104 107
175 194
15 125
9 180
87 122
79 119
38 42
82 145
59 62
178 194
10 125
51 54
2 38
35 62
147 186
15 29
156 160
115 144
9 12
83 87
60 96
65 74
34 38
27 34
120 135
37 134
68 100
62 66
5 147
2 37
138 162
60 84
56 83
91 119
95 123
16 22
28 39
52 83
125 149
175 179
41 46
157 174
6 29
14 37
51 71
44 87
32 175
22 70
73 148
185 191
17 141
38 71
95 181
192 196
48 73
27 78
79 83
33 59
138 144
53 187
92 96
11 56
46 53
26 97
108 112
86 175
175 182
41 141
