80 77
79 76
75 72
74 71
70 67
77 74
184 181
73 70
18 15
86 83
185 182
142 139
17 14
16 13
188 185
81 78
149 146
186 183
76 73
185 181
143 139
71 68
79 75
87 84
143 140
179 176
72 69
78 75
144 141
80 76
32 29
27 24
141 138
85 82
81 77
17 13
38 35
39 36
186 182
195 192
61 58
154 151
196 193
87 83
82 79
37 34
33 30
187 184
28 25
180 177
140 137
25 22
15 12
20 17
74 70
86 82
88 85
60 57
19 15
139 136
83 80
78 74
62 59
142 138
31 28
112 109
69 66
187 183
40 36
40 37
145 142
19 16
26 23
90 6
76 72
28 24
189 186
77 73
75 71
70 66
183 180
9 6
149 139
149 140
34 31
18 14
29 26
150 147
11 7
184 180
114 111
144 140
196 3
61 57
84 81
121 108
188 184
148 145
73 69
164 161
77 80
76 79
72 75
71 74
67 70
74 77
181 184
70 73
15 18
83 86
182 185
139 142
14 17
13 16
185 188
78 81
146 149
183 186
73 76
181 185
139 143
68 71
75 79
84 87
140 143
176 179
69 72
75 78
141 144
76 80
29 32
24 27
138 141
82 85
77 81
13 17
35 38
36 39
182 186
192 195
58 61
151 154
193 196
83 87
79 82
34 37
30 33
184 187
25 28
177 180
137 140
22 25
12 15
17 20
70 74
82 86
85 88
57 60
15 19
136 139
80 83
74 78
59 62
138 142
28 31
109 112
66 69
183 187
36 40
37 40
142 145
16 19
23 26
6 90
72 76
24 28
186 189
73 77
71 75
66 70
180 183
6 9
139 149
140 149
31 34
14 18
26 29
147 150
7 11
180 184
111 114
140 144
3 196
57 61
81 84
108 121
184 188
145 148
69 73
161 164
