120 76
30 11
143 139
17 13
119 113
149 139
92 75
149 143
70 67
95 30
30 9
179 176
34 7
90 6
94 75
161 154
89 78
124 99
143 140
140 108
137 37
121 108
34 9
75 10
47 38
196 3
97 14
147 142
52 8
26 11
107 68
37 34
141 91
125 29
123 93
55 11
113 91
89 79
144 91
29 19
12 7
73 70
149 140
97 18
185 181
121 93
179 147
197 6
163 150
186 113
15 11
178 150
178 156
48 37
176 163
142 139
182 148
145 5
161 56
86 83
55 16
137 95
133 125
103 41
133 33
95 33
137 93
53 30
61 58
92 89
118 109
10 6
178 114
156 146
140 106
153 23
175 146
54 8
40 36
57 16
75 72
139 108
137 33
136 125
183 175
61 54
95 15
138 41
81 77
183 147
104 99
86 54
122 107
136 126
54 50
60 56
179 163
195 192
142 119
178 154
