76 73
36 32
143 121
119 112
142 139
87 52
79 75
75 71
182 179
49 4
190 186
93 10
168 164
197 194
83 54
175 41
82 78
121 94
136 106
166 105
35 31
144 120
173 131
135 40
51 8
190 187
118 112
54 11
141 7
55 16
163 139
134 40
87 8
184 180
93 7
112 108
98 64
160 156
51 7
26 16
173 159
196 193
182 146
146 111
167 132
106 100
35 32
86 83
53 26
53 11
116 84
138 41
48 4
124 98
189 185
147 143
90 4
167 136
56 16
162 135
180 177
136 124
136 133
144 108
162 139
101 68
45 42
121 108
119 116
186 183
133 33
161 151
107 104
121 75
88 6
57 16
132 126
183 147
95 30
31 27
78 62
33 29
125 97
39 35
41 37
176 161
85 82
177 156
143 110
134 130
91 5
140 93
74 70
18 14
92 75
96 14
95 12
163 147
64 60
52 8
21 17
139 106
143 109
44 41
180 175
186 145
109 72
179 163
29 26
133 125
136 132
124 104
122 72
173 135
98 12
64 13
92 9
126 105
174 43
148 110
145 113
78 61
108 72
161 154
71 64
154 150
133 129
140 123
119 91
187 184
96 15
122 108
179 162
73 70
92 10
133 29
107 69
182 147
165 150
55 23
174 161
130 33
48 38
118 76
179 175
85 81
159 155
171 131
64 14
125 18
139 136
121 109
137 93
20 17
124 100
95 15
100 68
113 91
122 68
120 91
57 21
47 38
179 150
185 181
120 112
52 9
170 160
119 113
83 80
25 22
36 33
164 160
95 9
59 56
121 93
54 10
55 10
42 38
120 79
140 137
29 25
46 3
91 6
175 40
104 68
43 40
30 9
18 15
196 3
117 79
161 155
74 71
120 93
164 152
123 95
72 68
60 13
117 76
17 14
80 76
137 33
56 13
133 36
92 83
30 11
34 9
119 92
28 25
77 73
92 89
29 19
135 36
96 71
123 105
143 139
187 3
46 41
16 12
22 19
94 71
101 67
75 62
173 162
100 67
92 79
33 30
178 150
137 134
15 11
134 131
136 127
193 114
57 23
164 154
106 68
145 46
179 161
53 8
196 4
141 37
121 72
84 81
133 130
96 64
140 121
46 4
195 90
83 78
47 4
83 8
137 133
115 109
53 10
176 162
92 7
17 13
89 7
133 127
123 96
194 90
183 146
103 100
178 147
27 23
144 141
179 142
50 31
87 84
166 152
187 183
140 108
174 156
144 119
83 10
137 37
179 176
15 12
41 38
147 110
132 127
178 148
54 9
26 22
173 40
26 23
195 113
54 8
160 154
89 51
174 40
89 6
122 107
89 83
71 68
92 8
122 75
194 6
162 138
176 163
172 160
137 123
133 126
112 109
191 187
96 12
81 77
163 142
47 41
94 12
81 78
125 96
192 114
141 5
113 5
97 15
148 143
89 52
138 134
134 36
105 100
141 48
27 24
97 18
164 150
94 10
124 96
118 109
139 135
95 10
120 75
146 142
34 30
89 8
119 114
132 129
192 187
50 8
144 110
140 107
172 159
123 93
194 113
144 140
175 162
121 106
74 64
195 4
188 185
34 7
94 75
143 111
124 106
145 111
145 141
104 100
122 93
144 112
40 36
164 161
48 34
30 27
71 66
174 162
49 6
114 90
163 149
56 11
55 26
120 109
98 66
146 113
38 35
88 84
19 16
45 2
78 75
100 71
39 36
50 30
50 9
70 63
38 34
70 65
16 13
130 29
144 91
154 151
164 149
160 155
142 108
175 44
25 19
141 93
48 7
197 4
121 107
169 132
107 72
183 179
138 40
134 37
55 15
140 106
144 109
176 156
120 76
195 5
158 155
175 163
167 164
53 30
146 143
49 7
120 108
114 91
192 186
83 79
97 14
168 160
141 138
163 148
173 170
72 69
165 149
173 138
174 160
174 157
195 46
145 142
90 51
120 94
100 96
190 113
84 79
78 74
56 12
76 72
48 41
194 119
48 5
172 158
89 84
120 117
186 182
144 113
144 121
138 135
159 156
130 36
115 112
34 31
58 13
30 26
141 41
82 79
21 16
143 108
189 186
136 123
141 137
164 151
53 50
60 56
40 37
183 142
75 72
192 113
64 12
124 105
25 20
122 100
185 182
107 100
45 3
49 5
97 17
59 13
56 10
176 154
144 111
184 181
74 65
124 97
71 67
141 91
119 115
195 192
90 5
179 147
95 11
141 108
167 139
146 110
163 154
136 105
188 184
26 15
31 28
104 101
86 82
123 106
147 142
118 115
175 156
136 126
100 66
71 63
48 37
42 39
122 94
47 3
90 6
101 66
46 5
98 65
61 56
77 74
135 131
26 11
32 29
73 69
140 122
47 5
116 80
183 44
75 10
91 7
53 9
120 92
134 33
119 90
124 95
70 67
82 61
178 163
176 150
195 114
167 105
181 178
194 114
113 90
37 34
121 91
190 111
165 151
122 71
85 80
135 132
74 63
142 138
97 12
124 99
120 72
173 161
130 32
180 44
140 136
183 180
180 43
162 40
165 152
161 150
196 192
28 24
88 51
182 148
182 145
107 68
46 2
91 8
93 9
173 160
79 76
26 19
125 15
94 9
19 15
175 161
175 43
195 3
121 92
63 60
122 106
84 80
47 2
119 79
50 34
87 51
163 150
182 178
175 147
117 80
51 6
93 8
190 114
98 71
133 123
53 27
122 96
90 7
186 147
99 66
123 94
87 83
191 188
181 177
37 33
131 36
186 146
77 62
138 36
74 62
197 6
180 176
138 37
143 140
161 156
117 77
167 135
50 7
125 95
32 28
80 77
71 65
55 11
16 11
71 62
60 12
183 145
186 111
98 14
162 142
174 159
57 13
186 113
