80 77
79 76
75 72
74 71
70 67
77 74
184 181
73 70
18 15
86 83
185 182
142 139
17 14
16 13
188 185
81 78
149 146
186 183
76 73
185 181
143 139
71 68
79 75
87 84
143 140
179 176
72 69
78 75
144 141
80 76
32 29
27 24
141 138
85 82
81 77
17 13
38 35
39 36
186 182
195 192
61 58
154 151
196 193
87 83
82 79
37 34
33 30
187 184
28 25
180 177
140 137
25 22
15 12
20 17
74 70
86 82
88 85
60 57
19 15
139 136
83 80
78 74
62 59
142 138
31 28
112 109
69 66
187 183
40 36
40 37
145 142
19 16
26 23
90 6
76 72
28 24
189 186
77 73
75 71
70 66
183 180
9 6
149 139
149 140
34 31
18 14
29 26
150 147
11 7
184 180
114 111
144 140
196 3
61 57
84 81
121 108
188 184
148 145
73 69
164 161
150 146
161 154
15 11
63 60
41 38
95 92
10 7
46 43
27 23
141 137
21 18
182 179
147 144
96 93
83 79
52 8
111 108
32 28
47 38
72 68
38 34
176 163
26 22
30 9
196 192
33 29
11 8
105 102
147 142
30 27
149 145
132 129
60 56
59 56
135 132
175 162
124 121
30 11
82 78
34 7
89 79
29 25
149 143
115 112
71 67
140 136
120 76
88 84
140 108
34 9
89 78
113 110
25 21
119 113
10 6
112 108
94 91
171 168
29 19
106 103
134 131
131 128
67 64
48 37
43 40
181 178
138 135
136 133
123 120
85 81
110 107
180 176
54 51
36 33
183 179
172 169
20 16
145 141
197 194
150 143
42 39
68 65
127 124
121 107
92 75
34 8
151 148
189 185
48 45
194 191
154 150
66 63
92 89
12 9
111 107
197 4
129 126
64 61
47 44
62 58
77 80
76 79
72 75
71 74
67 70
74 77
181 184
70 73
15 18
83 86
182 185
139 142
14 17
13 16
185 188
78 81
146 149
183 186
73 76
181 185
139 143
68 71
75 79
84 87
140 143
176 179
69 72
75 78
141 144
76 80
29 32
24 27
138 141
82 85
77 81
13 17
35 38
36 39
182 186
192 195
58 61
151 154
193 196
83 87
79 82
34 37
30 33
184 187
25 28
177 180
137 140
22 25
12 15
17 20
70 74
82 86
85 88
57 60
15 19
136 139
80 83
74 78
59 62
138 142
28 31
109 112
66 69
183 187
36 40
37 40
142 145
16 19
23 26
6 90
72 76
24 28
186 189
73 77
71 75
66 70
180 183
6 9
139 149
140 149
31 34
14 18
26 29
147 150
7 11
180 184
111 114
140 144
3 196
57 61
81 84
108 121
184 188
145 148
69 73
161 164
146 150
154 161
11 15
60 63
38 41
92 95
7 10
43 46
23 27
137 141
18 21
179 182
144 147
93 96
79 83
8 52
108 111
28 32
38 47
68 72
34 38
163 176
22 26
9 30
192 196
29 33
8 11
102 105
142 147
27 30
145 149
129 132
56 60
56 59
132 135
162 175
121 124
11 30
78 82
7 34
79 89
25 29
143 149
112 115
67 71
136 140
76 120
84 88
108 140
9 34
78 89
110 113
21 25
113 119
6 10
108 112
91 94
168 171
19 29
103 106
131 134
128 131
64 67
37 48
40 43
178 181
135 138
133 136
120 123
81 85
107 110
176 180
51 54
33 36
179 183
169 172
16 20
141 145
194 197
143 150
39 42
65 68
124 127
107 121
75 92
8 34
148 151
185 189
45 48
191 194
150 154
63 66
89 92
9 12
107 111
4 197
126 129
61 64
44 47
58 62
