120 76
30 11
143 139
17 13
119 113
149 139
92 75
149 143
70 67
95 30
30 9
179 176
34 7
90 6
94 75
161 154
89 78
124 99
143 140
140 108
137 37
121 108
34 9
75 10
47 38
196 3
97 14
147 142
52 8
26 11
107 68
37 34
141 91
125 29
123 93
55 11
113 91
89 79
144 91
29 19
12 7
73 70
149 140
97 18
185 181
121 93
179 147
197 6
163 150
186 113
15 11
178 150
178 156
48 37
176 163
142 139
182 148
145 5
161 56
86 83
55 16
137 95
133 125
103 41
133 33
95 33
137 93
53 30
61 58
92 89
118 109
10 6
178 114
156 146
140 106
153 23
175 146
54 8
40 36
57 16
75 72
139 108
137 33
136 125
183 175
61 54
95 15
138 41
81 77
183 147
104 99
86 54
122 107
136 126
54 50
60 56
179 163
195 192
142 119
178 154
95 34
155 38
59 17
121 91
110 107
144 108
183 46
134 125
92 41
134 36
182 151
137 123
150 143
26 16
46 3
142 105
91 7
120 107
175 54
144 93
192 186
143 138
154 150
192 187
79 75
162 27
110 104
124 29
149 146
141 7
101 68
25 22
180 177
116 112
100 96
21 16
27 23
90 47
155 22
96 71
120 79
143 108
136 105
88 84
145 46
79 60
108 100
34 11
184 181
79 76
156 150
157 13
28 24
80 77
78 53
184 180
146 109
161 156
194 156
62 56
161 62
190 107
132 129
74 53
190 145
141 111
145 41
185 182
104 68
143 106
28 4
149 108
78 72
152 99
79 62
109 42
43 38
141 56
139 125
84 79
16 13
196 193
145 112
113 5
141 137
74 71
105 102
193 81
69 66
78 75
34 31
189 69
184 145
17 14
144 121
175 162
175 52
180 155
148 110
189 42
