67 64
90 87
127 124
67 63
129 126
66 63
22 19
91 88
126 123
128 125
125 122
68 64
149 146
89 86
128 124
68 65
23 20
124 121
127 123
27 24
129 125
92 89
21 18
90 86
91 87
149 145
89 85
92 88
126 122
87 84
26 23
152 149
152 148
69 66
151 148
125 121
29 26
124 120
153 150
70 67
150 147
151 147
43 5
150 146
65 62
28 25
28 24
174 171
22 18
23 19
88 85
71 68
69 65
25 22
27 23
93 89
88 84
148 145
72 69
173 170
29 25
26 22
66 62
70 66
169 166
24 21
30 26
175 172
32 29
71 67
86 83
93 90
172 169
153 149
130 126
24 20
43 6
84 81
123 120
72 68
25 21
173 169
106 3
168 165
21 17
41 3
130 127
147 144
87 83
60 57
171 168
170 167
20 17
32 28
18 15
42 4
31 28
42 5
58 55
33 30
30 27
113 13
44 7
105 3
14 11
134 108
41 4
73 70
67 31
107 4
105 2
40 37
148 144
86 82
85 82
95 92
31 27
56 53
33 29
19 16
135 107
174 170
175 171
177 174
181 178
59 56
104 101
154 151
176 173
52 45
113 12
152 136
46 10
57 43
52 46
137 109
172 168
163 160
18 14
154 150
112 80
135 108
113 80
45 7
71 27
133 108
143 140
106 4
122 119
108 7
114 80
51 45
176 172
51 46
53 45
37 34
134 107
53 46
171 167
178 175
94 91
135 109
48 10
78 75
34 31
19 15
59 55
78 12
44 5
78 49
131 127
35 32
79 49
180 177
44 6
110 82
133 107
108 6
177 173
164 161
73 69
62 59
120 117
169 165
64 67
87 90
124 127
63 67
126 129
63 66
19 22
88 91
123 126
125 128
122 125
64 68
146 149
86 89
124 128
65 68
20 23
121 124
123 127
24 27
125 129
89 92
18 21
86 90
87 91
145 149
85 89
88 92
122 126
84 87
23 26
149 152
148 152
66 69
148 151
121 125
26 29
120 124
150 153
67 70
147 150
147 151
5 43
146 150
62 65
25 28
24 28
171 174
18 22
19 23
85 88
68 71
65 69
22 25
23 27
89 93
84 88
145 148
69 72
170 173
25 29
22 26
62 66
66 70
166 169
21 24
26 30
172 175
29 32
67 71
83 86
90 93
169 172
149 153
126 130
20 24
6 43
81 84
120 123
68 72
21 25
169 173
3 106
165 168
17 21
3 41
127 130
144 147
83 87
57 60
168 171
167 170
17 20
28 32
15 18
4 42
28 31
5 42
55 58
30 33
27 30
13 113
7 44
3 105
11 14
108 134
4 41
70 73
31 67
4 107
2 105
37 40
144 148
82 86
82 85
92 95
27 31
53 56
29 33
16 19
107 135
170 174
171 175
174 177
178 181
56 59
101 104
151 154
173 176
45 52
12 113
136 152
10 46
43 57
46 52
109 137
168 172
160 163
14 18
150 154
80 112
108 135
80 113
7 45
27 71
108 133
140 143
4 106
119 122
7 108
80 114
45 51
172 176
46 51
45 53
34 37
107 134
46 53
167 171
175 178
91 94
109 135
10 48
75 78
31 34
15 19
55 59
12 78
5 44
49 78
127 131
32 35
49 79
177 180
6 44
82 110
107 133
6 108
173 177
161 164
69 73
59 62
117 120
165 169
