67 31
71 27
108 89
46 10
152 136
43 5
84 81
113 13
67 27
88 51
113 80
127 90
41 3
57 43
110 82
106 3
89 7
26 8
26 6
80 13
91 88
108 7
13 9
88 53
149 145
150 121
148 136
135 107
85 51
48 10
23 19
66 55
106 100
67 63
168 165
23 20
54 46
19 10
78 12
129 126
89 5
65 62
114 80
124 120
51 45
130 90
134 108
129 125
56 53
127 86
70 23
130 94
137 109
85 45
22 8
148 138
28 24
87 84
52 46
89 45
70 30
88 45
73 46
42 30
109 6
125 122
79 49
82 47
108 86
151 134
162 145
139 111
92 88
123 83
57 5
126 87
45 5
134 86
123 87
123 90
144 115
22 14
124 121
18 15
92 53
153 128
57 3
128 124
55 44
84 51
172 169
153 149
104 101
40 37
113 12
22 19
18 14
147 144
147 116
143 138
112 80
142 18
73 8
68 64
110 86
85 7
31 28
160 136
116 82
106 93
66 30
19 14
70 26
75 15
76 10
89 85
150 146
63 31
69 55
92 5
80 9
27 23
81 48
76 46
173 169
78 49
176 172
133 105
91 87
45 7
93 43
26 22
39 34
42 33
42 4
127 108
174 171
69 66
114 9
114 13
104 3
163 160
42 6
151 86
105 2
159 153
101 3
73 10
126 122
72 68
175 171
58 55
125 121
126 90
80 11
117 85
132 127
113 9
14 11
177 174
68 65
152 148
32 28
25 22
134 110
120 83
153 150
107 4
53 45
71 67
117 81
75 19
33 29
132 90
119 81
21 18
57 41
154 125
84 50
88 84
93 5
92 43
118 83
29 6
180 176
171 168
67 30
143 140
80 47
47 13
152 138
159 135
178 173
63 30
59 56
166 163
122 119
65 60
59 41
14 9
75 18
62 59
176 173
120 117
148 112
90 87
76 48
126 123
127 124
157 152
181 176
78 75
76 52
96 91
160 148
132 106
181 175
76 12
60 55
154 128
87 83
114 11
177 173
29 23
178 174
132 108
63 34
119 116
123 120
128 125
71 68
73 70
63 38
92 45
90 86
85 47
181 174
22 18
169 166
181 177
69 54
181 178
139 25
80 12
132 109
29 25
117 79
149 146
147 82
80 14
155 134
150 147
81 49
69 60
116 83
120 47
140 18
59 55
172 168
159 155
120 82
73 23
154 150
86 82
129 27
111 22
66 60
116 81
31 27
179 174
24 21
52 49
46 8
176 169
107 2
180 174
