91 87
31 28
70 27
70 23
168 165
18 15
95 91
89 86
166 163
65 61
26 8
61 41
147 115
73 19
143 138
80 47
131 106
73 44
108 4
51 47
88 47
126 123
71 67
155 134
113 14
46 10
56 43
166 14
168 139
99 41
174 170
43 4
42 4
166 18
89 51
150 121
52 46
41 36
151 124
120 82
165 139
157 152
151 147
85 81
50 47
39 2
81 47
159 153
45 7
150 146
56 53
123 90
51 48
153 127
86 82
77 11
54 44
158 155
169 111
161 137
75 12
171 167
33 30
112 82
80 9
74 19
71 27
148 144
151 112
125 122
94 91
127 86
122 87
166 139
19 9
107 5
67 64
69 55
163 140
73 54
104 2
173 25
159 155
149 145
48 12
44 8
69 65
23 20
39 36
159 134
177 32
117 81
120 86
20 17
70 30
118 84
108 86
151 120
159 156
151 148
143 114
100 93
90 87
163 138
113 11
143 112
139 112
123 83
66 30
75 46
73 46
47 11
133 107
153 149
23 19
127 123
86 7
147 82
124 86
76 10
100 3
63 31
169 24
32 29
81 50
26 23
153 128
133 127
144 115
157 149
137 112
116 81
133 106
137 111
123 82
110 85
110 89
165 140
167 21
114 13
126 86
53 45
116 83
87 83
78 10
156 153
67 31
93 89
171 168
151 136
80 13
35 30
21 18
107 3
135 110
162 138
128 124
41 2
59 56
153 150
67 27
45 5
84 51
166 21
151 110
92 43
73 70
135 108
109 29
30 26
106 93
172 168
172 25
152 134
168 163
148 143
71 68
114 80
169 163
180 176
42 6
179 173
97 91
178 172
130 93
41 35
19 10
173 32
29 25
88 45
25 22
44 5
97 57
166 22
72 54
160 149
80 11
138 113
46 9
123 84
70 67
162 148
39 35
81 51
135 109
148 112
128 125
33 29
111 8
31 27
99 57
155 133
21 17
139 113
120 83
69 54
77 10
168 164
133 105
137 110
162 140
123 85
25 21
73 55
42 35
43 6
139 111
160 137
139 18
108 5
46 7
65 59
65 60
55 44
66 61
89 5
174 171
69 59
169 22
106 4
55 43
79 48
89 45
104 3
166 140
180 177
47 10
57 43
142 113
68 64
147 116
133 108
130 90
122 83
113 9
48 9
52 45
107 4
118 83
113 13
166 17
169 139
73 23
176 173
154 128
80 48
172 161
123 120
89 85
102 96
159 135
138 111
159 136
25 6
148 136
132 126
147 112
117 82
63 30
127 124
43 5
173 170
19 8
92 5
153 134
147 144
71 23
151 82
33 4
18 14
132 107
79 12
136 110
93 90
29 26
119 116
85 82
45 8
132 106
143 115
137 109
130 106
70 54
111 7
170 167
75 19
81 48
95 92
172 137
175 172
72 68
44 26
132 108
47 9
117 79
53 43
70 44
143 139
114 11
88 85
47 7
161 136
160 156
111 22
61 36
170 24
22 19
134 124
130 127
40 34
129 125
151 86
179 161
79 49
169 21
76 50
147 120
104 101
124 120
92 89
173 28
100 41
84 81
174 28
130 94
97 93
22 10
44 30
132 93
132 89
134 110
42 29
99 58
72 69
86 83
85 47
163 139
22 18
134 86
134 127
116 112
67 30
160 136
93 3
108 90
100 94
40 2
25 8
70 26
129 126
134 107
78 11
40 35
160 151
18 9
170 25
105 3
156 152
109 6
66 62
142 13
123 87
147 143
91 88
66 35
124 121
28 25
61 37
180 32
100 96
161 135
111 6
51 7
76 49
92 88
109 7
42 30
113 18
143 140
48 10
142 114
108 89
98 57
87 84
139 9
117 80
111 25
132 90
63 35
107 2
152 135
85 51
55 42
65 62
156 149
106 94
152 149
127 90
89 7
27 24
69 66
107 93
140 113
106 3
144 116
110 82
29 6
55 26
70 66
27 23
19 16
51 45
169 25
46 8
78 48
68 65
61 35
55 45
123 86
153 125
180 29
118 81
150 124
26 6
51 46
112 80
148 145
132 128
88 84
179 172
41 4
172 169
160 138
159 133
40 4
152 136
151 134
75 16
24 21
132 94
20 16
131 94
101 41
108 7
32 28
22 9
127 108
77 48
150 120
42 26
93 5
57 41
98 58
79 11
162 137
59 55
73 8
161 138
169 137
173 29
54 45
132 127
94 90
110 86
42 33
76 46
120 116
47 8
109 4
142 115
53 44
44 6
105 2
66 55
169 166
40 33
82 47
150 147
181 177
126 87
172 163
160 135
92 53
101 3
97 92
77 12
135 107
160 152
100 92
160 148
100 97
22 8
104 100
130 126
149 136
81 49
138 112
40 36
136 112
158 152
46 19
85 45
69 44
66 63
111 9
76 52
160 157
164 140
115 80
143 113
127 87
78 12
73 69
124 83
126 90
90 86
163 137
125 121
66 59
148 138
116 80
166 113
92 45
76 48
41 3
84 47
42 5
112 9
153 124
175 171
126 122
100 57
77 49
88 51
67 63
23 8
39 34
13 9
170 28
118 82
78 49
108 93
119 83
57 3
70 55
85 48
85 7
114 9
179 176
54 46
134 108
152 148
122 119
75 10
113 80
24 20
152 124
66 42
180 173
159 152
43 3
28 24
181 178
162 145
109 5
48 11
155 152
170 21
116 82
104 41
92 57
180 33
110 7
46 22
26 22
30 27
45 6
149 146
87 91
28 31
27 70
23 70
165 168
15 18
91 95
86 89
163 166
61 65
8 26
41 61
115 147
19 73
138 143
47 80
106 131
44 73
4 108
47 51
47 88
123 126
67 71
134 155
14 113
10 46
43 56
14 166
139 168
41 99
170 174
4 43
4 42
18 166
51 89
121 150
46 52
36 41
124 151
82 120
139 165
152 157
147 151
81 85
47 50
2 39
47 81
153 159
7 45
146 150
53 56
90 123
48 51
127 153
82 86
11 77
44 54
155 158
111 169
137 161
12 75
167 171
30 33
82 112
9 80
19 74
27 71
144 148
112 151
122 125
91 94
86 127
87 122
139 166
9 19
5 107
64 67
55 69
140 163
54 73
2 104
25 173
155 159
145 149
12 48
8 44
65 69
20 23
36 39
134 159
32 177
81 117
86 120
17 20
30 70
84 118
86 108
120 151
156 159
148 151
114 143
93 100
87 90
138 163
11 113
112 143
112 139
83 123
30 66
46 75
46 73
11 47
107 133
149 153
19 23
123 127
7 86
82 147
86 124
10 76
3 100
31 63
24 169
29 32
50 81
23 26
128 153
127 133
115 144
149 157
112 137
81 116
106 133
111 137
82 123
85 110
89 110
140 165
21 167
13 114
86 126
45 53
83 116
83 87
10 78
153 156
31 67
89 93
168 171
136 151
13 80
30 35
18 21
3 107
110 135
138 162
124 128
2 41
56 59
150 153
27 67
5 45
51 84
21 166
110 151
43 92
70 73
108 135
29 109
26 30
93 106
168 172
25 172
134 152
163 168
143 148
68 71
80 114
163 169
176 180
6 42
173 179
91 97
172 178
93 130
35 41
10 19
32 173
25 29
45 88
22 25
5 44
57 97
22 166
54 72
149 160
11 80
113 138
9 46
84 123
67 70
148 162
35 39
51 81
109 135
112 148
125 128
29 33
8 111
27 31
57 99
133 155
17 21
113 139
83 120
54 69
10 77
164 168
105 133
110 137
140 162
85 123
21 25
55 73
35 42
6 43
111 139
137 160
18 139
5 108
7 46
59 65
60 65
44 55
61 66
5 89
171 174
59 69
22 169
4 106
43 55
48 79
45 89
3 104
140 166
177 180
10 47
43 57
113 142
64 68
116 147
108 133
90 130
83 122
9 113
9 48
45 52
4 107
83 118
13 113
17 166
139 169
23 73
173 176
128 154
48 80
161 172
120 123
85 89
96 102
135 159
111 138
136 159
6 25
136 148
126 132
112 147
82 117
30 63
124 127
5 43
170 173
8 19
5 92
134 153
144 147
23 71
82 151
4 33
14 18
107 132
12 79
110 136
90 93
26 29
116 119
82 85
8 45
106 132
115 143
109 137
106 130
54 70
7 111
167 170
19 75
48 81
92 95
137 172
172 175
68 72
26 44
108 132
9 47
79 117
43 53
44 70
139 143
11 114
85 88
7 47
136 161
156 160
22 111
36 61
24 170
19 22
124 134
127 130
34 40
125 129
86 151
161 179
49 79
21 169
50 76
120 147
101 104
120 124
89 92
28 173
41 100
81 84
28 174
94 130
93 97
10 22
30 44
93 132
89 132
110 134
29 42
58 99
69 72
83 86
47 85
139 163
18 22
86 134
127 134
112 116
30 67
136 160
3 93
90 108
94 100
2 40
8 25
26 70
126 129
107 134
11 78
35 40
151 160
9 18
25 170
3 105
152 156
6 109
62 66
13 142
87 123
143 147
88 91
35 66
121 124
25 28
37 61
32 180
96 100
135 161
6 111
7 51
49 76
88 92
7 109
30 42
18 113
140 143
10 48
114 142
89 108
57 98
84 87
9 139
80 117
25 111
90 132
35 63
2 107
135 152
51 85
42 55
62 65
149 156
94 106
149 152
90 127
7 89
24 27
66 69
93 107
113 140
3 106
116 144
82 110
6 29
26 55
66 70
23 27
16 19
45 51
25 169
8 46
48 78
65 68
35 61
45 55
86 123
125 153
29 180
81 118
124 150
6 26
46 51
80 112
145 148
128 132
84 88
172 179
4 41
169 172
138 160
133 159
4 40
136 152
134 151
16 75
21 24
94 132
16 20
94 131
41 101
7 108
28 32
9 22
108 127
48 77
120 150
26 42
5 93
41 57
58 98
11 79
137 162
55 59
8 73
138 161
137 169
29 173
45 54
127 132
90 94
86 110
33 42
46 76
116 120
8 47
4 109
115 142
44 53
6 44
2 105
55 66
166 169
33 40
47 82
147 150
177 181
87 126
163 172
135 160
53 92
3 101
92 97
12 77
107 135
152 160
92 100
148 160
97 100
8 22
100 104
126 130
136 149
49 81
112 138
36 40
112 136
152 158
19 46
45 85
44 69
63 66
9 111
52 76
157 160
140 164
80 115
113 143
87 127
12 78
69 73
83 124
90 126
86 90
137 163
121 125
59 66
138 148
80 116
113 166
45 92
48 76
3 41
47 84
5 42
9 112
124 153
171 175
122 126
57 100
49 77
51 88
63 67
8 23
34 39
9 13
28 170
82 118
49 78
93 108
83 119
3 57
55 70
48 85
7 85
9 114
176 179
46 54
108 134
148 152
119 122
10 75
80 113
20 24
124 152
42 66
173 180
152 159
3 43
24 28
178 181
145 162
5 109
11 48
152 155
21 170
82 116
41 104
57 92
33 180
7 110
22 46
22 26
27 30
6 45
146 149
