67 64
91 88
22 19
129 126
90 87
128 125
68 65
125 122
127 124
124 121
89 86
67 63
68 64
126 123
23 20
66 63
92 89
149 146
129 125
90 86
151 147
127 123
89 85
150 147
149 145
125 121
91 87
128 124
21 18
126 122
26 23
27 24
152 148
65 62
92 88
28 24
150 146
87 84
152 149
124 120
88 84
71 68
70 67
69 66
43 5
29 26
173 170
27 23
151 148
22 18
23 19
88 85
153 150
41 3
26 22
46 10
135 107
113 13
69 65
106 3
57 43
148 145
93 89
153 149
30 26
108 89
71 27
19 10
25 22
67 31
84 81
28 25
24 21
31 28
29 25
127 90
71 67
113 80
42 4
26 6
172 169
168 165
110 82
72 69
67 27
88 51
174 171
24 20
152 136
134 108
106 100
93 90
123 120
147 144
66 62
66 55
150 121
130 127
87 83
33 30
32 28
26 8
70 66
148 136
89 7
105 3
48 10
51 45
72 68
22 8
108 7
78 12
32 29
54 46
173 169
25 21
56 53
52 46
130 126
85 51
113 12
169 166
130 94
80 13
88 53
13 9
43 6
40 37
86 83
30 27
84 51
114 80
175 172
82 47
21 17
85 82
130 90
31 27
176 173
107 4
70 30
33 29
170 167
70 23
42 30
127 86
112 80
137 109
18 14
151 134
109 6
14 11
18 15
41 4
73 70
148 138
44 6
175 171
20 17
139 111
89 5
123 83
45 7
172 168
85 45
171 168
104 3
177 174
148 144
86 82
59 56
154 150
66 30
174 170
162 145
105 2
53 45
104 101
45 5
92 53
108 86
42 6
89 45
122 119
123 87
116 82
88 45
52 45
78 49
73 46
70 26
123 90
55 44
19 16
179 176
160 136
57 3
142 18
80 9
133 107
73 69
181 178
79 49
133 108
95 92
163 160
147 116
57 5
42 5
143 140
46 8
126 87
169 165
19 14
54 44
134 86
75 15
35 32
176 172
73 8
63 31
114 13
135 109
180 177
133 106
34 31
60 57
14 10
135 108
133 105
144 115
62 59
20 16
65 61
81 48
58 55
37 34
153 128
54 45
94 90
132 108
78 75
39 34
67 30
76 10
51 46
143 138
22 14
106 4
108 5
34 30
95 91
123 119
164 161
159 153
131 128
59 55
178 175
14 9
114 9
134 110
70 27
132 106
177 173
85 81
84 50
57 41
171 167
135 110
19 15
94 91
110 86
44 8
159 135
12 9
36 33
