67 64
90 87
127 124
67 63
129 126
66 63
22 19
91 88
126 123
128 125
125 122
68 64
149 146
89 86
128 124
68 65
23 20
124 121
127 123
27 24
129 125
92 89
21 18
90 86
91 87
149 145
89 85
92 88
126 122
87 84
26 23
152 149
152 148
69 66
151 148
125 121
29 26
124 120
153 150
70 67
150 147
151 147
43 5
150 146
65 62
28 25
28 24
174 171
22 18
23 19
88 85
71 68
69 65
25 22
27 23
93 89
88 84
148 145
72 69
173 170
29 25
26 22
66 62
70 66
169 166
24 21
30 26
175 172
32 29
71 67
86 83
93 90
172 169
153 149
130 126
24 20
43 6
84 81
123 120
72 68
25 21
173 169
106 3
168 165
21 17
41 3
130 127
147 144
87 83
60 57
171 168
170 167
64 67
87 90
124 127
63 67
126 129
63 66
19 22
88 91
123 126
125 128
122 125
64 68
146 149
86 89
124 128
65 68
20 23
121 124
123 127
24 27
125 129
89 92
18 21
86 90
87 91
145 149
85 89
88 92
122 126
84 87
23 26
149 152
148 152
66 69
148 151
121 125
26 29
120 124
150 153
67 70
147 150
147 151
5 43
146 150
62 65
25 28
24 28
171 174
18 22
19 23
85 88
68 71
65 69
22 25
23 27
89 93
84 88
145 148
69 72
170 173
25 29
22 26
62 66
66 70
166 169
21 24
26 30
172 175
29 32
67 71
83 86
90 93
169 172
149 153
126 130
20 24
6 43
81 84
120 123
68 72
21 25
169 173
3 106
165 168
17 21
3 41
127 130
144 147
83 87
57 60
168 171
167 170
