67 31
71 27
108 89
46 10
152 136
43 5
84 81
113 13
67 27
88 51
113 80
127 90
41 3
57 43
110 82
106 3
89 7
26 8
26 6
80 13
91 88
108 7
13 9
88 53
149 145
150 121
148 136
135 107
85 51
48 10
23 19
66 55
106 100
67 63
168 165
23 20
54 46
19 10
78 12
129 126
89 5
65 62
114 80
124 120
51 45
130 90
134 108
129 125
56 53
127 86
70 23
130 94
137 109
85 45
22 8
148 138
28 24
87 84
52 46
89 45
70 30
88 45
73 46
42 30
109 6
125 122
79 49
82 47
108 86
151 134
162 145
139 111
92 88
123 83
57 5
126 87
45 5
134 86
123 87
123 90
144 115
22 14
124 121
18 15
92 53
153 128
57 3
128 124
55 44
84 51
172 169
153 149
31 67
27 71
89 108
10 46
136 152
5 43
81 84
13 113
27 67
51 88
80 113
90 127
3 41
43 57
82 110
3 106
7 89
8 26
6 26
13 80
88 91
7 108
9 13
53 88
145 149
121 150
136 148
107 135
51 85
10 48
19 23
55 66
100 106
63 67
165 168
20 23
46 54
10 19
12 78
126 129
5 89
62 65
80 114
120 124
45 51
90 130
108 134
125 129
53 56
86 127
23 70
94 130
109 137
45 85
8 22
138 148
24 28
84 87
46 52
45 89
30 70
45 88
46 73
30 42
6 109
122 125
49 79
47 82
86 108
134 151
145 162
111 139
88 92
83 123
5 57
87 126
5 45
86 134
87 123
90 123
115 144
14 22
121 124
15 18
53 92
128 153
3 57
124 128
44 55
51 84
169 172
149 153
