67 31
71 27
108 89
46 10
152 136
43 5
84 81
113 13
67 27
88 51
113 80
127 90
41 3
57 43
110 82
106 3
89 7
26 8
26 6
80 13
91 88
108 7
13 9
88 53
149 145
150 121
148 136
135 107
85 51
48 10
23 19
66 55
106 100
67 63
168 165
23 20
54 46
19 10
78 12
129 126
89 5
65 62
114 80
124 120
51 45
130 90
134 108
129 125
56 53
127 86
70 23
130 94
137 109
85 45
22 8
148 138
28 24
87 84
52 46
89 45
70 30
88 45
73 46
42 30
109 6
125 122
79 49
82 47
108 86
151 134
162 145
139 111
92 88
123 83
57 5
126 87
45 5
134 86
123 87
123 90
144 115
22 14
124 121
18 15
92 53
153 128
57 3
128 124
55 44
84 51
172 169
153 149
104 101
40 37
113 12
22 19
18 14
147 144
147 116
143 138
112 80
142 18
73 8
68 64
110 86
85 7
31 28
160 136
116 82
106 93
66 30
19 14
70 26
75 15
76 10
89 85
150 146
63 31
69 55
92 5
80 9
27 23
81 48
76 46
173 169
78 49
176 172
133 105
91 87
45 7
93 43
26 22
39 34
42 33
42 4
127 108
174 171
69 66
114 9
114 13
104 3
163 160
42 6
151 86
105 2
159 153
101 3
73 10
126 122
72 68
175 171
58 55
125 121
126 90
80 11
117 85
132 127
113 9
14 11
177 174
68 65
152 148
32 28
25 22
134 110
120 83
153 150
107 4
53 45
71 67
117 81
75 19
33 29
132 90
119 81
21 18
57 41
154 125
84 50
88 84
93 5
92 43
118 83
29 6
31 67
27 71
89 108
10 46
136 152
5 43
81 84
13 113
27 67
51 88
80 113
90 127
3 41
43 57
82 110
3 106
7 89
8 26
6 26
13 80
88 91
7 108
9 13
53 88
145 149
121 150
136 148
107 135
51 85
10 48
19 23
55 66
100 106
63 67
165 168
20 23
46 54
10 19
12 78
126 129
5 89
62 65
80 114
120 124
45 51
90 130
108 134
125 129
53 56
86 127
23 70
94 130
109 137
45 85
8 22
138 148
24 28
84 87
46 52
45 89
30 70
45 88
46 73
30 42
6 109
122 125
49 79
47 82
86 108
134 151
145 162
111 139
88 92
83 123
5 57
87 126
5 45
86 134
87 123
90 123
115 144
14 22
121 124
15 18
53 92
128 153
3 57
124 128
44 55
51 84
169 172
149 153
101 104
37 40
12 113
19 22
14 18
144 147
116 147
138 143
80 112
18 142
8 73
64 68
86 110
7 85
28 31
136 160
82 116
93 106
30 66
14 19
26 70
15 75
10 76
85 89
146 150
31 63
55 69
5 92
9 80
23 27
48 81
46 76
169 173
49 78
172 176
105 133
87 91
7 45
43 93
22 26
34 39
33 42
4 42
108 127
171 174
66 69
9 114
13 114
3 104
160 163
6 42
86 151
2 105
153 159
3 101
10 73
122 126
68 72
171 175
55 58
121 125
90 126
11 80
85 117
127 132
9 113
11 14
174 177
65 68
148 152
28 32
22 25
110 134
83 120
150 153
4 107
45 53
67 71
81 117
19 75
29 33
90 132
81 119
18 21
41 57
125 154
50 84
84 88
5 93
43 92
83 118
6 29
