65 29
52 32
68 16
26 20
34 27
20 16
11 8
72 68
62 59
66 58
67 63
48 36
50 47
64 59
55 32
67 29
70 67
65 27
37 24
70 63
72 12
56 52
51 36
73 60
34 24
63 59
38 22
34 23
34 25
36 32
21 18
41 21
28 23
74 58
23 19
70 61
31 27
67 61
17 14
65 31
70 59
35 30
38 21
31 25
34 31
40 37
55 35
46 40
27 23
58 55
17 13
40 36
26 23
16 12
38 30
15 12
51 46
73 69
45 40
70 60
51 32
62 56
11 7
76 73
52 48
57 51
6 3
39 17
41 37
53 49
42 21
12 7
63 29
50 46
38 18
52 36
9 6
68 20
8 5
51 48
8 3
29 65
32 52
16 68
20 26
27 34
16 20
8 11
68 72
59 62
58 66
63 67
36 48
47 50
59 64
32 55
29 67
67 70
27 65
24 37
63 70
12 72
52 56
36 51
60 73
24 34
59 63
22 38
23 34
25 34
32 36
18 21
21 41
23 28
58 74
19 23
61 70
27 31
61 67
14 17
31 65
59 70
30 35
21 38
25 31
31 34
37 40
35 55
40 46
23 27
55 58
13 17
36 40
23 26
12 16
30 38
12 15
46 51
69 73
40 45
60 70
32 51
56 62
7 11
73 76
48 52
51 57
3 6
17 39
37 41
49 53
21 42
7 12
29 63
46 50
18 38
36 52
6 9
20 68
5 8
48 51
3 8
