17 14
16 13
18 15
17 13
72 69
72 68
40 37
11 8
73 70
15 12
51 48
16 12
21 18
19 16
52 49
53 50
76 73
18 14
41 37
56 53
36 33
20 16
50 47
71 68
52 48
21 17
20 17
41 38
54 51
55 52
51 47
19 15
74 71
11 7
34 31
57 54
70 67
56 52
53 49
35 32
73 69
54 50
9 6
42 39
22 18
12 9
22 19
23 20
74 70
39 36
75 71
75 72
65 29
10 7
36 32
14 11
40 36
58 55
15 11
50 46
42 38
12 8
23 19
71 67
55 51
57 53
34 30
77 74
37 34
66 29
76 72
58 54
64 61
7 4
66 63
13 10
45 42
10 6
63 60
9 5
67 29
14 17
13 16
15 18
13 17
69 72
68 72
37 40
8 11
70 73
12 15
48 51
12 16
18 21
16 19
49 52
50 53
73 76
14 18
37 41
53 56
33 36
16 20
47 50
68 71
48 52
17 21
17 20
38 41
51 54
52 55
47 51
15 19
71 74
7 11
31 34
54 57
67 70
52 56
49 53
32 35
69 73
50 54
6 9
39 42
18 22
9 12
19 22
20 23
70 74
36 39
71 75
72 75
29 65
7 10
32 36
11 14
36 40
55 58
11 15
46 50
38 42
8 12
19 23
67 71
51 55
53 57
30 34
74 77
34 37
29 66
72 76
54 58
61 64
4 7
63 66
10 13
42 45
6 10
60 63
5 9
29 67
