65 29
52 32
68 16
26 20
34 27
20 16
11 8
72 68
62 59
66 58
67 63
48 36
50 47
64 59
55 32
67 29
70 67
65 27
37 24
70 63
72 12
56 52
51 36
73 60
34 24
63 59
38 22
34 23
34 25
36 32
21 18
41 21
28 23
74 58
23 19
70 61
31 27
67 61
17 14
65 31
70 59
35 30
38 21
31 25
34 31
40 37
55 35
46 40
27 23
58 55
17 13
40 36
26 23
16 12
38 30
15 12
51 46
73 69
45 40
70 60
51 32
62 56
11 7
76 73
52 48
57 51
6 3
39 17
41 37
53 49
42 21
12 7
63 29
50 46
38 18
52 36
9 6
68 20
8 5
51 48
8 3
72 15
72 69
53 50
44 38
42 22
51 39
10 6
51 40
30 22
22 17
29 26
21 17
72 16
68 39
9 5
75 21
78 75
63 60
74 68
16 13
76 72
64 61
24 17
59 55
74 54
57 46
71 68
60 45
71 19
60 53
64 56
77 57
8 4
13 9
19 15
27 24
42 38
24 20
49 33
7 4
