17 14
16 13
17 13
72 69
20 16
52 49
18 15
11 8
72 68
18 14
51 48
50 47
65 29
71 68
15 12
21 18
40 37
41 37
68 16
19 16
41 38
19 15
34 27
21 17
52 32
54 51
73 70
53 50
26 20
57 54
56 52
20 17
56 53
54 50
74 71
16 12
76 73
36 33
58 55
72 12
73 69
22 19
36 32
35 32
52 48
34 31
11 7
70 67
55 32
22 18
55 52
53 49
15 11
51 47
40 36
50 46
65 27
23 20
34 23
37 24
67 29
75 72
34 24
10 7
42 39
42 38
57 53
23 19
74 70
48 36
39 36
38 22
58 54
66 58
63 59
51 36
67 63
55 51
37 34
71 67
9 6
73 60
34 25
41 21
12 9
62 59
75 71
63 29
9 5
12 8
34 30
70 63
28 25
8 5
76 72
67 61
64 59
28 23
38 21
14 11
26 23
65 31
10 6
70 59
65 30
27 24
64 61
46 40
77 73
7 4
77 74
45 40
35 30
63 60
27 23
59 56
13 9
37 33
66 63
6 3
28 24
