33 30
73 70
53 49
5 2
24 20
44 39
8 4
75 71
66 63
50 47
44 40
64 59
20 17
76 7
73 3
70 66
57 54
77 73
14 11
38 34
17 14
36 33
41 38
34 31
13 9
15 11
70 58
55 32
21 18
6 2
66 30
68 19
34 22
52 49
56 52
65 31
56 53
51 36
53 50
54 51
19 15
52 32
30 23
42 39
27 23
68 29
65 62
72 4
71 66
71 67
78 75
15 12
58 54
12 9
59 56
40 36
42 38
63 60
72 12
54 50
40 37
55 52
39 36
37 34
27 24
43 40
64 52
12 4
22 18
72 15
68 28
12 7
14 10
34 23
18 14
21 17
7 3
22 19
51 47
48 32
76 3
64 31
29 26
11 7
50 46
78 74
39 35
71 68
70 59
41 37
12 8
71 19
65 59
68 16
35 32
78 73
57 53
44 41
77 74
52 48
8 5
36 32
64 56
26 20
72 69
45 39
45 36
18 15
35 30
64 55
72 68
51 35
67 29
55 51
16 13
75 72
63 59
74 71
66 58
30 22
71 58
35 31
46 39
29 23
11 8
65 29
16 12
23 20
66 29
76 72
34 24
62 56
72 3
35 22
51 48
74 70
26 23
67 30
70 67
74 58
51 32
6 3
62 59
73 58
66 59
66 55
65 32
76 73
28 23
66 31
37 33
46 40
65 30
24 21
23 19
76 6
38 22
73 69
51 46
34 30
67 28
70 60
45 40
38 35
59 55
43 39
58 55
17 13
7 4
13 10
65 55
20 16
19 16
46 36
30 33
70 73
49 53
2 5
20 24
39 44
4 8
71 75
63 66
47 50
40 44
59 64
17 20
7 76
3 73
66 70
54 57
73 77
11 14
34 38
14 17
33 36
38 41
31 34
9 13
11 15
58 70
32 55
18 21
2 6
30 66
19 68
22 34
49 52
52 56
31 65
53 56
36 51
50 53
51 54
15 19
32 52
23 30
39 42
23 27
29 68
62 65
4 72
66 71
67 71
75 78
12 15
54 58
9 12
56 59
36 40
38 42
60 63
12 72
50 54
37 40
52 55
36 39
34 37
24 27
40 43
52 64
4 12
18 22
15 72
28 68
7 12
10 14
23 34
14 18
17 21
3 7
19 22
47 51
32 48
3 76
31 64
26 29
7 11
46 50
74 78
35 39
68 71
59 70
37 41
8 12
19 71
59 65
16 68
32 35
73 78
53 57
41 44
74 77
48 52
5 8
32 36
56 64
20 26
69 72
39 45
36 45
15 18
30 35
55 64
68 72
35 51
29 67
51 55
13 16
72 75
59 63
71 74
58 66
22 30
58 71
31 35
39 46
23 29
8 11
29 65
12 16
20 23
29 66
72 76
24 34
56 62
3 72
22 35
48 51
70 74
23 26
30 67
67 70
58 74
32 51
3 6
59 62
58 73
59 66
55 66
32 65
73 76
23 28
31 66
33 37
40 46
30 65
21 24
19 23
6 76
22 38
69 73
46 51
30 34
28 67
60 70
40 45
35 38
55 59
39 43
55 58
13 17
4 7
10 13
55 65
16 20
16 19
36 46
