39 25
24 16
40 18
46 42
30 27
56 31
77 2
74 5
22 19
39 24
55 33
77 60
41 15
69 12
77 58
74 7
48 42
39 15
57 30
71 11
39 16
58 29
63 14
39 17
67 15
51 34
41 8
76 5
52 36
25 17
77 59
22 17
77 3
54 35
47 40
76 6
52 37
59 28
67 13
56 32
49 38
64 16
74 6
47 41
40 17
21 17
70 10
43 12
42 14
45 42
36 33
58 31
52 32
66 14
50 41
70 8
69 11
53 34
38 26
76 38
65 16
72 9
69 8
72 10
41 10
52 33
55 52
49 39
50 37
11 8
59 29
73 70
49 37
71 10
55 34
46 43
75 62
41 12
20 17
27 24
67 14
75 63
64 61
76 7
51 37
51 39
76 62
40 15
50 40
30 26
65 13
52 35
25 16
39 14
69 13
70 11
75 5
68 14
57 28
23 18
67 64
47 42
75 6
56 33
69 14
52 38
47 43
42 13
69 41
70 12
41 11
66 15
23 17
51 36
74 62
68 12
55 31
77 62
61 27
77 6
52 6
64 14
69 10
76 60
36 32
76 59
74 8
41 14
49 40
77 61
43 11
57 31
66 13
75 8
71 7
55 32
77 74
73 8
25 18
58 28
53 35
49 41
51 38
58 27
68 11
57 29
43 13
75 61
57 32
40 16
42 15
77 5
58 32
64 15
26 16
58 26
54 34
75 7
50 8
77 4
40 14
38 25
67 63
72 8
60 28
71 8
50 39
38 16
18 15
76 58
37 25
61 58
51 35
39 26
71 9
42 12
48 41
61 28
24 17
41 13
76 61
24 18
54 33
58 30
22 18
72 7
52 34
73 7
65 15
39 18
73 69
65 14
50 38
48 40
68 13
25 39
16 24
18 40
42 46
27 30
31 56
2 77
5 74
19 22
24 39
33 55
60 77
15 41
12 69
58 77
7 74
42 48
15 39
30 57
11 71
16 39
29 58
14 63
17 39
15 67
34 51
8 41
5 76
36 52
17 25
59 77
17 22
3 77
35 54
40 47
6 76
37 52
28 59
13 67
32 56
38 49
16 64
6 74
41 47
17 40
17 21
10 70
12 43
14 42
42 45
33 36
31 58
32 52
14 66
41 50
8 70
11 69
34 53
26 38
38 76
16 65
9 72
8 69
10 72
10 41
33 52
52 55
39 49
37 50
8 11
29 59
70 73
37 49
10 71
34 55
43 46
62 75
12 41
17 20
24 27
14 67
63 75
61 64
7 76
37 51
39 51
62 76
15 40
40 50
26 30
13 65
35 52
16 25
14 39
13 69
11 70
5 75
14 68
28 57
18 23
64 67
42 47
6 75
33 56
14 69
38 52
43 47
13 42
41 69
12 70
11 41
15 66
17 23
36 51
62 74
12 68
31 55
62 77
27 61
6 77
6 52
14 64
10 69
60 76
32 36
59 76
8 74
14 41
40 49
61 77
11 43
31 57
13 66
8 75
7 71
32 55
74 77
8 73
18 25
28 58
35 53
41 49
38 51
27 58
11 68
29 57
13 43
61 75
32 57
16 40
15 42
5 77
32 58
15 64
16 26
26 58
34 54
7 75
8 50
4 77
14 40
25 38
63 67
8 72
28 60
8 71
39 50
16 38
15 18
58 76
25 37
58 61
35 51
26 39
9 71
12 42
41 48
28 61
17 24
13 41
61 76
18 24
33 54
30 58
18 22
7 72
34 52
7 73
15 65
18 39
69 73
14 65
38 50
40 48
13 68
