30 27
49 37
57 31
36 33
67 64
77 5
55 34
73 70
39 14
74 5
36 26
22 19
30 26
60 28
55 33
47 40
77 59
51 37
54 4
67 63
36 30
74 62
76 58
77 60
72 7
65 16
45 42
25 16
74 7
77 62
37 25
55 31
41 8
40 15
22 18
58 26
56 31
77 58
31 28
47 44
51 35
75 39
65 23
71 11
41 12
46 43
73 63
50 37
76 61
23 20
54 34
47 43
73 69
77 4
47 41
53 4
68 11
61 28
73 7
55 52
56 32
55 32
53 35
53 34
47 42
40 14
48 43
21 17
77 61
51 36
46 42
54 33
41 13
44 41
68 13
76 39
69 63
40 25
48 10
76 62
76 60
31 27
39 15
59 28
21 18
61 24
23 19
48 11
61 58
77 74
20 17
42 15
29 26
74 63
40 16
76 38
41 9
57 29
43 40
77 6
65 24
48 12
76 59
28 25
65 17
48 41
49 40
48 40
41 14
37 26
76 5
57 30
11 8
44 40
56 52
23 18
45 41
76 26
77 3
75 69
27 30
37 49
31 57
33 36
64 67
5 77
34 55
70 73
14 39
5 74
26 36
19 22
26 30
28 60
33 55
40 47
59 77
37 51
4 54
63 67
30 36
62 74
58 76
60 77
7 72
16 65
42 45
16 25
7 74
62 77
25 37
31 55
8 41
15 40
18 22
26 58
31 56
58 77
28 31
44 47
35 51
39 75
23 65
11 71
12 41
43 46
63 73
37 50
61 76
20 23
34 54
43 47
69 73
4 77
41 47
4 53
11 68
28 61
7 73
52 55
32 56
32 55
35 53
34 53
42 47
14 40
43 48
17 21
61 77
36 51
42 46
33 54
13 41
41 44
13 68
39 76
63 69
25 40
10 48
62 76
60 76
27 31
15 39
28 59
18 21
24 61
19 23
11 48
58 61
74 77
17 20
15 42
26 29
63 74
16 40
38 76
9 41
29 57
40 43
6 77
24 65
12 48
59 76
25 28
17 65
41 48
40 49
40 48
14 41
26 37
5 76
30 57
8 11
40 44
52 56
18 23
41 45
26 76
3 77
69 75
