55 33
49 37
30 27
57 31
77 60
60 28
67 64
36 33
55 34
36 26
73 70
74 5
77 5
77 62
39 14
36 30
25 16
37 25
75 39
76 58
74 62
30 26
77 59
22 19
47 40
54 4
65 23
58 26
65 16
51 37
41 8
73 63
76 61
61 24
74 7
40 25
76 39
76 38
45 42
51 35
71 11
72 7
68 13
69 63
68 11
76 26
41 12
61 28
55 52
48 10
21 17
59 28
49 40
48 43
67 63
22 18
75 69
41 9
42 15
40 15
47 44
65 17
53 4
52 32
48 11
46 43
54 34
56 52
61 58
55 31
77 74
49 25
64 27
23 20
66 42
40 16
73 67
65 24
47 42
48 13
47 15
72 46
52 38
39 24
24 17
61 26
48 12
73 69
27 16
44 40
53 6
53 35
48 41
11 8
39 16
71 48
47 43
75 63
73 41
7 4
38 32
68 48
21 2
47 23
69 41
57 29
62 5
48 15
70 11
43 10
48 9
75 8
51 48
27 23
24 14
50 9
49 46
21 18
63 24
56 32
33 55
37 49
27 30
31 57
60 77
28 60
64 67
33 36
34 55
26 36
70 73
5 74
5 77
62 77
14 39
30 36
16 25
25 37
39 75
58 76
62 74
26 30
59 77
19 22
40 47
4 54
23 65
26 58
16 65
37 51
8 41
63 73
61 76
24 61
7 74
25 40
39 76
38 76
42 45
35 51
11 71
7 72
13 68
63 69
11 68
26 76
12 41
28 61
52 55
10 48
17 21
28 59
40 49
43 48
63 67
18 22
69 75
9 41
15 42
15 40
44 47
17 65
4 53
32 52
11 48
43 46
34 54
52 56
58 61
31 55
74 77
25 49
27 64
20 23
42 66
16 40
67 73
24 65
42 47
13 48
15 47
46 72
38 52
24 39
17 24
26 61
12 48
69 73
16 27
40 44
6 53
35 53
41 48
8 11
16 39
48 71
43 47
63 75
41 73
4 7
32 38
48 68
2 21
23 47
41 69
29 57
5 62
15 48
11 70
10 43
9 48
8 75
48 51
23 27
14 24
9 50
46 49
18 21
24 63
32 56
