67 64
30 27
73 70
22 19
57 31
77 5
36 33
55 33
77 59
77 58
55 34
46 43
30 26
47 40
39 14
47 44
49 37
56 31
22 18
77 60
31 28
45 42
51 37
47 41
21 18
47 43
60 28
50 37
67 63
23 20
55 31
77 62
55 32
40 15
40 14
77 4
44 41
51 36
74 62
47 42
76 58
51 35
55 52
77 61
56 32
54 33
74 5
23 19
20 17
73 69
54 34
73 7
56 33
53 34
74 7
36 26
57 32
37 25
74 63
76 61
29 26
72 7
46 42
31 27
41 15
73 63
41 12
54 4
77 6
53 35
39 15
57 30
25 16
36 30
48 43
52 35
41 13
61 28
21 17
23 18
64 67
27 30
70 73
19 22
31 57
5 77
33 36
33 55
59 77
58 77
34 55
43 46
26 30
40 47
14 39
44 47
37 49
31 56
18 22
60 77
28 31
42 45
37 51
41 47
18 21
43 47
28 60
37 50
63 67
20 23
31 55
62 77
32 55
15 40
14 40
4 77
41 44
36 51
62 74
42 47
58 76
35 51
52 55
61 77
32 56
33 54
5 74
19 23
17 20
69 73
34 54
7 73
33 56
34 53
7 74
26 36
32 57
25 37
63 74
61 76
26 29
7 72
42 46
27 31
15 41
63 73
12 41
4 54
6 77
35 53
15 39
30 57
16 25
30 36
43 48
35 52
13 41
28 61
17 21
18 23
