137 134
130 127
137 133
136 133
134 131
135 132
128 125
50 42
135 131
65 50
131 128
136 132
132 128
134 130
138 134
130 126
129 126
131 127
129 125
69 48
132 129
133 130
138 135
97 91
67 48
133 129
88 76
147 128
127 124
123 116
19 16
48 44
53 39
128 124
49 7
9 6
123 118
131 116
52 42
86 76
38 13
144 141
63 54
40 13
96 93
140 101
54 40
43 11
84 81
145 114
145 142
131 123
68 49
37 19
61 54
139 136
53 41
139 135
130 91
83 80
74 71
97 92
65 52
63 52
66 51
118 17
65 51
97 94
97 93
127 123
68 48
28 25
83 79
50 44
42 11
67 50
142 132
84 80
134 137
127 130
133 137
133 136
131 134
132 135
125 128
42 50
131 135
50 65
128 131
132 136
128 132
130 134
134 138
126 130
126 129
127 131
125 129
48 69
129 132
130 133
135 138
91 97
48 67
129 133
76 88
128 147
124 127
116 123
16 19
44 48
39 53
124 128
7 49
6 9
118 123
116 131
42 52
76 86
13 38
141 144
54 63
13 40
93 96
101 140
40 54
11 43
81 84
114 145
142 145
123 131
49 68
19 37
54 61
136 139
41 53
135 139
91 130
80 83
71 74
92 97
52 65
52 63
51 66
17 118
51 65
94 97
93 97
123 127
48 68
25 28
79 83
44 50
11 42
50 67
132 142
80 84
