50 42
48 44
147 128
96 93
49 7
131 116
65 50
88 76
138 134
69 48
97 91
137 134
145 114
144 141
67 48
123 116
53 39
19 16
123 118
63 54
140 101
131 123
9 6
129 125
52 42
127 97
134 131
43 11
130 91
37 19
118 17
40 13
130 127
128 125
49 11
61 54
137 133
86 76
38 13
100 10
54 40
134 99
142 132
39 10
66 16
131 99
99 91
135 99
121 15
95 9
74 70
135 114
145 132
132 128
103 36
123 17
83 80
143 6
75 4
71 61
76 71
134 90
146 22
55 33
84 78
100 89
75 5
145 20
43 8
84 69
131 91
117 79
136 133
67 46
149 35
123 104
17 2
74 5
123 99
145 142
130 126
51 39
99 90
117 53
108 105
110 105
148 16
89 5
97 92
61 19
134 91
42 11
115 53
135 131
66 53
81 77
8 3
111 21
134 127
138 99
91 58
77 66
120 96
147 125
53 41
144 20
53 16
126 73
143 57
66 41
28 24
147 142
143 136
138 4
33 28
149 133
117 51
112 101
85 81
91 2
83 21
122 118
117 98
111 104
119 14
144 52
79 10
127 123
114 101
65 52
131 124
130 45
69 44
118 6
130 73
77 51
78 71
125 6
90 75
115 16
138 90
150 89
98 10
148 15
141 137
81 30
32 27
109 95
63 52
140 114
50 44
15 12
46 41
117 68
16 10
110 24
30 23
125 40
99 88
101 90
58 26
79 68
130 58
124 95
79 53
37 21
51 9
119 94
61 20
138 111
85 69
55 5
126 4
35 32
129 3
119 93
115 68
90 76
131 36
87 68
72 8
41 10
60 28
47 9
114 96
120 8
133 129
37 16
53 10
79 39
103 88
112 78
68 49
99 26
70 61
80 21
136 126
74 3
76 73
72 59
80 69
68 27
135 116
74 71
37 20
127 124
49 43
92 89
70 49
77 7
58 31
70 56
115 41
128 124
115 87
10 5
143 132
61 57
85 68
64 10
101 93
139 89
87 53
78 69
73 3
85 39
68 56
59 35
100 41
115 81
135 60
73 31
68 64
101 88
42 50
44 48
128 147
93 96
7 49
116 131
50 65
76 88
134 138
48 69
91 97
134 137
114 145
141 144
48 67
116 123
39 53
16 19
118 123
54 63
101 140
123 131
6 9
125 129
42 52
97 127
131 134
11 43
91 130
19 37
17 118
13 40
127 130
125 128
11 49
54 61
133 137
76 86
13 38
10 100
40 54
99 134
132 142
10 39
16 66
99 131
91 99
99 135
15 121
9 95
70 74
114 135
132 145
128 132
36 103
17 123
80 83
6 143
4 75
61 71
71 76
90 134
22 146
33 55
78 84
89 100
5 75
20 145
8 43
69 84
91 131
79 117
133 136
46 67
35 149
104 123
2 17
5 74
99 123
142 145
126 130
39 51
90 99
53 117
105 108
105 110
16 148
5 89
92 97
19 61
91 134
11 42
53 115
131 135
53 66
77 81
3 8
21 111
127 134
99 138
58 91
66 77
96 120
125 147
41 53
20 144
16 53
73 126
57 143
41 66
24 28
142 147
136 143
4 138
28 33
133 149
51 117
101 112
81 85
2 91
21 83
118 122
98 117
104 111
14 119
52 144
10 79
123 127
101 114
52 65
124 131
45 130
44 69
6 118
73 130
51 77
71 78
6 125
75 90
16 115
90 138
89 150
10 98
15 148
137 141
30 81
27 32
95 109
52 63
114 140
44 50
12 15
41 46
68 117
10 16
24 110
23 30
40 125
88 99
90 101
26 58
68 79
58 130
95 124
53 79
21 37
9 51
94 119
20 61
111 138
69 85
5 55
4 126
32 35
3 129
93 119
68 115
76 90
36 131
68 87
8 72
10 41
28 60
9 47
96 114
8 120
129 133
16 37
10 53
39 79
88 103
78 112
49 68
26 99
61 70
21 80
126 136
3 74
73 76
59 72
69 80
27 68
116 135
71 74
20 37
124 127
43 49
89 92
49 70
7 77
31 58
56 70
41 115
124 128
87 115
5 10
132 143
57 61
68 85
10 64
93 101
89 139
53 87
69 78
3 73
39 85
56 68
35 59
41 100
81 115
60 135
31 73
64 68
88 101
