50 42
48 44
147 128
96 93
49 7
131 116
65 50
88 76
138 134
69 48
97 91
137 134
145 114
144 141
67 48
123 116
53 39
19 16
123 118
63 54
140 101
131 123
9 6
129 125
52 42
127 97
134 131
43 11
130 91
37 19
118 17
40 13
130 127
128 125
49 11
61 54
137 133
86 76
38 13
100 10
54 40
134 99
142 132
39 10
66 16
131 99
99 91
135 99
121 15
95 9
74 70
135 114
145 132
132 128
103 36
123 17
83 80
143 6
75 4
71 61
76 71
134 90
146 22
55 33
84 78
100 89
75 5
145 20
43 8
84 69
131 91
117 79
136 133
67 46
149 35
123 104
17 2
74 5
123 99
145 142
130 126
51 39
99 90
117 53
108 105
110 105
148 16
89 5
97 92
61 19
134 91
42 11
115 53
135 131
66 53
81 77
8 3
111 21
134 127
138 99
91 58
77 66
120 96
147 125
53 41
144 20
53 16
126 73
143 57
66 41
28 24
147 142
143 136
138 4
33 28
149 133
117 51
112 101
85 81
91 2
83 21
122 118
117 98
111 104
119 14
144 52
79 10
127 123
114 101
65 52
131 124
130 45
69 44
118 6
130 73
77 51
78 71
125 6
90 75
115 16
138 90
150 89
98 10
148 15
141 137
81 30
32 27
109 95
63 52
140 114
50 44
15 12
46 41
117 68
16 10
110 24
