50 42
48 44
147 128
96 93
49 7
131 116
65 50
88 76
138 134
69 48
97 91
137 134
145 114
144 141
67 48
123 116
53 39
19 16
123 118
63 54
140 101
131 123
9 6
129 125
52 42
127 97
134 131
43 11
130 91
37 19
118 17
40 13
130 127
128 125
49 11
61 54
137 133
86 76
38 13
100 10
54 40
134 99
142 132
39 10
66 16
131 99
99 91
135 99
121 15
95 9
74 70
135 114
145 132
132 128
103 36
123 17
83 80
143 6
75 4
71 61
76 71
134 90
146 22
55 33
84 78
100 89
75 5
145 20
43 8
84 69
131 91
117 79
136 133
67 46
149 35
123 104
17 2
74 5
42 50
44 48
128 147
93 96
7 49
116 131
50 65
76 88
134 138
48 69
91 97
134 137
114 145
141 144
48 67
116 123
39 53
16 19
118 123
54 63
101 140
123 131
6 9
125 129
42 52
97 127
131 134
11 43
91 130
19 37
17 118
13 40
127 130
125 128
11 49
54 61
133 137
76 86
13 38
10 100
40 54
99 134
132 142
10 39
16 66
99 131
91 99
99 135
15 121
9 95
70 74
114 135
132 145
128 132
36 103
17 123
80 83
6 143
4 75
61 71
71 76
90 134
22 146
33 55
78 84
89 100
5 75
20 145
8 43
69 84
91 131
79 117
133 136
46 67
35 149
104 123
2 17
5 74
