137 134
130 127
137 133
136 133
134 131
135 132
128 125
50 42
135 131
65 50
131 128
136 132
132 128
134 130
138 134
130 126
129 126
131 127
129 125
69 48
132 129
133 130
138 135
97 91
67 48
133 129
88 76
147 128
127 124
123 116
19 16
48 44
53 39
128 124
49 7
9 6
123 118
131 116
52 42
86 76
38 13
144 141
63 54
40 13
96 93
140 101
54 40
43 11
84 81
145 114
145 142
131 123
68 49
37 19
61 54
139 136
53 41
139 135
130 91
83 80
74 71
97 92
65 52
63 52
66 51
118 17
65 51
97 94
97 93
127 123
68 48
28 25
83 79
50 44
42 11
67 50
142 132
84 80
75 71
67 49
145 132
85 82
53 40
75 72
60 57
64 52
5 2
49 42
99 90
49 11
84 78
6 3
74 5
74 70
66 50
50 43
146 143
108 105
134 99
109 106
121 15
85 81
49 43
52 41
84 69
55 33
103 36
27 24
127 97
61 56
47 44
100 89
66 16
81 78
71 61
26 23
100 10
76 71
131 99
54 39
35 32
122 118
67 46
109 105
75 5
51 39
86 77
29 26
135 99
81 77
82 79
39 10
28 24
48 43
98 91
69 49
67 64
131 91
74 3
99 91
37 34
51 42
32 27
61 58
48 45
64 53
51 40
96 92
145 141
78 67
66 63
87 76
37 20
123 120
37 21
99 89
