115 101
53 38
151 146
120 96
119 14
150 146
60 56
127 99
41 14
116 99
131 97
82 79
103 85
139 109
90 75
63 39
68 51
52 42
91 2
26 23
134 99
152 15
97 91
135 114
48 43
77 70
114 20
27 20
130 99
104 86
70 47
115 19
108 103
118 15
56 31
101 87
124 97
111 22
126 96
79 67
127 17
151 17
98 41
82 36
129 125
138 135
152 121
33 26
49 41
64 52
55 35
54 36
124 118
118 14
32 25
132 129
109 22
124 96
127 116
76 73
10 7
142 23
152 148
126 97
100 88
138 134
108 22
27 24
151 123
127 96
110 107
114 102
53 39
90 2
40 14
62 55
121 15
130 116
50 44
101 88
66 50
128 123
105 86
51 41
19 16
67 49
77 71
146 18
70 46
35 19
114 90
74 6
141 23
117 100
115 18
83 33
97 92
105 85
112 103
50 40
62 56
112 102
130 127
143 18
145 17
63 53
27 21
87 77
84 81
115 99
140 114
115 16
87 78
38 16
63 54
115 38
56 30
113 19
98 91
89 75
142 28
131 128
77 69
133 130
67 48
26 21
59 56
153 150
148 122
119 97
135 20
151 148
134 131
151 147
131 99
11 8
151 15
52 40
99 92
50 42
49 43
146 16
41 10
116 19
101 90
86 78
66 52
28 25
79 66
35 32
70 49
131 114
104 83
148 123
99 91
9 6
123 17
134 130
87 49
52 41
49 42
54 39
74 70
41 11
47 43
92 5
66 53
133 129
62 57
143 19
39 13
51 38
60 57
50 41
127 124
53 37
140 22
136 133
102 34
151 16
129 126
114 100
65 53
33 25
114 21
37 16
49 10
151 121
86 77
128 116
119 15
48 44
116 16
96 93
103 84
116 98
69 48
150 147
113 103
61 55
35 26
92 89
137 134
79 68
113 101
68 48
117 14
141 24
36 16
141 22
118 97
146 123
113 27
111 102
128 17
134 114
82 33
103 88
144 18
64 55
104 85
102 87
110 23
42 11
88 75
89 5
115 20
37 15
75 5
74 4
117 98
52 39
117 16
32 27
74 3
127 118
49 44
102 88
40 12
121 118
78 69
142 21
145 128
100 90
108 105
112 108
89 77
98 94
75 3
32 29
75 2
43 10
81 66
78 68
92 2
142 26
47 8
111 103
57 31
147 123
102 84
42 12
35 29
138 112
61 56
138 20
85 80
117 15
143 20
118 96
47 44
131 18
85 78
65 50
34 26
51 42
142 27
113 21
139 112
78 71
140 135
111 106
43 11
87 68
85 79
135 132
65 51
145 123
117 17
74 5
117 97
74 2
56 35
113 22
32 28
34 27
55 36
43 8
113 34
51 40
128 124
131 17
111 104
98 92
75 4
55 37
38 15
62 54
76 71
115 100
74 7
117 99
111 26
52 38
32 26
97 93
40 13
88 76
47 7
97 17
35 30
66 51
14 10
26 22
94 10
87 84
43 7
130 91
144 20
68 50
112 109
70 7
132 128
41 38
153 149
134 90
117 38
111 84
99 89
84 34
5 2
54 37
98 10
64 53
61 54
109 23
114 99
119 95
110 26
128 18
141 21
136 132
134 91
138 22
144 19
113 26
89 76
113 20
64 54
107 104
104 84
35 31
106 85
118 17
78 70
128 125
142 24
111 107
38 14
68 49
41 12
111 83
82 34
48 7
142 20
81 64
108 104
100 89
110 22
123 118
102 86
35 27
49 7
100 87
127 97
131 127
151 122
84 79
138 114
79 69
110 104
151 118
113 102
99 90
94 9
143 135
115 17
140 112
28 24
77 48
116 17
144 27
112 101
145 18
27 19
86 76
102 79
130 126
116 18
148 121
124 17
114 19
119 96
67 50
77 49
98 89
53 36
152 149
65 52
119 13
131 116
87 51
92 10
113 84
146 17
112 22
135 131
87 76
114 101
34 21
94 6
39 14
140 21
103 86
122 118
111 108
24 21
50 43
77 68
143 140
64 36
63 55
102 82
89 2
82 66
87 79
116 97
140 20
120 15
86 79
139 22
98 14
130 97
112 21
70 48
63 52
62 58
