137 134
130 127
137 133
136 133
134 131
135 132
128 125
50 42
135 131
65 50
131 128
136 132
132 128
134 130
138 134
130 126
129 126
131 127
129 125
69 48
132 129
133 130
138 135
97 91
67 48
133 129
88 76
147 128
127 124
123 116
19 16
48 44
53 39
128 124
49 7
9 6
123 118
131 116
52 42
86 76
38 13
144 141
63 54
40 13
96 93
140 101
54 40
43 11
84 81
145 114
145 142
131 123
68 49
37 19
61 54
139 136
53 41
139 135
130 91
83 80
74 71
97 92
65 52
63 52
66 51
118 17
65 51
97 94
97 93
127 123
68 48
28 25
83 79
50 44
42 11
67 50
142 132
84 80
75 71
67 49
145 132
85 82
53 40
75 72
60 57
64 52
5 2
49 42
99 90
49 11
84 78
6 3
74 5
74 70
66 50
50 43
146 143
108 105
134 99
109 106
121 15
85 81
49 43
52 41
84 69
55 33
103 36
27 24
127 97
61 56
47 44
100 89
66 16
81 78
71 61
26 23
100 10
76 71
131 99
54 39
35 32
122 118
67 46
109 105
75 5
51 39
86 77
29 26
135 99
81 77
82 79
39 10
28 24
48 43
98 91
69 49
67 64
131 91
74 3
99 91
37 34
51 42
32 27
61 58
48 45
64 53
51 40
96 92
145 141
78 67
66 63
87 76
37 20
123 120
37 21
99 89
59 56
143 136
49 44
101 88
145 20
20 17
74 4
110 105
51 41
75 4
76 73
95 9
99 88
101 90
138 99
123 119
143 6
146 142
134 90
61 57
121 118
86 78
52 40
88 75
62 54
33 28
76 72
134 127
117 79
111 104
54 41
111 21
30 26
79 68
141 137
135 114
53 42
30 27
63 53
146 22
78 71
77 66
96 91
122 119
82 78
27 23
134 91
131 124
15 12
98 94
66 53
143 132
98 95
10 6
110 106
123 17
86 83
144 132
125 122
85 68
41 11
70 49
119 15
39 13
41 10
32 28
65 48
114 101
87 77
30 25
147 142
100 88
46 42
140 136
141 138
98 92
119 14
52 39
