152 149
153 150
14 11
153 149
12 9
154 151
13 10
139 136
176 173
150 147
7 4
151 148
180 176
140 137
172 169
42 39
13 9
179 176
181 177
14 10
180 177
15 11
115 112
45 42
43 38
152 148
151 147
79 76
154 150
15 12
155 152
75 72
46 43
112 109
141 138
43 39
142 139
98 88
115 67
109 70
170 167
76 72
177 173
5 2
43 40
123 59
91 88
178 175
81 78
140 136
116 67
177 174
168 40
146 143
117 67
80 66
76 73
97 90
181 178
175 172
97 89
101 82
174 171
162 158
128 125
143 140
161 158
97 94
155 151
116 69
171 168
114 111
169 37
115 68
16 13
116 70
162 159
116 68
98 89
73 70
90 60
96 93
143 139
44 41
42 38
166 106
178 174
156 153
132 129
56 53
47 44
6 3
138 135
85 82
151 146
131 128
8 5
162 20
77 74
142 138
45 27
70 67
179 175
141 137
106 43
79 72
12 8
78 75
101 85
80 77
117 83
83 80
160 157
144 141
137 134
10 7
97 88
148 64
35 32
86 63
132 128
96 90
86 64
121 63
11 8
124 88
161 157
78 74
98 95
72 69
117 70
149 15
119 26
171 167
51 23
147 80
85 65
7 3
123 60
74 71
85 64
117 108
176 172
90 87
92 89
36 33
130 127
168 39
88 60
71 68
129 126
139 135
117 68
89 86
117 69
136 133
36 32
9 6
8 4
118 68
82 79
91 52
117 109
55 52
104 43
48 45
115 111
115 69
109 105
16 12
135 132
164 34
99 84
113 110
30 27
80 76
57 54
100 85
84 65
148 80
130 87
89 60
90 59
138 134
149 152
150 153
11 14
149 153
9 12
151 154
10 13
136 139
173 176
147 150
4 7
148 151
176 180
137 140
169 172
39 42
9 13
176 179
177 181
10 14
177 180
11 15
112 115
42 45
38 43
148 152
147 151
76 79
150 154
12 15
152 155
72 75
43 46
109 112
138 141
39 43
139 142
88 98
67 115
70 109
167 170
72 76
173 177
2 5
40 43
59 123
88 91
175 178
78 81
136 140
67 116
174 177
40 168
143 146
67 117
66 80
73 76
90 97
178 181
172 175
89 97
82 101
171 174
158 162
125 128
140 143
158 161
94 97
151 155
69 116
168 171
111 114
37 169
68 115
13 16
70 116
159 162
68 116
89 98
70 73
60 90
93 96
139 143
41 44
38 42
106 166
174 178
153 156
129 132
53 56
44 47
3 6
135 138
82 85
146 151
128 131
5 8
20 162
74 77
138 142
27 45
67 70
175 179
137 141
43 106
72 79
8 12
75 78
85 101
77 80
83 117
80 83
157 160
141 144
134 137
7 10
88 97
64 148
32 35
63 86
128 132
90 96
64 86
63 121
8 11
88 124
157 161
74 78
95 98
69 72
70 117
15 149
26 119
167 171
23 51
80 147
65 85
3 7
60 123
71 74
64 85
108 117
172 176
87 90
89 92
33 36
127 130
39 168
60 88
68 71
126 129
135 139
68 117
86 89
69 117
133 136
32 36
6 9
4 8
68 118
79 82
52 91
109 117
52 55
43 104
45 48
111 115
69 115
105 109
12 16
132 135
34 164
84 99
110 113
27 30
76 80
54 57
85 100
65 84
80 148
87 130
60 89
59 90
134 138
