106 83
121 62
52 22
155 87
145 79
81 70
157 153
89 61
112 71
44 40
151 146
97 63
164 34
103 65
159 15
115 112
169 112
115 70
148 82
168 107
134 101
30 26
157 152
167 116
157 62
177 44
49 25
173 39
9 5
113 73
137 103
50 23
75 72
169 108
168 40
170 109
91 55
174 109
77 70
159 18
82 64
91 57
48 25
72 69
83 65
87 62
171 41
22 18
91 60
90 58
76 72
166 119
160 19
86 63
118 15
168 117
166 36
144 82
97 86
154 151
34 4
162 21
109 71
13 10
98 87
144 140
94 46
118 14
116 14
10 7
164 18
139 135
92 49
50 22
161 121
162 18
157 124
169 113
165 116
152 148
76 73
161 52
52 21
160 15
114 108
137 102
152 120
145 78
155 130
150 147
18 2
121 63
89 62
164 35
88 62
119 31
94 86
119 65
84 63
174 40
103 83
93 89
157 123
148 118
156 153
162 120
134 99
152 15
81 78
115 106
83 67
117 83
86 62
158 123
94 50
47 26
159 19
174 107
170 108
130 98
160 152
82 65
117 65
48 26
171 40
90 59
80 66
132 101
115 72
144 79
92 52
55 51
15 11
132 100
119 50
36 31
113 108
98 86
167 37
168 39
118 65
91 56
174 108
80 67
121 22
82 67
177 107
161 158
128 60
148 64
164 2
87 63
141 135
80 70
175 172
90 61
143 139
160 18
11 6
163 119
88 60
105 44
103 45
29 25
21 2
163 121
59 56
12 6
31 24
21 18
148 80
121 50
153 150
43 40
148 120
169 40
163 21
151 148
174 170
119 22
89 86
151 147
84 65
179 175
124 59
116 68
31 22
164 31
115 108
106 44
166 37
151 85
123 61
122 61
49 24
134 100
103 84
121 61
167 117
84 64
104 83
168 108
127 124
80 14
109 72
38 26
180 137
94 63
14 11
112 73
120 18
162 121
93 90
11 7
163 20
10 6
17 2
171 39
177 173
17 12
164 24
127 88
96 93
115 73
157 122
167 38
151 132
34 5
16 12
144 81
97 87
154 150
92 55
177 104
162 20
178 175
36 32
91 61
120 14
174 110
163 120
75 71
160 16
180 177
89 60
166 43
52 23
155 128
116 67
165 11
152 122
105 45
44 41
163 2
116 73
103 46
168 106
162 52
181 104
161 123
51 23
8 4
164 119
34 9
79 68
169 111
100 86
167 115
135 101
79 70
34 11
120 63
17 6
92 61
120 65
55 52
143 83
79 13
30 25
139 136
166 35
146 81
97 88
147 80
115 69
161 18
112 74
155 62
96 89
170 113
76 70
121 18
106 38
63 50
124 60
47 24
68 13
135 85
101 84
42 29
178 174
90 57
99 85
170 110
105 83
50 24
169 115
165 118
112 108
136 102
173 44
92 51
115 67
97 94
73 68
92 89
149 14
43 29
102 99
123 59
118 67
49 23
146 66
145 80
117 43
142 133
42 39
177 40
66 14
116 11
81 66
181 177
127 60
45 27
102 84
181 138
85 63
73 69
161 19
146 80
165 36
116 69
118 11
143 104
38 31
100 85
143 82
135 100
162 53
120 64
76 68
47 25
152 62
124 62
163 160
171 168
45 26
78 71
105 43
42 38
81 67
169 37
42 27
160 122
140 135
143 101
76 69
180 138
178 107
101 82
164 22
20 2
163 52
124 61
68 14
140 104
164 23
166 24
42 26
119 24
101 83
99 84
144 70
149 16
164 21
170 111
112 69
85 65
160 120
159 16
174 106
50 47
117 66
35 9
48 27
122 64
126 60
120 22
76 71
128 88
158 122
101 85
42 28
104 101
166 117
170 112
17 5
142 135
103 99
97 93
94 47
50 25
31 23
116 9
119 64
115 107
181 140
112 109
94 89
15 12
152 64
9 4
143 81
113 72
96 91
132 85
173 40
54 20
32 23
179 176
11 5
97 90
128 124
153 149
112 72
108 40
106 43
155 152
114 69
181 137
163 22
166 31
5 2
53 21
114 37
137 104
92 50
169 114
165 117
29 26
85 82
120 66
165 35
118 68
96 90
173 41
97 89
107 104
106 40
121 52
155 151
137 105
128 87
78 70
162 19
99 86
53 20
104 84
35 31
159 17
116 35
165 31
130 100
85 64
160 121
117 67
168 43
177 174
30 24
176 173
167 114
100 87
149 15
52 20
170 40
166 38
38 29
43 26
161 122
146 82
167 35
105 40
86 64
135 102
106 67
146 143
164 118
79 69
174 171
17 11
151 64
118 66
165 34
51 22
118 64
162 55
161 61
18 5
89 63
122 62
77 71
143 135
167 36
152 149
114 73
124 88
130 87
128 62
87 60
168 37
148 66
162 22
161 20
34 21
165 9
181 178
148 14
160 17
124 87
31 25
90 60
170 107
43 39
177 105
34 2
168 114
148 15
163 118
144 78
12 5
107 40
121 64
70 67
79 76
180 176
165 119
120 15
143 140
172 41
98 88
181 139
91 58
168 115
80 68
168 38
91 59
43 38
84 46
144 80
30 23
82 66
36 33
7 4
163 18
119 63
83 66
117 106
98 89
59 55
134 102
