166 106
101 82
149 15
115 67
63 50
43 38
124 88
123 59
109 70
119 26
168 40
169 37
148 64
98 88
13 9
80 66
121 22
151 146
115 112
150 147
121 63
101 85
148 80
109 105
144 81
88 60
146 143
130 87
147 80
85 82
162 20
51 23
117 83
119 84
116 69
45 27
117 109
180 176
103 84
117 67
146 82
79 76
119 24
97 90
160 124
85 64
106 43
164 34
143 71
91 52
62 18
128 88
100 26
36 32
139 136
12 9
148 66
103 65
165 7
91 88
165 36
124 60
131 128
160 122
84 50
90 60
152 80
81 70
84 65
97 89
157 152
42 39
118 80
70 67
86 63
15 11
76 72
168 117
164 36
96 90
129 98
181 177
73 70
154 132
178 82
118 68
79 72
179 176
119 50
162 158
89 63
180 177
75 72
45 42
105 44
54 50
132 128
152 64
178 81
152 122
117 108
78 74
153 150
103 86
99 84
104 43
49 25
25 19
117 70
167 114
169 114
91 61
160 120
76 73
90 59
162 65
171 41
89 62
63 26
162 21
107 70
7 4
136 133
14 11
129 56
121 26
43 37
142 139
140 136
165 118
10 2
171 167
174 171
93 74
170 167
135 82
123 90
171 88
95 57
52 20
52 36
145 66
122 64
115 24
143 67
156 125
89 52
164 20
157 125
152 148
162 22
168 32
179 173
42 30
156 98
89 86
177 105
170 110
94 88
74 65
146 139
92 45
13 10
124 32
91 60
130 26
161 157
105 81
163 10
158 122
143 139
96 93
154 131
148 120
123 89
81 78
156 15
160 88
51 24
121 89
102 86
130 65
73 8
154 141
175 172
162 144
156 18
121 93
181 176
177 173
112 72
102 32
99 62
116 71
97 86
147 66
10 7
167 37
128 125
113 73
155 46
89 50
178 174
173 67
36 33
166 26
97 75
151 147
110 9
93 28
176 173
177 107
89 40
112 81
123 66
92 58
172 154
164 66
76 70
126 74
118 63
143 82
175 117
82 66
177 174
121 20
165 9
147 64
181 178
99 86
120 14
108 103
104 100
83 67
53 33
129 24
32 26
117 106
154 150
88 18
167 36
168 80
138 135
127 44
107 43
136 126
59 56
174 103
121 52
181 169
130 92
116 103
179 138
94 28
181 173
34 11
97 94
174 108
66 50
109 83
169 59
87 82
155 151
100 85
77 70
44 27
43 23
134 66
179 175
171 107
113 43
179 13
119 10
140 134
124 26
160 107
