153 150
43 38
154 151
153 149
101 82
14 11
152 149
115 67
109 70
123 59
149 15
168 40
151 148
150 147
13 9
166 106
154 150
179 176
80 66
119 26
63 50
13 10
169 37
42 39
98 88
12 9
124 88
148 64
7 4
180 176
139 136
151 147
115 112
152 148
155 152
162 20
151 146
180 177
181 177
15 11
45 42
14 10
117 67
176 173
116 69
97 88
79 76
91 88
117 83
170 167
172 169
45 27
97 90
85 82
15 12
42 38
101 85
46 43
106 43
76 73
121 63
146 143
81 78
181 178
164 36
44 41
171 167
161 158
76 72
142 139
162 158
144 81
97 89
140 137
109 105
130 87
91 52
112 109
140 136
148 80
103 84
128 125
147 80
119 84
155 151
36 32
96 90
97 94
75 72
162 159
177 174
121 22
164 34
88 60
178 175
116 68
84 65
177 173
143 140
96 93
56 53
78 74
174 171
115 68
86 63
179 175
141 138
73 70
171 168
90 60
85 64
116 67
175 172
116 70
165 7
119 24
160 122
117 108
131 128
178 174
117 109
142 138
143 139
51 23
176 172
124 60
5 2
12 8
79 72
99 84
62 18
158 124
80 77
43 39
141 137
118 68
89 60
6 3
16 13
55 52
114 111
43 40
161 157
83 80
81 70
74 71
8 5
77 74
148 66
143 71
72 69
162 21
157 152
123 89
116 71
79 73
70 67
78 75
104 43
117 70
156 153
115 111
165 36
146 82
139 135
154 131
129 98
89 86
49 25
128 88
43 37
98 95
132 129
144 82
110 107
11 8
154 132
89 62
47 44
100 85
138 135
48 45
117 68
90 59
82 79
160 157
115 69
132 128
112 72
8 4
35 32
10 7
118 80
129 56
103 86
98 89
137 134
119 50
129 87
152 64
112 73
158 123
178 82
54 50
123 90
10 2
144 141
36 33
80 76
107 70
167 37
123 60
130 127
7 3
156 125
99 86
127 124
160 124
108 105
158 122
92 89
89 52
113 73
147 64
74 70
172 168
168 117
98 86
16 12
119 65
46 42
178 81
85 63
147 66
86 64
99 85
169 38
71 67
156 152
177 105
91 60
117 66
95 57
145 82
45 41
54 51
87 62
171 41
157 125
103 65
56 52
133 130
79 66
63 26
113 110
105 44
76 70
71 68
30 27
145 66
150 146
100 26
144 140
85 65
84 64
167 114
82 78
34 31
129 126
136 133
25 19
115 83
94 28
162 157
90 87
163 159
150 153
38 43
151 154
149 153
82 101
11 14
149 152
67 115
70 109
59 123
15 149
40 168
148 151
147 150
9 13
106 166
150 154
176 179
66 80
26 119
50 63
10 13
37 169
39 42
88 98
9 12
88 124
64 148
4 7
176 180
136 139
147 151
112 115
148 152
152 155
20 162
146 151
177 180
177 181
11 15
42 45
10 14
67 117
173 176
69 116
88 97
76 79
88 91
83 117
167 170
169 172
27 45
90 97
82 85
12 15
38 42
85 101
43 46
43 106
73 76
63 121
143 146
78 81
178 181
36 164
41 44
167 171
158 161
72 76
139 142
158 162
81 144
89 97
137 140
105 109
87 130
52 91
109 112
136 140
80 148
84 103
125 128
80 147
84 119
151 155
32 36
90 96
94 97
72 75
159 162
174 177
22 121
34 164
60 88
175 178
68 116
65 84
173 177
140 143
93 96
53 56
74 78
171 174
68 115
63 86
175 179
138 141
70 73
168 171
60 90
64 85
67 116
172 175
70 116
7 165
24 119
122 160
108 117
128 131
174 178
109 117
138 142
139 143
23 51
172 176
60 124
2 5
8 12
72 79
84 99
18 62
124 158
77 80
39 43
137 141
68 118
60 89
3 6
13 16
52 55
111 114
40 43
157 161
80 83
70 81
71 74
5 8
74 77
66 148
71 143
69 72
21 162
152 157
89 123
71 116
73 79
67 70
75 78
43 104
70 117
153 156
111 115
36 165
82 146
135 139
131 154
98 129
86 89
25 49
88 128
37 43
95 98
129 132
82 144
107 110
8 11
132 154
62 89
44 47
85 100
135 138
45 48
68 117
59 90
79 82
157 160
69 115
128 132
72 112
4 8
32 35
7 10
80 118
56 129
86 103
89 98
134 137
50 119
87 129
64 152
73 112
123 158
82 178
50 54
90 123
2 10
141 144
33 36
76 80
70 107
37 167
60 123
127 130
3 7
125 156
86 99
124 127
124 160
105 108
122 158
89 92
52 89
73 113
64 147
70 74
168 172
117 168
86 98
12 16
65 119
42 46
81 178
63 85
66 147
64 86
85 99
38 169
67 71
152 156
105 177
60 91
66 117
57 95
82 145
41 45
51 54
62 87
41 171
125 157
65 103
52 56
130 133
66 79
26 63
110 113
44 105
70 76
68 71
27 30
66 145
146 150
26 100
140 144
65 85
64 84
114 167
78 82
31 34
126 129
133 136
19 25
83 115
28 94
157 162
87 90
159 163
