166 106
101 82
149 15
115 67
63 50
43 38
124 88
123 59
109 70
119 26
168 40
169 37
148 64
98 88
13 9
80 66
121 22
151 146
115 112
150 147
121 63
101 85
148 80
109 105
144 81
88 60
146 143
130 87
147 80
85 82
162 20
51 23
117 83
119 84
116 69
45 27
117 109
180 176
103 84
117 67
146 82
79 76
119 24
97 90
160 124
85 64
106 43
164 34
143 71
91 52
62 18
128 88
100 26
36 32
139 136
12 9
148 66
103 65
165 7
91 88
165 36
124 60
131 128
160 122
84 50
90 60
152 80
81 70
84 65
97 89
157 152
42 39
118 80
70 67
86 63
15 11
76 72
168 117
164 36
96 90
129 98
181 177
73 70
154 132
178 82
118 68
79 72
179 176
119 50
162 158
89 63
180 177
