166 106
101 82
149 15
115 67
63 50
43 38
124 88
123 59
109 70
119 26
168 40
169 37
148 64
98 88
13 9
80 66
121 22
151 146
115 112
150 147
121 63
101 85
148 80
109 105
144 81
88 60
146 143
130 87
147 80
85 82
162 20
51 23
117 83
119 84
116 69
45 27
117 109
180 176
103 84
117 67
146 82
79 76
119 24
97 90
160 124
85 64
106 43
164 34
143 71
91 52
62 18
128 88
100 26
36 32
139 136
12 9
148 66
103 65
165 7
91 88
165 36
124 60
131 128
160 122
84 50
90 60
152 80
81 70
84 65
97 89
157 152
42 39
118 80
70 67
86 63
15 11
76 72
168 117
164 36
96 90
129 98
181 177
73 70
154 132
178 82
118 68
79 72
179 176
119 50
162 158
89 63
180 177
75 72
45 42
105 44
54 50
132 128
152 64
178 81
152 122
117 108
78 74
153 150
103 86
99 84
104 43
49 25
25 19
117 70
167 114
169 114
91 61
160 120
76 73
90 59
162 65
171 41
89 62
63 26
162 21
107 70
7 4
136 133
14 11
129 56
121 26
43 37
142 139
140 136
165 118
10 2
171 167
174 171
93 74
170 167
135 82
123 90
171 88
95 57
52 20
52 36
145 66
122 64
115 24
143 67
156 125
89 52
164 20
157 125
152 148
162 22
168 32
179 173
42 30
156 98
89 86
177 105
170 110
94 88
74 65
146 139
92 45
13 10
124 32
91 60
130 26
161 157
105 81
163 10
158 122
143 139
96 93
154 131
148 120
123 89
81 78
156 15
160 88
51 24
121 89
102 86
130 65
73 8
154 141
106 166
82 101
15 149
67 115
50 63
38 43
88 124
59 123
70 109
26 119
40 168
37 169
64 148
88 98
9 13
66 80
22 121
146 151
112 115
147 150
63 121
85 101
80 148
105 109
81 144
60 88
143 146
87 130
80 147
82 85
20 162
23 51
83 117
84 119
69 116
27 45
109 117
176 180
84 103
67 117
82 146
76 79
24 119
90 97
124 160
64 85
43 106
34 164
71 143
52 91
18 62
88 128
26 100
32 36
136 139
9 12
66 148
65 103
7 165
88 91
36 165
60 124
128 131
122 160
50 84
60 90
80 152
70 81
65 84
89 97
152 157
39 42
80 118
67 70
63 86
11 15
72 76
117 168
36 164
90 96
98 129
177 181
70 73
132 154
82 178
68 118
72 79
176 179
50 119
158 162
63 89
177 180
72 75
42 45
44 105
50 54
128 132
64 152
81 178
122 152
108 117
74 78
150 153
86 103
84 99
43 104
25 49
19 25
70 117
114 167
114 169
61 91
120 160
73 76
59 90
65 162
41 171
62 89
26 63
21 162
70 107
4 7
133 136
11 14
56 129
26 121
37 43
139 142
136 140
118 165
2 10
167 171
171 174
74 93
167 170
82 135
90 123
88 171
57 95
20 52
36 52
66 145
64 122
24 115
67 143
125 156
52 89
20 164
125 157
148 152
22 162
32 168
173 179
30 42
98 156
86 89
105 177
110 170
88 94
65 74
139 146
45 92
10 13
32 124
60 91
26 130
157 161
81 105
10 163
122 158
139 143
93 96
131 154
120 148
89 123
78 81
15 156
88 160
24 51
89 121
86 102
65 130
8 73
141 154
