153 150
43 38
154 151
153 149
101 82
14 11
152 149
115 67
109 70
123 59
149 15
168 40
151 148
150 147
13 9
166 106
154 150
179 176
80 66
119 26
63 50
13 10
169 37
42 39
98 88
12 9
124 88
148 64
7 4
180 176
139 136
151 147
115 112
152 148
155 152
162 20
151 146
180 177
181 177
15 11
45 42
14 10
117 67
176 173
116 69
97 88
79 76
91 88
117 83
170 167
172 169
45 27
97 90
85 82
15 12
42 38
101 85
46 43
106 43
76 73
121 63
146 143
81 78
181 178
164 36
44 41
171 167
161 158
76 72
142 139
162 158
144 81
97 89
140 137
109 105
130 87
91 52
112 109
140 136
148 80
103 84
128 125
147 80
119 84
155 151
36 32
96 90
97 94
75 72
162 159
177 174
121 22
