59 56
70 66
63 60
65 62
64 61
63 59
64 60
62 59
66 62
100 74
61 58
34 22
62 58
60 57
65 61
27 24
69 66
13 10
98 90
66 63
60 56
71 67
70 67
52 49
63 47
46 43
71 68
37 33
41 13
59 55
98 92
63 36
82 79
61 57
95 92
97 94
15 12
14 10
84 57
100 68
14 11
29 26
11 7
103 100
32 29
43 40
104 101
96 83
98 95
38 13
97 93
51 48
37 34
12 9
56 59
66 70
60 63
62 65
61 64
59 63
60 64
59 62
62 66
74 100
58 61
22 34
58 62
57 60
61 65
24 27
66 69
10 13
90 98
63 66
56 60
67 71
67 70
49 52
47 63
43 46
68 71
33 37
13 41
55 59
92 98
36 63
79 82
57 61
92 95
94 97
12 15
10 14
57 84
68 100
11 14
26 29
7 11
100 103
29 32
40 43
101 104
83 96
95 98
13 38
93 97
48 51
34 37
9 12
