84 80
79 76
28 25
8 4
67 64
94 91
42 39
64 35
101 98
67 46
74 68
34 20
61 35
9 5
9 6
34 29
61 36
22 11
96 93
68 65
102 98
101 6
64 61
84 30
66 63
83 29
97 94
49 36
69 65
85 30
57 54
72 69
54 32
73 70
29 26
73 68
87 83
69 66
79 62
58 31
25 22
84 57
61 57
94 90
14 10
13 10
38 35
55 31
96 77
70 67
80 61
34 31
28 23
92 89
64 32
61 32
20 14
89 26
23 7
30 26
94 25
100 97
46 40
95 91
64 39
76 66
99 96
96 78
98 6
47 43
30 27
89 83
62 59
85 81
37 33
57 30
37 20
99 74
10 7
98 94
41 38
81 58
60 36
82 78
76 68
47 40
80 57
27 24
46 39
74 69
63 60
74 70
53 19
44 40
78 65
39 36
65 62
93 89
43 40
12 9
15 12
88 84
59 56
98 95
60 56
32 29
92 78
88 26
88 82
49 37
83 30
11 8
88 85
97 93
33 19
60 31
42 38
54 31
31 28
40 36
103 99
105 102
64 36
35 29
101 97
80 58
29 22
40 37
83 78
63 59
38 14
28 22
51 48
100 96
60 33
11 7
44 39
56 52
87 27
52 49
96 92
56 53
88 83
83 79
82 79
71 67
47 44
70 66
33 20
61 31
104 42
87 26
62 58
37 34
83 80
54 19
60 54
60 32
90 26
84 31
65 61
47 39
20 17
46 43
61 30
59 32
86 27
47 36
45 40
52 33
60 57
104 101
86 30
22 7
41 13
34 22
100 74
68 64
83 61
48 45
36 33
39 35
103 100
38 34
6 3
88 27
93 29
60 52
66 62
84 58
63 36
57 31
37 14
36 32
14 11
52 48
29 25
33 29
12 8
85 82
56 31
25 7
67 63
61 58
38 10
35 32
99 95
34 28
17 14
57 32
41 37
48 44
44 41
72 67
64 60
28 20
43 39
53 33
75 68
95 92
15 11
49 40
60 53
71 68
72 68
28 24
88 30
93 78
8 5
68 39
22 10
105 101
80 62
93 26
38 13
28 21
61 33
13 9
10 6
75 69
41 14
7 4
58 32
93 25
6 2
93 90
5 2
104 100
57 33
73 69
7 3
90 25
84 81
102 99
76 69
24 7
87 30
76 65
54 33
34 14
21 11
37 17
34 21
80 84
76 79
25 28
4 8
64 67
91 94
39 42
35 64
98 101
46 67
68 74
20 34
35 61
5 9
6 9
29 34
36 61
11 22
93 96
65 68
98 102
6 101
61 64
30 84
63 66
29 83
94 97
36 49
65 69
30 85
54 57
69 72
32 54
70 73
26 29
68 73
83 87
66 69
62 79
31 58
22 25
57 84
57 61
90 94
10 14
10 13
35 38
31 55
77 96
67 70
61 80
31 34
23 28
89 92
32 64
32 61
14 20
26 89
7 23
26 30
25 94
97 100
40 46
91 95
39 64
66 76
96 99
78 96
6 98
43 47
27 30
83 89
59 62
81 85
33 37
30 57
20 37
74 99
7 10
94 98
38 41
58 81
36 60
78 82
68 76
40 47
57 80
24 27
39 46
69 74
60 63
70 74
19 53
40 44
65 78
36 39
62 65
89 93
40 43
9 12
12 15
84 88
56 59
95 98
56 60
29 32
78 92
26 88
82 88
37 49
30 83
8 11
85 88
93 97
19 33
31 60
38 42
31 54
28 31
36 40
99 103
102 105
36 64
29 35
97 101
58 80
22 29
37 40
78 83
59 63
14 38
22 28
48 51
96 100
33 60
7 11
39 44
52 56
27 87
49 52
92 96
53 56
83 88
79 83
79 82
67 71
44 47
66 70
20 33
31 61
42 104
26 87
58 62
34 37
80 83
19 54
54 60
32 60
26 90
31 84
61 65
39 47
17 20
43 46
30 61
32 59
27 86
36 47
40 45
33 52
57 60
101 104
30 86
7 22
13 41
22 34
74 100
64 68
61 83
45 48
33 36
35 39
100 103
34 38
3 6
27 88
29 93
52 60
62 66
58 84
36 63
31 57
14 37
32 36
11 14
48 52
25 29
29 33
8 12
82 85
31 56
7 25
63 67
58 61
10 38
32 35
95 99
28 34
14 17
32 57
37 41
44 48
41 44
67 72
60 64
20 28
39 43
33 53
68 75
92 95
11 15
40 49
53 60
68 71
68 72
24 28
30 88
78 93
5 8
39 68
10 22
101 105
62 80
26 93
13 38
21 28
33 61
9 13
6 10
69 75
14 41
4 7
32 58
25 93
2 6
90 93
2 5
100 104
33 57
69 73
3 7
25 90
81 84
99 102
69 76
7 24
30 87
65 76
33 54
14 34
11 21
17 37
21 34
