63 36
59 56
34 22
66 62
70 66
100 74
27 24
98 90
46 43
41 13
38 13
40 17
61 35
49 37
64 60
63 47
42 13
100 68
22 10
79 35
33 14
76 62
51 48
52 36
97 88
65 35
28 20
96 83
84 57
37 33
43 39
93 83
34 29
71 67
65 40
78 68
62 58
29 14
76 66
80 58
59 55
32 29
98 92
80 62
11 7
52 49
93 35
60 52
88 83
45 40
90 3
63 60
14 7
95 92
36 63
56 59
22 34
62 66
66 70
74 100
24 27
90 98
43 46
13 41
13 38
17 40
35 61
37 49
60 64
47 63
13 42
68 100
10 22
35 79
14 33
62 76
48 51
36 52
88 97
35 65
20 28
83 96
57 84
33 37
39 43
83 93
29 34
67 71
40 65
68 78
58 62
14 29
66 76
58 80
55 59
29 32
92 98
62 80
7 11
49 52
35 93
52 60
83 88
40 45
3 90
60 63
7 14
92 95
