63 36
59 56
34 22
66 62
70 66
100 74
27 24
98 90
46 43
41 13
38 13
40 17
61 35
49 37
64 60
63 47
42 13
100 68
22 10
79 35
33 14
76 62
51 48
52 36
97 88
65 35
28 20
96 83
84 57
37 33
43 39
93 83
34 29
71 67
65 40
78 68
62 58
29 14
76 66
80 58
59 55
32 29
98 92
80 62
11 7
52 49
93 35
60 52
88 83
45 40
90 3
63 60
14 7
95 92
28 24
25 7
82 79
87 26
78 35
92 46
90 26
96 89
56 53
39 19
97 93
20 11
100 39
20 14
83 78
60 55
91 61
100 42
95 82
78 5
54 15
91 77
49 18
47 40
93 89
93 88
17 11
17 9
65 61
47 30
46 39
92 71
14 10
98 94
47 36
104 100
103 5
78 61
14 9
73 11
38 30
34 20
67 39
78 65
37 32
54 51
26 17
66 58
42 10
37 29
76 41
40 36
51 31
63 52
92 67
90 61
89 64
93 82
99 77
92 82
95 89
79 65
92 89
80 61
80 72
94 15
61 30
104 101
52 33
71 43
19 16
8 5
62 48
57 30
33 20
95 44
30 24
23 8
57 31
101 5
21 13
41 15
72 46
13 10
97 25
88 85
93 61
77 68
29 26
96 77
25 6
78 64
105 102
36 6
73 27
79 68
89 82
75 19
33 17
104 33
95 77
72 39
98 84
15 12
60 49
99 30
90 25
40 22
36 63
56 59
22 34
62 66
66 70
74 100
24 27
90 98
43 46
13 41
13 38
17 40
35 61
37 49
60 64
47 63
13 42
68 100
10 22
35 79
14 33
62 76
48 51
36 52
88 97
35 65
20 28
83 96
57 84
33 37
39 43
83 93
29 34
67 71
40 65
68 78
58 62
14 29
66 76
58 80
55 59
29 32
92 98
62 80
7 11
49 52
35 93
52 60
83 88
40 45
3 90
60 63
7 14
92 95
24 28
7 25
79 82
26 87
35 78
46 92
26 90
89 96
53 56
19 39
93 97
11 20
39 100
14 20
78 83
55 60
61 91
42 100
82 95
5 78
15 54
77 91
18 49
40 47
89 93
88 93
11 17
9 17
61 65
30 47
39 46
71 92
10 14
94 98
36 47
100 104
5 103
61 78
9 14
11 73
30 38
20 34
39 67
65 78
32 37
51 54
17 26
58 66
10 42
29 37
41 76
36 40
31 51
52 63
67 92
61 90
64 89
82 93
77 99
82 92
89 95
65 79
89 92
61 80
72 80
15 94
30 61
101 104
33 52
43 71
16 19
5 8
48 62
30 57
20 33
44 95
24 30
8 23
31 57
5 101
13 21
15 41
46 72
10 13
25 97
85 88
61 93
68 77
26 29
77 96
6 25
64 78
102 105
6 36
27 73
68 79
82 89
19 75
17 33
33 104
77 95
39 72
84 98
12 15
49 60
30 99
25 90
22 40
