63 60
63 59
64 61
59 56
61 58
64 60
66 62
60 57
62 59
65 62
66 63
70 67
70 66
71 68
62 58
61 57
97 94
98 95
69 66
65 61
13 10
14 11
71 67
27 24
14 10
104 101
59 55
60 56
6 3
103 100
12 9
96 93
37 34
72 69
82 79
29 26
69 65
97 93
37 33
15 12
99 96
98 91
98 92
13 9
54 51
36 33
92 89
28 25
52 49
43 40
19 16
11 8
18 15
53 50
51 48
20 17
105 102
98 90
29 25
7 4
34 22
95 92
46 43
68 64
95 91
28 24
104 100
32 29
10 7
43 39
9 6
35 32
96 83
72 68
8 5
5 2
98 94
105 101
96 92
12 8
93 89
11 7
94 91
67 63
38 35
97 88
96 89
44 40
97 89
67 64
98 93
68 65
39 36
93 90
100 74
47 44
30 27
44 41
60 55
93 83
97 90
45 40
33 30
22 10
42 13
102 99
34 29
94 90
17 14
58 55
96 90
95 82
63 36
56 53
36 32
88 85
30 26
92 82
95 89
23 8
95 90
54 50
99 95
15 11
40 17
82 78
76 62
46 40
97 92
48 45
40 37
73 70
31 28
41 13
93 88
33 29
46 39
38 32
83 80
37 32
45 41
42 39
73 69
100 68
16 13
100 97
84 57
38 30
83 78
57 54
77 74
44 39
99 91
63 47
79 65
9 5
101 98
95 83
34 31
10 6
78 65
100 96
60 63
59 63
61 64
56 59
58 61
60 64
62 66
57 60
59 62
62 65
63 66
67 70
66 70
68 71
58 62
57 61
94 97
95 98
66 69
61 65
10 13
11 14
67 71
24 27
10 14
101 104
55 59
56 60
3 6
100 103
9 12
93 96
34 37
69 72
79 82
26 29
65 69
93 97
33 37
12 15
96 99
91 98
92 98
9 13
51 54
33 36
89 92
25 28
49 52
40 43
16 19
8 11
15 18
50 53
48 51
17 20
102 105
90 98
25 29
4 7
22 34
92 95
43 46
64 68
91 95
24 28
100 104
29 32
7 10
39 43
6 9
32 35
83 96
68 72
5 8
2 5
94 98
101 105
92 96
8 12
89 93
7 11
91 94
63 67
35 38
88 97
89 96
40 44
89 97
64 67
93 98
65 68
36 39
90 93
74 100
44 47
27 30
41 44
55 60
83 93
90 97
40 45
30 33
10 22
13 42
99 102
29 34
90 94
14 17
55 58
90 96
82 95
36 63
53 56
32 36
85 88
26 30
82 92
89 95
8 23
90 95
50 54
95 99
11 15
17 40
78 82
62 76
40 46
92 97
45 48
37 40
70 73
28 31
13 41
88 93
29 33
39 46
32 38
80 83
32 37
41 45
39 42
69 73
68 100
13 16
97 100
57 84
30 38
78 83
54 57
74 77
39 44
91 99
47 63
65 79
5 9
98 101
83 95
31 34
6 10
65 78
96 100
