40 6
41 38
21 17
17 11
47 2
31 17
31 11
38 9
10 4
48 2
37 6
42 5
44 36
35 20
24 15
39 7
28 13
25 14
16 11
26 13
8 3
46 43
31 27
7 4
26 23
40 4
30 27
44 31
46 4
21 18
42 6
20 17
47 3
44 35
47 5
11 4
38 19
48 5
50 3
39 9
11 3
24 18
22 17
25 16
27 13
40 37
10 2
43 37
42 7
9 3
47 4
16 12
31 28
42 4
37 9
50 10
47 37
31 26
46 6
35 17
47 42
38 20
42 36
35 22
28 2
50 2
39 4
42 37
40 7
28 11
47 11
10 3
9 4
44 28
35 31
37 11
23 18
24 16
25 13
31 22
16 13
44 33
40 9
15 12
38 17
22 16
37 7
46 37
46 5
49 28
22 18
11 2
23 16
35 32
41 36
39 8
26 16
30 26
43 36
47 28
37 4
8 5
41 37
45 42
48 3
49 2
13 2
24 14
47 44
26 17
46 42
26 22
15 11
8 4
6 40
38 41
17 21
11 17
2 47
17 31
11 31
9 38
4 10
2 48
6 37
5 42
36 44
20 35
15 24
7 39
13 28
14 25
11 16
13 26
3 8
43 46
27 31
4 7
23 26
4 40
27 30
31 44
4 46
18 21
6 42
17 20
3 47
35 44
5 47
4 11
19 38
5 48
3 50
9 39
3 11
18 24
17 22
16 25
13 27
37 40
2 10
37 43
7 42
3 9
4 47
12 16
28 31
4 42
9 37
10 50
37 47
26 31
6 46
17 35
42 47
20 38
36 42
22 35
2 28
2 50
4 39
37 42
7 40
11 28
11 47
3 10
4 9
28 44
31 35
11 37
18 23
16 24
13 25
22 31
13 16
33 44
9 40
12 15
17 38
16 22
7 37
37 46
5 46
28 49
18 22
2 11
16 23
32 35
36 41
8 39
16 26
26 30
36 43
28 47
4 37
5 8
37 41
42 45
3 48
2 49
2 13
14 24
44 47
17 26
42 46
22 26
11 15
4 8
