48 5
31 28
27 13
30 27
20 17
50 3
17 9
42 6
28 13
35 17
46 42
15 12
7 4
49 2
40 4
40 37
22 13
46 43
35 9
8 3
46 20
41 6
40 7
26 16
46 5
41 36
34 2
22 17
43 9
24 16
47 9
38 35
26 22
29 2
37 4
37 7
48 8
21 18
39 19
31 22
8 2
10 3
32 16
48 42
22 16
49 36
10 6
35 20
50 10
18 14
27 5
47 44
49 3
36 33
39 21
33 23
28 22
43 34
20 9
50 15
39 6
22 19
43 5
28 17
26 18
25 14
12 3
32 24
44 21
37 11
39 9
36 19
33 12
23 18
42 8
41 8
45 36
42 36
43 39
5 48
28 31
13 27
27 30
17 20
3 50
9 17
6 42
13 28
17 35
42 46
12 15
4 7
2 49
4 40
37 40
13 22
43 46
9 35
3 8
20 46
6 41
7 40
16 26
5 46
36 41
2 34
17 22
9 43
16 24
9 47
35 38
22 26
2 29
4 37
7 37
8 48
18 21
19 39
22 31
2 8
3 10
16 32
42 48
16 22
36 49
6 10
20 35
10 50
14 18
5 27
44 47
3 49
33 36
21 39
23 33
22 28
34 43
9 20
15 50
6 39
19 22
5 43
17 28
18 26
14 25
3 12
24 32
21 44
11 37
9 39
19 36
12 33
18 23
8 42
8 41
36 45
36 42
39 43
