50 3
46 43
48 5
31 28
30 27
20 17
46 42
49 2
8 3
7 4
27 13
49 3
50 2
42 6
47 44
48 4
38 35
39 36
15 12
26 23
21 18
22 18
8 4
28 13
40 7
41 6
8 5
22 17
21 17
40 37
17 9
9 3
16 13
7 3
48 3
10 2
10 3
45 42
27 24
12 2
25 22
26 22
31 27
22 16
22 19
44 41
41 36
10 7
48 2
9 6
47 43
41 7
9 2
8 2
35 32
46 5
6 3
34 31
17 14
47 5
35 17
11 3
33 30
24 16
40 4
39 35
32 29
41 8
40 6
41 37
36 33
25 15
40 8
25 14
39 6
27 14
39 7
27 23
49 5
3 50
43 46
5 48
28 31
27 30
17 20
42 46
2 49
3 8
4 7
13 27
3 49
2 50
6 42
44 47
4 48
35 38
36 39
12 15
23 26
18 21
18 22
4 8
13 28
7 40
6 41
5 8
17 22
17 21
37 40
9 17
3 9
13 16
3 7
3 48
2 10
3 10
42 45
24 27
2 12
22 25
22 26
27 31
16 22
19 22
41 44
36 41
7 10
2 48
6 9
43 47
7 41
2 9
2 8
32 35
5 46
3 6
31 34
14 17
5 47
17 35
3 11
30 33
16 24
4 40
35 39
29 32
8 41
6 40
37 41
33 36
15 25
8 40
14 25
6 39
14 27
7 39
23 27
5 49
