17 9
27 13
48 5
50 3
35 17
42 6
31 28
46 42
46 43
30 27
20 17
7 4
8 3
49 2
47 44
28 13
38 35
48 3
40 37
10 3
49 3
15 12
40 7
21 18
40 4
41 6
22 13
22 17
46 5
39 36
7 3
26 22
35 9
8 4
26 16
41 36
46 20
48 4
22 18
44 41
26 23
36 33
22 19
22 16
9 3
8 5
50 2
10 2
24 16
6 3
48 2
21 17
8 2
9 17
13 27
5 48
3 50
17 35
6 42
28 31
42 46
43 46
27 30
17 20
4 7
3 8
2 49
44 47
13 28
35 38
3 48
37 40
3 10
3 49
12 15
7 40
18 21
4 40
6 41
13 22
17 22
5 46
36 39
3 7
22 26
9 35
4 8
16 26
36 41
20 46
4 48
18 22
41 44
23 26
33 36
19 22
16 22
3 9
5 8
2 50
2 10
16 24
3 6
2 48
17 21
2 8
