128 125
54 51
128 124
129 125
55 52
129 126
126 123
56 53
55 51
127 124
127 123
56 52
57 54
130 127
130 126
53 50
167 164
258 255
166 163
185 182
166 162
172 169
165 162
58 55
186 183
54 50
126 122
171 168
45 42
261 258
53 49
262 259
8 5
254 251
92 66
125 122
124 121
73 70
59 56
255 252
58 54
259 256
257 254
180 177
179 176
97 94
170 167
256 253
187 184
57 53
125 121
9 6
260 257
11 8
92 68
94 66
172 168
171 167
164 161
74 71
10 7
13 10
131 127
100 97
187 183
65 62
59 55
12 9
263 260
262 258
52 49
168 165
181 178
60 55
164 160
131 128
253 250
169 166
167 163
255 251
99 96
36 33
34 31
7 4
156 137
98 95
188 185
186 182
81 78
259 255
260 256
185 181
257 253
44 41
198 195
45 41
249 246
252 249
98 94
168 164
26 23
217 214
182 179
100 96
261 257
250 247
104 100
180 176
75 72
189 186
169 165
157 136
104 101
263 259
233 21
230 226
181 177
184 181
165 161
103 100
92 67
51 48
163 160
74 70
14 11
97 93
224 207
231 23
188 184
43 40
232 226
60 56
190 187
179 175
91 88
177 174
75 71
251 248
189 185
6 3
210 42
93 66
73 69
65 61
258 254
170 166
173 170
256 252
220 217
132 128
93 68
136 133
7 3
162 159
8 4
99 95
12 8
235 21
156 136
254 250
230 227
94 67
183 180
163 159
80 77
9 5
102 99
197 194
50 47
231 226
110 101
105 102
233 22
66 63
90 68
110 102
115 112
46 43
66 62
232 225
123 120
52 48
248 245
116 113
232 25
116 112
96 64
27 23
236 163
116 73
61 55
91 68
106 42
103 49
196 193
27 24
182 178
236 222
11 7
147 144
13 9
117 65
78 75
82 79
102 49
49 46
89 71
111 102
221 209
107 101
123 119
105 101
184 180
234 22
10 6
238 43
231 25
255 12
122 119
229 226
235 20
76 73
231 228
101 98
46 42
177 173
253 249
178 175
118 51
165 133
183 179
102 98
63 56
115 111
190 186
173 169
51 47
160 35
176 173
157 137
156 37
117 114
93 67
44 40
212 42
232 224
210 106
28 23
110 107
132 129
205 202
231 227
94 65
232 23
14 10
114 111
145 142
81 77
219 216
144 141
110 98
194 191
161 158
61 56
15 12
157 40
125 128
51 54
124 128
125 129
52 55
126 129
123 126
53 56
51 55
124 127
123 127
52 56
54 57
127 130
126 130
50 53
164 167
255 258
163 166
182 185
162 166
169 172
162 165
55 58
183 186
50 54
122 126
168 171
42 45
258 261
49 53
259 262
5 8
251 254
66 92
122 125
121 124
70 73
56 59
252 255
54 58
256 259
254 257
177 180
176 179
94 97
167 170
253 256
184 187
53 57
121 125
6 9
257 260
8 11
68 92
66 94
168 172
167 171
161 164
71 74
7 10
10 13
127 131
97 100
183 187
62 65
55 59
9 12
260 263
258 262
49 52
165 168
178 181
55 60
160 164
128 131
250 253
166 169
163 167
251 255
96 99
33 36
31 34
4 7
137 156
95 98
185 188
182 186
78 81
255 259
256 260
181 185
253 257
41 44
195 198
41 45
246 249
249 252
94 98
164 168
23 26
214 217
179 182
96 100
257 261
247 250
100 104
176 180
72 75
186 189
165 169
136 157
101 104
259 263
21 233
226 230
177 181
181 184
161 165
100 103
67 92
48 51
160 163
70 74
11 14
93 97
207 224
23 231
184 188
40 43
226 232
56 60
187 190
175 179
88 91
174 177
71 75
248 251
185 189
3 6
42 210
66 93
69 73
61 65
254 258
166 170
170 173
252 256
217 220
128 132
68 93
133 136
3 7
159 162
4 8
95 99
8 12
21 235
136 156
250 254
227 230
67 94
180 183
159 163
77 80
5 9
99 102
194 197
47 50
226 231
101 110
102 105
22 233
63 66
68 90
102 110
112 115
43 46
62 66
225 232
120 123
48 52
245 248
113 116
25 232
112 116
64 96
23 27
163 236
73 116
55 61
68 91
42 106
49 103
193 196
24 27
178 182
222 236
7 11
144 147
9 13
65 117
75 78
79 82
49 102
46 49
71 89
102 111
209 221
101 107
119 123
101 105
180 184
22 234
6 10
43 238
25 231
12 255
119 122
226 229
20 235
73 76
228 231
98 101
42 46
173 177
249 253
175 178
51 118
133 165
179 183
98 102
56 63
111 115
186 190
169 173
47 51
35 160
173 176
137 157
37 156
114 117
67 93
40 44
42 212
224 232
106 210
23 28
107 110
129 132
202 205
227 231
65 94
23 232
10 14
111 114
142 145
77 81
216 219
141 144
98 110
191 194
158 161
56 61
12 15
40 157
