128 124
54 51
129 126
128 125
130 127
55 52
56 52
127 124
129 125
127 123
126 123
56 53
55 51
130 126
54 50
117 65
92 66
114 52
127 54
167 164
171 168
97 94
73 70
57 54
53 50
114 95
65 62
92 68
166 163
166 162
164 160
258 255
45 42
100 97
261 258
124 121
262 259
256 253
125 122
58 55
116 70
185 182
179 176
57 53
186 183
111 48
131 128
94 66
125 121
165 162
159 18
157 136
164 161
58 54
162 43
209 166
260 257
254 251
126 122
255 252
53 49
224 207
187 184
172 169
116 73
235 21
187 183
236 163
104 100
100 96
156 37
233 21
160 35
168 164
107 101
171 167
8 5
165 133
96 64
238 43
123 119
106 45
59 56
111 102
113 67
131 127
38 18
259 256
52 49
257 254
262 258
172 168
34 31
238 159
210 42
168 165
222 46
156 137
60 55
234 163
36 33
217 214
167 163
102 49
231 23
9 6
257 253
238 162
170 167
168 50
253 250
232 226
11 8
12 9
186 182
255 251
257 233
44 41
74 71
236 222
169 166
113 69
234 24
110 98
135 35
259 255
45 41
181 178
99 63
188 185
98 94
117 67
13 10
210 106
157 40
222 166
99 49
184 181
99 52
97 93
170 166
26 23
89 71
163 160
10 7
261 257
29 20
232 224
128 47
118 51
180 177
65 61
167 22
93 66
104 101
103 49
220 43
163 22
98 95
106 42
165 161
163 20
185 181
176 57
99 96
221 209
210 45
179 175
7 4
92 67
168 131
232 207
263 260
230 226
169 165
117 61
256 252
222 43
51 48
52 48
136 133
6 3
252 249
108 45
46 43
103 100
50 47
95 61
188 184
74 70
258 254
43 40
231 25
181 177
260 256
110 101
263 259
189 185
59 55
73 69
212 42
123 55
102 99
230 227
249 246
110 102
222 162
160 34
75 71
135 37
254 250
160 20
63 56
161 133
91 88
61 55
8 4
152 139
81 78
255 12
161 136
220 217
232 25
116 72
34 20
234 167
75 72
158 135
7 3
231 226
96 63
101 98
114 102
163 159
127 51
99 95
248 245
236 162
155 44
229 226
162 159
9 5
234 22
127 50
211 42
51 47
13 9
94 64
182 179
81 77
116 112
90 68
164 133
211 106
250 247
180 176
198 195
93 67
94 65
12 8
252 9
251 248
115 112
91 68
155 137
238 220
189 186
115 111
136 47
190 187
178 175
172 50
253 249
32 19
177 174
227 204
106 41
118 55
156 136
60 56
95 52
28 23
223 209
233 22
44 40
116 113
102 52
124 120
14 11
197 194
11 7
123 120
235 20
176 173
27 23
49 46
66 63
184 180
158 37
117 113
46 42
154 139
105 101
133 128
76 73
132 129
232 225
108 42
157 137
173 169
234 21
110 107
231 228
236 43
194 191
114 111
167 24
105 102
98 93
102 98
10 6
122 119
95 67
93 68
233 23
177 173
161 135
161 157
210 108
232 23
183 180
227 205
231 227
62 59
80 77
183 179
204 201
206 188
223 207
173 170
155 151
155 152
141 116
117 114
196 193
232 24
239 220
82 79
224 209
157 135
224 208
155 139
205 201
219 196
219 213
124 51
66 62
132 128
233 225
197 193
145 142
162 158
78 75
223 197
221 218
27 22
144 141
231 24
213 196
61 56
102 48
179 57
161 158
47 44
182 178
165 47
103 99
92 69
87 84
113 110
138 47
190 186
169 50
101 97
84 81
118 52
160 134
210 41
123 118
155 140
62 56
155 39
124 47
48 45
14 10
219 216
212 41
198 193
147 144
124 128
51 54
126 129
125 128
127 130
52 55
52 56
124 127
125 129
123 127
123 126
53 56
51 55
126 130
50 54
65 117
66 92
52 114
54 127
164 167
168 171
94 97
70 73
54 57
50 53
95 114
62 65
68 92
163 166
162 166
160 164
255 258
42 45
97 100
258 261
121 124
259 262
253 256
122 125
55 58
70 116
182 185
176 179
53 57
183 186
48 111
128 131
66 94
121 125
162 165
18 159
136 157
161 164
54 58
43 162
166 209
257 260
251 254
122 126
252 255
49 53
207 224
184 187
169 172
73 116
21 235
183 187
163 236
100 104
96 100
37 156
21 233
35 160
164 168
101 107
167 171
5 8
133 165
64 96
43 238
119 123
45 106
56 59
102 111
67 113
127 131
18 38
256 259
49 52
254 257
258 262
168 172
31 34
159 238
42 210
165 168
46 222
137 156
55 60
163 234
33 36
214 217
163 167
49 102
23 231
6 9
253 257
162 238
167 170
50 168
250 253
226 232
8 11
9 12
182 186
251 255
233 257
41 44
71 74
222 236
166 169
69 113
24 234
98 110
35 135
255 259
41 45
178 181
63 99
185 188
94 98
67 117
10 13
106 210
40 157
166 222
49 99
181 184
52 99
93 97
166 170
23 26
71 89
160 163
7 10
257 261
20 29
224 232
47 128
51 118
177 180
61 65
22 167
66 93
101 104
49 103
43 220
22 163
95 98
42 106
161 165
20 163
181 185
57 176
96 99
209 221
45 210
175 179
4 7
67 92
131 168
207 232
260 263
226 230
165 169
61 117
252 256
43 222
48 51
48 52
133 136
3 6
249 252
45 108
43 46
100 103
47 50
61 95
184 188
70 74
254 258
40 43
25 231
177 181
256 260
101 110
259 263
185 189
55 59
69 73
42 212
55 123
99 102
227 230
246 249
102 110
162 222
34 160
71 75
37 135
250 254
20 160
56 63
133 161
88 91
55 61
4 8
139 152
78 81
12 255
136 161
217 220
25 232
72 116
20 34
167 234
72 75
135 158
3 7
226 231
63 96
98 101
102 114
159 163
51 127
95 99
245 248
162 236
44 155
226 229
159 162
5 9
22 234
50 127
42 211
47 51
9 13
64 94
179 182
77 81
112 116
68 90
133 164
106 211
247 250
176 180
195 198
67 93
65 94
8 12
9 252
248 251
112 115
68 91
137 155
220 238
186 189
111 115
47 136
187 190
175 178
50 172
249 253
19 32
174 177
204 227
41 106
55 118
136 156
56 60
52 95
23 28
209 223
22 233
40 44
113 116
52 102
120 124
11 14
194 197
7 11
120 123
20 235
173 176
23 27
46 49
63 66
180 184
37 158
113 117
42 46
139 154
101 105
128 133
73 76
129 132
225 232
42 108
137 157
169 173
21 234
107 110
228 231
43 236
191 194
111 114
24 167
102 105
93 98
98 102
6 10
119 122
67 95
68 93
23 233
173 177
135 161
157 161
108 210
23 232
180 183
205 227
227 231
59 62
77 80
179 183
201 204
188 206
207 223
170 173
151 155
152 155
116 141
114 117
193 196
24 232
220 239
79 82
209 224
135 157
208 224
139 155
201 205
196 219
213 219
51 124
62 66
128 132
225 233
193 197
142 145
158 162
75 78
197 223
218 221
22 27
141 144
24 231
196 213
56 61
48 102
57 179
158 161
44 47
178 182
47 165
99 103
69 92
84 87
110 113
47 138
186 190
50 169
97 101
81 84
52 118
134 160
41 210
118 123
140 155
56 62
39 155
47 124
45 48
10 14
216 219
41 212
193 198
144 147
