128 125
54 51
128 124
129 125
55 52
129 126
126 123
56 53
55 51
127 124
127 123
56 52
57 54
130 127
130 126
53 50
167 164
258 255
166 163
185 182
166 162
172 169
165 162
58 55
186 183
54 50
126 122
171 168
45 42
261 258
53 49
262 259
8 5
254 251
92 66
125 122
124 121
73 70
59 56
255 252
58 54
259 256
257 254
180 177
179 176
97 94
170 167
256 253
187 184
57 53
125 121
9 6
260 257
11 8
92 68
94 66
172 168
171 167
164 161
74 71
10 7
13 10
131 127
100 97
187 183
65 62
59 55
12 9
263 260
262 258
52 49
168 165
181 178
60 55
164 160
131 128
253 250
169 166
167 163
255 251
99 96
36 33
34 31
7 4
156 137
98 95
188 185
186 182
81 78
259 255
260 256
185 181
257 253
44 41
198 195
45 41
249 246
252 249
98 94
168 164
26 23
217 214
182 179
100 96
261 257
250 247
104 100
180 176
75 72
189 186
169 165
157 136
104 101
263 259
233 21
230 226
181 177
184 181
165 161
103 100
92 67
51 48
163 160
74 70
14 11
97 93
224 207
231 23
188 184
43 40
232 226
60 56
190 187
125 128
51 54
124 128
125 129
52 55
126 129
123 126
53 56
51 55
124 127
123 127
52 56
54 57
127 130
126 130
50 53
164 167
255 258
163 166
182 185
162 166
169 172
162 165
55 58
183 186
50 54
122 126
168 171
42 45
258 261
49 53
259 262
5 8
251 254
66 92
122 125
121 124
70 73
56 59
252 255
54 58
256 259
254 257
177 180
176 179
94 97
167 170
253 256
184 187
53 57
121 125
6 9
257 260
8 11
68 92
66 94
168 172
167 171
161 164
71 74
7 10
10 13
127 131
97 100
183 187
62 65
55 59
9 12
260 263
258 262
49 52
165 168
178 181
55 60
160 164
128 131
250 253
166 169
163 167
251 255
96 99
33 36
31 34
4 7
137 156
95 98
185 188
182 186
78 81
255 259
256 260
181 185
253 257
41 44
195 198
41 45
246 249
249 252
94 98
164 168
23 26
214 217
179 182
96 100
257 261
247 250
100 104
176 180
72 75
186 189
165 169
136 157
101 104
259 263
21 233
226 230
177 181
181 184
161 165
100 103
67 92
48 51
160 163
70 74
11 14
93 97
207 224
23 231
184 188
40 43
226 232
56 60
187 190
