160 35
34 31
117 65
92 66
114 95
127 54
114 52
97 94
111 102
107 101
235 21
165 133
92 68
130 127
159 18
60 55
36 33
231 23
156 37
123 119
238 159
209 166
96 64
157 136
236 163
116 73
238 43
103 49
164 160
65 62
113 67
73 70
116 70
94 66
111 48
162 43
163 20
233 21
113 69
222 46
104 100
224 207
168 50
210 106
222 166
38 18
238 162
167 22
110 98
157 40
45 42
102 49
99 63
26 23
100 96
168 131
156 137
257 233
234 24
232 207
234 163
217 214
135 35
106 42
232 226
161 136
117 67
128 47
210 42
99 52
222 43
58 54
100 97
130 126
160 34
99 49
236 222
222 162
110 101
106 45
171 167
89 71
123 55
114 102
96 63
127 51
220 217
160 20
91 88
163 22
118 51
108 45
129 125
179 176
55 51
198 195
127 50
234 167
232 25
135 37
176 57
126 123
155 44
230 226
116 72
32 19
95 61
152 139
34 20
29 20
95 52
221 209
8 5
262 258
255 12
117 61
118 55
59 56
126 122
212 42
102 52
131 128
210 45
161 135
63 56
172 50
161 133
252 9
136 47
65 61
167 164
136 133
61 55
232 224
172 168
98 93
171 168
164 133
106 41
54 51
189 185
198 193
223 197
220 43
219 213
133 128
248 245
258 255
158 135
165 47
110 107
124 51
223 209
206 188
168 164
54 50
227 204
131 127
164 35
211 106
138 47
255 251
28 23
128 124
253 237
108 42
141 116
213 196
231 25
164 161
179 57
45 41
11 7
81 77
38 33
118 52
78 75
8 4
183 49
187 183
62 59
252 13
166 46
162 138
75 71
127 123
212 106
169 46
151 39
178 175
198 194
238 38
234 170
124 47
186 182
160 29
180 175
227 205
124 48
115 48
103 46
224 209
97 93
110 102
194 191
185 182
167 24
98 69
238 220
210 108
261 257
84 81
95 67
179 175
102 48
7 3
123 60
257 253
212 45
175 53
155 139
162 47
177 100
151 140
154 139
114 98
12 8
111 99
239 220
89 74
219 196
175 169
51 47
87 84
196 193
95 56
262 255
159 38
168 127
56 53
155 140
252 15
252 249
123 118
6 3
220 155
167 27
116 112
236 43
155 151
174 96
160 134
11 8
189 104
181 177
224 24
138 44
155 40
147 141
161 157
187 166
114 61
137 129
93 69
180 172
53 49
