160 35
34 31
117 65
92 66
114 95
127 54
114 52
97 94
111 102
107 101
235 21
165 133
92 68
130 127
159 18
60 55
36 33
231 23
156 37
123 119
238 159
209 166
96 64
157 136
236 163
116 73
238 43
103 49
164 160
65 62
113 67
73 70
116 70
94 66
111 48
162 43
163 20
233 21
113 69
222 46
104 100
224 207
168 50
210 106
222 166
38 18
238 162
167 22
110 98
157 40
45 42
102 49
99 63
26 23
100 96
168 131
156 137
257 233
234 24
232 207
234 163
217 214
135 35
106 42
232 226
161 136
117 67
128 47
210 42
99 52
222 43
58 54
100 97
130 126
160 34
99 49
236 222
222 162
110 101
106 45
171 167
89 71
123 55
114 102
96 63
127 51
220 217
160 20
91 88
163 22
118 51
108 45
129 125
179 176
55 51
198 195
127 50
234 167
232 25
135 37
176 57
126 123
155 44
230 226
116 72
32 19
95 61
152 139
34 20
29 20
95 52
221 209
8 5
262 258
255 12
117 61
118 55
59 56
126 122
212 42
102 52
131 128
210 45
161 135
63 56
172 50
161 133
252 9
136 47
65 61
167 164
136 133
61 55
35 160
31 34
65 117
66 92
95 114
54 127
52 114
94 97
102 111
101 107
21 235
133 165
68 92
127 130
18 159
55 60
33 36
23 231
37 156
119 123
159 238
166 209
64 96
136 157
163 236
73 116
43 238
49 103
160 164
62 65
67 113
70 73
70 116
66 94
48 111
43 162
20 163
21 233
69 113
46 222
100 104
207 224
50 168
106 210
166 222
18 38
162 238
22 167
98 110
40 157
42 45
49 102
63 99
23 26
96 100
131 168
137 156
233 257
24 234
207 232
163 234
214 217
35 135
42 106
226 232
136 161
67 117
47 128
42 210
52 99
43 222
54 58
97 100
126 130
34 160
49 99
222 236
162 222
101 110
45 106
167 171
71 89
55 123
102 114
63 96
51 127
217 220
20 160
88 91
22 163
51 118
45 108
125 129
176 179
51 55
195 198
50 127
167 234
25 232
37 135
57 176
123 126
44 155
226 230
72 116
19 32
61 95
139 152
20 34
20 29
52 95
209 221
5 8
258 262
12 255
61 117
55 118
56 59
122 126
42 212
52 102
128 131
45 210
135 161
56 63
50 172
133 161
9 252
47 136
61 65
164 167
133 136
55 61
