162 136
256 17
218 146
232 25
155 44
237 197
53 49
156 153
125 121
107 83
89 74
236 18
159 36
106 42
33 19
114 95
13 9
241 15
113 110
263 260
143 108
237 18
182 53
31 3
103 100
161 136
234 170
257 253
76 72
38 18
100 96
199 195
236 159
141 121
179 176
32 2
236 20
236 221
143 78
75 72
180 173
118 55
257 254
231 25
119 115
78 75
99 95
132 129
111 44
123 119
102 49
137 125
162 157
172 169
56 53
239 18
206 188
64 61
255 9
235 225
225 207
231 226
112 73
109 77
34 19
94 64
250 195
163 22
251 199
239 219
113 73
32 17
95 56
199 194
56 52
95 64
127 47
83 77
156 38
133 129
181 178
148 39
234 24
129 125
240 38
88 83
221 197
224 167
198 193
172 168
160 20
232 24
115 112
107 102
176 54
241 14
256 237
56 51
218 213
211 43
93 83
222 43
106 81
168 165
136 128
89 84
252 13
158 35
257 199
57 54
123 118
212 41
199 196
100 49
235 22
5 2
208 184
253 250
169 131
211 42
255 252
89 83
157 38
93 82
127 51
207 193
249 217
162 159
158 20
158 34
231 26
221 209
95 66
179 50
156 40
142 111
183 170
254 197
98 67
136 40
240 219
157 135
220 41
52 48
240 39
238 19
109 83
157 43
235 222
187 103
239 218
210 190
121 115
259 256
208 190
191 105
13 10
120 116
209 198
189 103
144 140
263 30
263 259
239 220
234 22
99 96
234 223
9 5
145 141
218 148
103 49
236 220
30 2
26 23
89 86
180 177
127 123
14 11
32 20
166 46
142 77
211 196
110 97
43 40
110 101
101 97
256 253
30 20
139 125
209 187
263 2
238 220
235 21
216 148
246 216
44 40
239 16
190 104
124 115
138 124
252 17
145 138
238 39
114 111
168 164
220 211
155 140
44 41
98 93
212 106
225 205
234 21
223 170
247 217
163 21
175 169
219 214
164 161
246 241
88 82
234 167
252 219
95 65
188 184
134 129
142 112
156 37
258 254
260 21
102 45
152 148
183 50
239 17
180 172
130 127
239 13
99 52
186 104
221 211
32 7
164 160
211 197
248 239
108 80
108 42
169 50
261 202
152 147
131 128
211 106
253 239
145 142
186 183
233 227
91 87
111 42
237 19
114 110
196 193
38 16
12 9
172 167
159 19
253 221
159 18
224 207
95 67
65 62
223 187
156 39
133 128
52 49
211 193
181 177
88 84
238 18
253 237
160 34
111 48
167 164
215 149
155 145
220 43
158 37
138 40
17 7
155 152
62 58
257 197
62 52
184 180
260 30
183 46
80 74
110 107
114 102
124 44
29 23
248 217
145 44
220 38
94 63
175 53
138 121
189 104
215 147
124 118
53 50
9 6
112 76
107 82
224 166
240 16
27 23
83 69
11 8
165 136
119 116
240 218
146 41
62 57
164 133
103 45
210 46
156 136
17 13
256 19
76 73
259 9
234 166
228 205
139 121
100 97
234 163
234 171
129 126
163 20
223 210
74 70
248 218
257 235
256 252
148 41
249 219
185 182
157 40
235 224
83 73
168 131
105 82
113 69
189 186
261 201
124 47
197 193
80 77
218 215
242 216
31 19
112 109
189 100
187 170
230 25
110 82
217 213
128 125
118 56
238 157
225 201
145 41
237 222
79 74
257 221
165 128
231 23
101 83
138 47
161 134
252 15
114 49
249 13
32 19
146 143
236 163
183 169
252 9
173 168
174 169
136 133
85 82
127 50
108 78
88 85
210 103
92 68
159 33
159 34
57 53
126 122
105 101
208 187
110 80
212 42
233 225
61 58
155 137
225 208
171 24
109 69
224 187
47 44
123 120
17 9
10 7
98 83
240 216
241 16
143 79
113 67
248 219
190 103
92 88
253 197
183 179
111 107
143 77
110 99
50 46
49 45
233 22
73 69
233 224
210 42
255 200
101 82
138 44
161 133
224 171
255 251
209 190
214 39
243 217
99 53
110 93
63 60
199 193
92 69
159 32
36 16
260 2
253 196
97 94
171 168
95 62
189 185
218 39
218 214
110 105
17 10
212 43
117 114
217 214
187 183
77 74
225 197
92 89
159 20
260 19
170 166
180 169
118 114
161 135
163 160
187 46
105 81
93 66
220 212
136 44
261 200
193 190
6 2
174 131
93 67
161 157
218 212
33 17
238 218
118 115
109 79
249 15
137 128
114 48
170 167
124 51
145 40
207 198
111 77
200 196
157 137
258 200
174 168
237 221
219 211
140 121
243 216
102 98
111 102
222 209
33 18
223 207
224 184
261 205
240 217
213 146
184 170
145 139
157 136
262 259
260 235
253 219
179 57
166 163
158 135
117 113
27 24
94 65
207 190
175 50
209 197
159 35
154 140
236 21
222 162
126 123
124 121
233 226
257 196
112 108
188 185
128 124
215 148
212 40
8 4
108 79
118 52
36 18
220 40
263 28
183 53
93 88
55 52
261 258
103 99
105 102
175 54
154 145
160 35
17 6
225 209
253 249
28 22
63 57
236 223
10 6
109 84
159 38
254 196
147 144
223 197
31 20
50 47
101 81
30 19
155 139
146 142
186 99
145 121
97 93
236 162
104 100
197 194
238 38
110 98
125 122
214 148
260 257
180 170
166 162
254 195
116 113
224 170
51 47
235 223
180 175
84 74
219 213
124 120
83 74
208 188
179 53
244 215
167 163
219 196
233 23
109 80
179 54
147 140
111 45
238 162
157 37
214 41
110 83
233 21
231 227
186 182
104 101
218 41
65 61
238 159
260 233
98 95
77 73
6 3
218 38
33 16
169 166
207 188
113 83
257 200
156 137
155 138
141 115
245 215
123 51
222 46
95 57
27 22
98 94
95 63
252 249
64 60
28 23
73 70
8 5
141 120
171 167
127 118
144 141
61 57
131 127
174 50
180 174
146 39
12 8
162 158
124 48
57 52
237 220
45 42
49 46
34 31
237 17
219 212
165 162
103 46
254 199
229 226
239 15
108 77
102 99
236 222
91 68
183 175
258 255
7 3
153 37
200 197
220 213
187 184
154 137
238 17
154 139
95 52
262 258
256 6
117 56
11 7
118 48
190 186
239 38
29 20
115 111
32 18
142 109
127 55
220 39
74 71
222 166
250 196
205 202
162 40
46 43
16 10
116 112
210 45
237 159
122 119
207 197
248 213
112 77
109 73
132 128
74 69
155 41
29 22
192 105
235 19
169 47
152 39
142 79
252 239
246 243
161 158
254 200
256 9
259 5
241 218
207 201
30 6
14 10
238 43
259 255
135 37
107 101
216 149
235 163
106 102
257 201
182 179
227 205
221 196
248 241
54 51
75 71
158 36
48 45
7 4
19 6
220 42
213 41
241 217
111 108
239 217
234 224
259 2
94 67
246 242
210 106
257 237
210 187
156 152
89 71
89 69
114 98
146 42
159 31
83 80
152 149
231 24
183 180
201 197
32 3
254 251
222 210
174 54
211 190
250 219
183 49
232 171
54 50
90 86
113 98
89 85
128 47
240 148
101 93
136 125
211 192
107 98
240 150
225 206
155 40
30 21
29 21
205 201
94 66
109 74
30 3
117 95
216 150
224 209
48 44
136 47
198 195
214 146
99 49
223 208
163 159
254 250
142 78
241 216
260 256
186 100
190 187
62 56
158 38
162 43
192 104
138 48
228 204
63 52
217 15
248 214
196 192
169 165
232 225
156 135
165 133
113 109
160 31
165 47
223 209
236 166
226 205
120 115
186 103
34 20
84 80
107 81
230 226
236 19
15 10
63 53
99 63
240 15
158 136
232 224
232 226
138 125
138 122
192 106
249 239
233 24
51 48
261 257
165 161
96 63
221 210
36 33
55 51
223 166
139 122
246 217
217 148
213 42
185 181
186 49
230 227
235 197
90 87
60 57
238 158
198 194
244 216
222 163
106 103
127 124
123 115
226 207
107 80
180 176
165 131
101 98
92 66
201 198
259 6
130 126
92 67
221 212
182 178
102 48
216 39
96 64
141 112
191 104
160 135
127 54
224 208
142 108
251 196
226 206
251 195
106 45
32 10
215 146
118 51
34 18
227 202
155 39
210 43
32 6
242 150
258 201
209 193
110 102
115 48
84 81
184 181
114 52
179 175
145 140
250 199
91 88
253 220
117 52
221 193
107 79
114 99
169 46
235 20
