92 87
31 28
58 27
61 50
82 74
48 37
107 94
29 26
105 34
108 105
51 36
70 36
110 106
45 5
109 71
73 37
49 12
73 39
98 72
15 12
94 51
49 32
95 91
104 100
55 52
103 99
120 116
93 12
68 65
60 31
17 14
68 35
106 32
62 47
47 40
97 78
108 92
92 23
114 58
79 38
108 36
99 76
57 39
79 74
99 88
52 31
90 76
96 30
64 48
39 34
65 35
58 53
81 38
36 12
58 52
54 33
58 55
40 6
100 78
111 95
68 63
112 101
79 53
51 14
91 88
113 11
50 35
72 32
76 67
111 106
71 68
111 82
81 77
98 82
16 13
30 13
95 78
81 11
110 34
86 81
109 106
108 104
62 9
20 16
86 69
77 65
95 51
103 69
82 11
31 19
86 33
114 15
13 10
63 35
117 114
97 81
89 72
111 108
118 5
111 88
111 51
114 89
71 15
51 40
49 15
53 19
70 34
103 54
72 54
105 101
26 17
112 106
65 10
53 31
116 18
107 104
90 81
79 33
86 73
53 47
57 53
74 33
77 68
87 92
28 31
27 58
50 61
74 82
37 48
94 107
26 29
34 105
105 108
36 51
36 70
106 110
5 45
71 109
37 73
12 49
39 73
72 98
12 15
51 94
32 49
91 95
100 104
52 55
99 103
116 120
12 93
65 68
31 60
14 17
35 68
32 106
47 62
40 47
78 97
92 108
23 92
58 114
38 79
36 108
76 99
39 57
74 79
88 99
31 52
76 90
30 96
48 64
34 39
35 65
53 58
38 81
12 36
52 58
33 54
55 58
6 40
78 100
95 111
63 68
101 112
53 79
14 51
88 91
11 113
35 50
32 72
67 76
106 111
68 71
82 111
77 81
82 98
13 16
13 30
78 95
11 81
34 110
81 86
106 109
104 108
9 62
16 20
69 86
65 77
51 95
69 103
11 82
19 31
33 86
15 114
10 13
35 63
114 117
81 97
72 89
108 111
5 118
88 111
51 111
89 114
15 71
40 51
15 49
19 53
34 70
54 103
54 72
101 105
17 26
106 112
10 65
31 53
18 116
104 107
81 90
33 79
73 86
47 53
53 57
33 74
68 77
