15 12
92 87
108 105
109 106
16 13
110 106
17 14
110 107
82 74
31 28
107 94
61 50
13 10
16 12
48 37
58 27
104 100
103 100
103 99
108 104
109 105
29 26
45 5
15 11
95 91
17 13
105 101
109 71
18 15
111 108
104 101
14 11
58 55
18 14
73 37
98 72
91 88
102 99
120 116
52 31
113 110
73 39
58 53
95 92
20 17
107 104
106 103
56 53
55 52
119 116
70 36
51 36
111 106
97 78
68 65
116 113
9 6
58 52
91 87
120 117
57 53
49 12
79 38
43 40
105 34
22 19
108 92
111 107
58 54
50 35
107 98
24 21
62 47
117 114
57 54
106 102
34 31
20 16
105 102
94 51
66 63
114 111
21 18
28 25
81 38
90 76
47 40
95 78
36 12
99 88
79 74
49 32
14 10
106 32
118 5
81 78
53 31
92 88
27 24
118 115
112 109
80 38
93 12
81 11
68 35
104 99
51 35
40 6
115 112
82 76
68 63
101 98
82 79
60 31
81 77
92 23
93 90
26 23
93 87
54 33
119 115
45 41
13 9
94 91
70 34
100 78
53 29
99 76
118 114
107 103
19 16
30 27
101 97
84 81
50 36
118 2
79 53
23 20
10 7
108 36
7 4
86 81
96 93
30 26
43 39
112 106
64 48
19 15
102 98
68 64
71 68
109 92
50 31
111 82
58 26
113 11
110 92
106 98
114 58
96 30
76 67
107 95
61 51
113 109
9 5
103 98
82 11
32 29
78 75
62 48
60 57
64 61
63 48
75 46
75 39
105 96
101 96
43 4
106 94
57 39
42 39
80 11
72 69
52 29
12 15
87 92
105 108
106 109
13 16
106 110
14 17
107 110
74 82
28 31
94 107
50 61
10 13
12 16
37 48
27 58
100 104
100 103
99 103
104 108
105 109
26 29
5 45
11 15
91 95
13 17
101 105
71 109
15 18
108 111
101 104
11 14
55 58
14 18
37 73
72 98
88 91
99 102
116 120
31 52
110 113
39 73
53 58
92 95
17 20
104 107
103 106
53 56
52 55
116 119
36 70
36 51
106 111
78 97
65 68
113 116
6 9
52 58
87 91
117 120
53 57
12 49
38 79
40 43
34 105
19 22
92 108
107 111
54 58
35 50
98 107
21 24
47 62
114 117
54 57
102 106
31 34
16 20
102 105
51 94
63 66
111 114
18 21
25 28
38 81
76 90
40 47
78 95
12 36
88 99
74 79
32 49
10 14
32 106
5 118
78 81
31 53
88 92
24 27
115 118
109 112
38 80
12 93
11 81
35 68
99 104
35 51
6 40
112 115
76 82
63 68
98 101
79 82
31 60
77 81
23 92
90 93
23 26
87 93
33 54
115 119
41 45
9 13
91 94
34 70
78 100
29 53
76 99
114 118
103 107
16 19
27 30
97 101
81 84
36 50
2 118
53 79
20 23
7 10
36 108
4 7
81 86
93 96
26 30
39 43
106 112
48 64
15 19
98 102
64 68
68 71
92 109
31 50
82 111
26 58
11 113
92 110
98 106
58 114
30 96
67 76
95 107
51 61
109 113
5 9
98 103
11 82
29 32
75 78
48 62
57 60
61 64
48 63
46 75
39 75
96 105
96 101
4 43
94 106
39 57
39 42
11 80
69 72
29 52
