15 12
92 87
108 105
109 106
16 13
110 106
17 14
110 107
82 74
31 28
107 94
61 50
13 10
16 12
48 37
58 27
104 100
103 100
103 99
108 104
109 105
29 26
45 5
15 11
95 91
17 13
105 101
109 71
18 15
111 108
104 101
14 11
58 55
18 14
73 37
98 72
91 88
102 99
120 116
52 31
113 110
73 39
58 53
95 92
20 17
107 104
106 103
56 53
55 52
119 116
70 36
51 36
111 106
97 78
68 65
116 113
9 6
58 52
91 87
120 117
57 53
49 12
79 38
43 40
105 34
22 19
108 92
111 107
58 54
50 35
107 98
24 21
62 47
117 114
57 54
106 102
34 31
20 16
105 102
94 51
66 63
114 111
21 18
28 25
81 38
90 76
47 40
95 78
36 12
99 88
79 74
49 32
14 10
106 32
118 5
81 78
53 31
92 88
27 24
118 115
112 109
80 38
93 12
81 11
68 35
104 99
51 35
40 6
115 112
82 76
68 63
101 98
82 79
60 31
81 77
92 23
93 90
26 23
93 87
54 33
119 115
45 41
13 9
12 15
87 92
105 108
106 109
13 16
106 110
14 17
107 110
74 82
28 31
94 107
50 61
10 13
12 16
37 48
27 58
100 104
100 103
99 103
104 108
105 109
26 29
5 45
11 15
91 95
13 17
101 105
71 109
15 18
108 111
101 104
11 14
55 58
14 18
37 73
72 98
88 91
99 102
116 120
31 52
110 113
39 73
53 58
92 95
17 20
104 107
103 106
53 56
52 55
116 119
36 70
36 51
106 111
78 97
65 68
113 116
6 9
52 58
87 91
117 120
53 57
12 49
38 79
40 43
34 105
19 22
92 108
107 111
54 58
35 50
98 107
21 24
47 62
114 117
54 57
102 106
31 34
16 20
102 105
51 94
63 66
111 114
18 21
25 28
38 81
76 90
40 47
78 95
12 36
88 99
74 79
32 49
10 14
32 106
5 118
78 81
31 53
88 92
24 27
115 118
109 112
38 80
12 93
11 81
35 68
99 104
35 51
6 40
112 115
76 82
63 68
98 101
79 82
31 60
77 81
23 92
90 93
23 26
87 93
33 54
115 119
41 45
9 13
