31 27
99 73
116 84
53 26
50 36
109 30
11 7
116 85
9 6
106 30
97 87
119 116
16 12
46 41
18 14
21 17
82 78
58 54
117 85
103 70
41 6
69 54
28 25
115 87
107 104
44 41
36 12
96 93
80 10
68 34
72 37
58 27
98 82
83 79
77 40
23 18
29 26
85 82
75 38
46 37
98 78
22 18
42 3
72 34
59 16
70 32
92 88
118 18
58 51
92 87
45 42
38 6
14 11
74 39
53 30
79 7
53 23
98 95
71 36
101 70
62 49
66 61
52 34
119 15
120 18
57 20
87 82
58 52
98 73
48 36
56 27
76 7
22 19
97 74
66 52
79 38
108 105
112 108
54 31
60 51
85 81
25 22
79 8
59 52
59 19
83 80
92 89
87 81
57 23
47 38
41 8
74 38
97 75
45 41
18 15
99 72
80 76
109 31
61 51
67 33
111 107
71 34
77 7
84 81
76 40
94 91
76 39
57 24
46 38
75 40
15 11
20 17
53 34
51 34
79 75
69 33
73 38
87 78
55 52
60 49
116 89
50 35
110 70
110 53
64 50
17 14
82 74
60 13
48 38
70 35
75 39
56 23
61 52
98 72
116 83
104 70
93 89
92 74
47 6
110 107
63 48
97 92
79 36
101 71
74 36
14 10
119 18
98 92
102 69
51 33
95 91
60 15
70 33
30 26
71 68
91 87
98 93
53 31
117 84
19 16
31 28
74 37
109 105
113 110
13 9
60 19
41 5
81 78
107 103
49 12
15 12
27 24
116 113
72 35
68 50
68 32
104 100
44 39
59 51
119 114
62 12
27 23
26 22
106 70
50 33
47 41
115 85
78 75
112 109
64 61
110 34
118 113
10 7
41 38
53 32
56 24
80 8
66 50
30 27
108 104
82 79
81 77
66 35
55 27
107 100
98 74
96 92
12 8
68 33
72 36
76 38
100 71
44 40
83 11
114 111
57 27
57 19
69 34
73 39
53 33
66 33
106 32
48 35
80 7
95 92
93 90
91 88
63 49
36 8
88 85
115 82
78 74
106 34
31 26
109 106
120 22
107 72
12 9
110 106
51 19
54 27
65 48
58 53
17 13
13 10
23 19
86 82
106 31
49 36
26 23
109 29
49 35
16 13
9 5
43 4
42 6
97 93
46 39
89 82
107 70
58 23
63 47
114 85
53 27
100 70
116 82
76 42
102 71
86 80
75 41
60 52
52 32
83 14
29 25
64 35
73 36
79 76
110 30
80 77
117 114
80 11
98 89
23 20
52 33
92 82
46 40
105 70
51 15
86 81
76 6
76 41
11 8
97 78
79 74
83 15
54 33
62 47
71 37
84 80
60 16
92 78
99 74
60 12
19 15
20 16
28 24
42 4
70 34
119 113
26 19
100 72
60 50
64 49
106 69
61 50
73 37
45 6
61 49
69 32
68 35
51 36
116 111
51 12
102 70
49 8
49 38
26 18
48 37
54 32
53 19
103 32
38 8
92 81
64 48
94 90
118 114
79 11
58 55
50 34
77 41
106 102
111 89
115 89
103 69
119 83
42 5
58 26
47 8
111 108
59 55
120 113
54 30
71 35
58 19
41 7
76 8
115 86
100 73
115 88
21 18
106 103
27 31
73 99
84 116
26 53
36 50
30 109
7 11
85 116
6 9
30 106
87 97
116 119
12 16
41 46
14 18
17 21
78 82
54 58
85 117
70 103
6 41
54 69
25 28
87 115
104 107
41 44
12 36
93 96
10 80
34 68
37 72
27 58
82 98
79 83
40 77
18 23
26 29
82 85
38 75
37 46
78 98
18 22
3 42
34 72
16 59
32 70
88 92
18 118
51 58
87 92
42 45
6 38
11 14
39 74
30 53
7 79
23 53
95 98
36 71
70 101
49 62
61 66
34 52
15 119
18 120
20 57
82 87
52 58
73 98
36 48
27 56
7 76
19 22
74 97
52 66
38 79
105 108
108 112
31 54
51 60
81 85
22 25
8 79
52 59
19 59
80 83
89 92
81 87
23 57
38 47
8 41
38 74
75 97
41 45
15 18
72 99
76 80
31 109
51 61
33 67
107 111
34 71
7 77
81 84
40 76
91 94
39 76
24 57
38 46
40 75
11 15
17 20
34 53
34 51
75 79
33 69
38 73
78 87
52 55
49 60
89 116
35 50
70 110
53 110
50 64
14 17
74 82
13 60
38 48
35 70
39 75
23 56
52 61
72 98
83 116
70 104
89 93
74 92
6 47
107 110
48 63
92 97
36 79
71 101
36 74
10 14
18 119
92 98
69 102
33 51
91 95
15 60
33 70
26 30
68 71
87 91
93 98
31 53
84 117
16 19
28 31
37 74
105 109
110 113
9 13
19 60
5 41
78 81
103 107
12 49
12 15
24 27
113 116
35 72
50 68
32 68
100 104
39 44
51 59
114 119
12 62
23 27
22 26
70 106
33 50
41 47
85 115
75 78
109 112
61 64
34 110
113 118
7 10
38 41
32 53
24 56
8 80
50 66
27 30
104 108
79 82
77 81
35 66
27 55
100 107
74 98
92 96
8 12
33 68
36 72
38 76
71 100
40 44
11 83
111 114
27 57
19 57
34 69
39 73
33 53
33 66
32 106
35 48
7 80
92 95
90 93
88 91
49 63
8 36
85 88
82 115
74 78
34 106
26 31
106 109
22 120
72 107
9 12
106 110
19 51
27 54
48 65
53 58
13 17
10 13
19 23
82 86
31 106
36 49
23 26
29 109
35 49
13 16
5 9
4 43
6 42
93 97
39 46
82 89
70 107
23 58
47 63
85 114
27 53
70 100
82 116
42 76
71 102
80 86
41 75
52 60
32 52
14 83
25 29
35 64
36 73
76 79
30 110
77 80
114 117
11 80
89 98
20 23
33 52
82 92
40 46
70 105
15 51
81 86
6 76
41 76
8 11
78 97
74 79
15 83
33 54
47 62
37 71
80 84
16 60
78 92
74 99
12 60
15 19
16 20
24 28
4 42
34 70
113 119
19 26
72 100
50 60
49 64
69 106
50 61
37 73
6 45
49 61
32 69
35 68
36 51
111 116
12 51
70 102
8 49
38 49
18 26
37 48
32 54
19 53
32 103
8 38
81 92
48 64
90 94
114 118
11 79
55 58
34 50
41 77
102 106
89 111
89 115
69 103
83 119
5 42
26 58
8 47
108 111
55 59
113 120
30 54
35 71
19 58
7 41
8 76
86 115
73 100
88 115
18 21
103 106
