92 87
31 28
58 27
61 50
82 74
48 37
107 94
29 26
105 34
108 105
51 36
70 36
110 106
45 5
109 71
73 37
49 12
73 39
98 72
15 12
94 51
49 32
95 91
104 100
55 52
103 99
120 116
93 12
68 65
60 31
17 14
68 35
106 32
62 47
47 40
97 78
108 92
92 23
114 58
79 38
108 36
99 76
57 39
79 74
99 88
52 31
90 76
96 30
64 48
39 34
65 35
58 53
81 38
36 12
58 52
54 33
58 55
40 6
100 78
111 95
68 63
87 92
28 31
27 58
50 61
74 82
37 48
94 107
26 29
34 105
105 108
36 51
36 70
106 110
5 45
71 109
37 73
12 49
39 73
72 98
12 15
51 94
32 49
91 95
100 104
52 55
99 103
116 120
12 93
65 68
31 60
14 17
35 68
32 106
47 62
40 47
78 97
92 108
23 92
58 114
38 79
36 108
76 99
39 57
74 79
88 99
31 52
76 90
30 96
48 64
34 39
35 65
53 58
38 81
12 36
52 58
33 54
55 58
6 40
78 100
95 111
63 68
