15 12
92 87
108 105
109 106
16 13
110 106
17 14
110 107
82 74
31 28
107 94
61 50
13 10
16 12
48 37
58 27
104 100
103 100
103 99
108 104
109 105
29 26
45 5
15 11
95 91
17 13
105 101
109 71
18 15
111 108
104 101
14 11
58 55
18 14
73 37
98 72
91 88
102 99
120 116
52 31
113 110
73 39
58 53
95 92
20 17
107 104
106 103
56 53
55 52
119 116
70 36
51 36
111 106
97 78
68 65
116 113
9 6
58 52
91 87
120 117
57 53
12 15
87 92
105 108
106 109
13 16
106 110
14 17
107 110
74 82
28 31
94 107
50 61
10 13
12 16
37 48
27 58
100 104
100 103
99 103
104 108
105 109
26 29
5 45
11 15
91 95
13 17
101 105
71 109
15 18
108 111
101 104
11 14
55 58
14 18
37 73
72 98
88 91
99 102
116 120
31 52
110 113
39 73
53 58
92 95
17 20
104 107
103 106
53 56
52 55
116 119
36 70
36 51
106 111
78 97
65 68
113 116
6 9
52 58
87 91
117 120
53 57
