80 4
79 75
81 47
109 74
76 73
109 48
106 74
105 77
49 45
89 27
110 106
74 48
105 44
81 43
6 2
108 44
72 5
81 44
104 101
102 78
84 80
102 75
123 119
23 13
82 78
88 16
16 5
77 48
51 46
77 47
123 120
108 41
118 114
57 53
70 49
83 2
54 51
108 77
10 7
90 84
96 90
109 106
71 7
90 86
104 40
68 47
7 4
106 101
88 29
45 41
59 53
89 16
57 25
62 53
90 87
100 82
59 51
109 105
62 57
63 53
105 78
86 82
22 19
124 121
88 27
45 22
46 42
111 107
14 9
23 10
107 103
85 32
27 17
58 55
106 103
62 25
69 9
90 26
72 67
61 54
82 16
49 10
17 13
125 121
80 47
20 15
99 82
85 82
42 39
98 82
124 117
109 78
117 114
88 71
63 52
83 6
62 51
100 90
33 28
84 43
70 48
100 16
53 5
86 83
103 75
104 44
59 52
76 72
103 49
124 119
64 22
19 13
80 63
29 5
65 10
124 120
63 54
63 57
89 9
62 55
100 85
59 55
125 119
60 21
110 74
46 43
78 48
32 29
4 80
75 79
47 81
74 109
73 76
48 109
74 106
77 105
45 49
27 89
106 110
48 74
44 105
43 81
2 6
44 108
5 72
44 81
101 104
78 102
80 84
75 102
119 123
13 23
78 82
16 88
5 16
48 77
46 51
47 77
120 123
41 108
114 118
53 57
49 70
2 83
51 54
77 108
7 10
84 90
90 96
106 109
7 71
86 90
40 104
47 68
4 7
101 106
29 88
41 45
53 59
16 89
25 57
53 62
87 90
82 100
51 59
105 109
57 62
53 63
78 105
82 86
19 22
121 124
27 88
22 45
42 46
107 111
9 14
10 23
103 107
32 85
17 27
55 58
103 106
25 62
9 69
26 90
67 72
54 61
16 82
10 49
13 17
121 125
47 80
15 20
82 99
82 85
39 42
82 98
117 124
78 109
114 117
71 88
52 63
6 83
51 62
90 100
28 33
43 84
48 70
16 100
5 53
83 86
75 103
44 104
52 59
72 76
49 103
119 124
22 64
13 19
63 80
5 29
10 65
120 124
54 63
57 63
9 89
55 62
85 100
55 59
119 125
21 60
74 110
43 46
48 78
29 32
