109 106
110 106
76 73
85 82
83 80
110 107
84 81
82 79
106 103
86 83
84 80
86 82
109 105
104 101
46 43
107 104
85 81
124 121
123 120
108 105
77 74
45 42
22 19
107 103
108 104
47 44
46 42
24 21
89 27
78 75
83 79
47 43
111 107
87 84
44 41
117 114
118 115
123 119
11 8
111 108
106 102
82 78
58 55
87 83
125 122
45 41
79 75
124 120
59 56
23 20
121 118
10 7
78 74
77 73
79 76
48 45
88 85
81 47
117 113
118 114
119 116
57 54
16 13
54 51
106 109
106 110
73 76
82 85
80 83
107 110
81 84
79 82
103 106
83 86
80 84
82 86
105 109
101 104
43 46
104 107
81 85
121 124
120 123
105 108
74 77
42 45
19 22
103 107
104 108
44 47
42 46
21 24
27 89
75 78
79 83
43 47
107 111
84 87
41 44
114 117
115 118
119 123
8 11
108 111
102 106
78 82
55 58
83 87
122 125
41 45
75 79
120 124
56 59
20 23
118 121
7 10
74 78
73 77
76 79
45 48
85 88
47 81
113 117
114 118
116 119
54 57
13 16
51 54
