109 106
110 106
76 73
85 82
83 80
110 107
84 81
82 79
106 103
86 83
84 80
86 82
109 105
104 101
46 43
107 104
85 81
124 121
123 120
108 105
77 74
45 42
22 19
107 103
108 104
47 44
46 42
24 21
89 27
78 75
83 79
47 43
111 107
87 84
44 41
117 114
118 115
123 119
11 8
111 108
106 102
82 78
58 55
87 83
125 122
45 41
79 75
124 120
59 56
23 20
121 118
10 7
78 74
77 73
79 76
48 45
88 85
81 47
117 113
118 114
119 116
57 54
16 13
54 51
81 77
90 87
49 45
60 57
122 119
105 102
109 48
80 77
105 101
125 121
116 113
80 4
94 91
88 84
62 59
7 4
12 9
119 115
59 55
81 78
17 14
63 54
61 57
6 3
88 27
13 10
90 27
60 56
56 53
62 53
81 43
23 19
109 74
61 54
32 29
90 86
8 5
9 6
58 54
89 86
5 2
32 28
72 5
76 72
59 52
102 99
18 14
61 58
105 77
115 112
17 13
57 53
51 46
6 2
103 75
120 117
74 48
49 46
81 44
55 52
62 52
48 44
63 53
53 50
37 34
62 57
120 116
62 54
85 32
59 51
102 75
98 95
77 48
122 118
104 100
18 15
43 40
90 26
56 52
62 51
100 97
52 49
100 82
91 88
62 55
63 52
106 101
108 44
99 96
33 30
24 20
58 53
51 47
60 53
124 93
68 47
99 82
61 55
69 66
16 12
55 51
105 44
77 47
60 52
112 109
108 77
96 90
116 112
25 22
106 74
88 29
69 48
89 28
15 12
121 117
38 35
61 56
12 8
59 53
60 55
57 52
70 49
42 39
105 78
71 7
59 54
64 22
44 40
106 109
106 110
73 76
82 85
80 83
107 110
81 84
79 82
103 106
83 86
80 84
82 86
105 109
101 104
43 46
104 107
81 85
121 124
120 123
105 108
74 77
42 45
19 22
103 107
104 108
44 47
42 46
21 24
27 89
75 78
79 83
43 47
107 111
84 87
41 44
114 117
115 118
119 123
8 11
108 111
102 106
78 82
55 58
83 87
122 125
41 45
75 79
120 124
56 59
20 23
118 121
7 10
74 78
73 77
76 79
45 48
85 88
47 81
113 117
114 118
116 119
54 57
13 16
51 54
77 81
87 90
45 49
57 60
119 122
102 105
48 109
77 80
101 105
121 125
113 116
4 80
91 94
84 88
59 62
4 7
9 12
115 119
55 59
78 81
14 17
54 63
57 61
3 6
27 88
10 13
27 90
56 60
53 56
53 62
43 81
19 23
74 109
54 61
29 32
86 90
5 8
6 9
54 58
86 89
2 5
28 32
5 72
72 76
52 59
99 102
14 18
58 61
77 105
112 115
13 17
53 57
46 51
2 6
75 103
117 120
48 74
46 49
44 81
52 55
52 62
44 48
53 63
50 53
34 37
57 62
116 120
54 62
32 85
51 59
75 102
95 98
48 77
118 122
100 104
15 18
40 43
26 90
52 56
51 62
97 100
49 52
82 100
88 91
55 62
52 63
101 106
44 108
96 99
30 33
20 24
53 58
47 51
53 60
93 124
47 68
82 99
55 61
66 69
12 16
51 55
44 105
47 77
52 60
109 112
77 108
90 96
112 116
22 25
74 106
29 88
48 69
28 89
12 15
117 121
35 38
56 61
8 12
53 59
55 60
52 57
49 70
39 42
78 105
7 71
54 59
22 64
40 44
