110 106
109 106
76 73
86 83
109 48
84 81
86 82
83 80
84 80
80 4
109 105
85 82
108 105
82 79
79 75
110 107
77 74
81 43
107 104
109 74
89 27
46 43
81 47
74 48
49 45
85 81
82 78
45 42
106 103
107 103
123 120
111 107
108 104
106 74
78 75
44 41
104 101
105 77
47 44
10 7
83 79
102 75
11 8
87 83
47 43
87 84
46 42
22 19
6 2
24 21
58 55
108 44
45 41
111 108
80 77
77 48
54 51
124 121
72 5
124 120
81 78
48 45
105 102
88 16
106 102
16 13
118 115
90 87
78 74
77 73
90 86
118 114
122 119
90 26
117 114
81 44
105 44
96 90
7 4
79 76
102 78
88 85
123 119
76 72
77 47
88 84
32 29
94 91
23 20
119 116
57 53
56 53
81 77
119 115
59 56
88 29
125 122
88 27
100 82
6 3
16 5
60 56
57 54
12 9
51 46
23 13
68 47
106 101
23 19
60 57
122 118
70 49
90 84
13 10
108 77
59 55
43 40
121 118
71 7
63 54
59 51
105 101
61 54
59 53
117 113
48 44
5 2
108 41
