105 74
116 53
118 50
77 44
106 74
65 53
62 54
64 53
73 70
90 84
48 45
105 44
100 40
114 51
104 101
81 43
124 120
11 8
45 41
116 51
49 46
23 20
60 20
68 51
113 49
9 5
57 25
80 2
12 8
100 81
90 27
18 15
34 31
59 56
79 4
118 49
83 80
94 35
110 106
85 81
38 34
80 76
90 30
61 57
90 29
28 25
109 106
85 30
13 10
125 36
30 26
119 52
70 48
16 12
48 44
51 46
118 115
44 41
90 87
102 75
30 27
118 42
83 2
94 31
69 47
115 50
25 20
95 92
87 83
32 29
109 105
42 38
18 13
23 19
23 12
29 25
8 5
17 13
84 27
65 52
39 35
70 49
50 46
66 51
118 51
64 54
99 78
97 91
107 104
31 28
24 18
33 29
19 12
50 47
12 9
101 75
125 39
14 10
115 46
102 77
14 9
8 4
24 19
72 69
99 82
61 55
105 102
119 115
17 14
89 28
44 40
121 117
18 11
63 53
80 5
124 121
26 17
61 21
118 46
77 73
102 78
76 72
90 85
79 75
122 42
97 94
27 16
36 32
62 24
121 42
61 54
63 54
39 36
40 34
33 30
125 38
84 81
121 118
88 16
117 113
62 53
94 91
57 24
125 33
91 31
86 82
109 48
82 79
120 117
27 17
100 79
69 49
115 52
105 101
25 19
125 122
77 47
86 83
81 77
62 21
35 32
43 40
92 89
101 79
67 51
77 72
81 44
25 16
87 27
26 16
80 4
115 51
105 77
108 44
78 74
68 48
88 28
91 85
64 22
62 22
100 78
62 56
108 41
60 56
46 42
66 52
40 37
16 9
16 13
22 19
108 105
89 86
84 16
89 27
88 27
84 26
26 18
112 109
24 12
22 18
50 45
39 34
68 50
25 18
106 102
84 30
102 76
105 78
87 84
77 74
64 23
102 74
35 31
45 42
24 17
69 48
125 37
83 79
100 82
42 39
40 33
110 107
88 15
58 29
27 15
113 45
111 108
94 90
9 6
24 20
65 51
112 49
122 118
23 11
25 17
85 27
81 78
101 74
118 113
43 39
62 57
46 43
23 18
17 12
37 34
116 113
94 34
120 116
47 43
76 73
80 77
78 75
29 26
15 12
123 119
95 35
104 100
85 82
114 50
34 30
91 86
14 6
61 56
67 50
90 86
101 78
49 45
10 6
57 29
7 4
107 103
89 85
114 49
18 12
119 51
93 31
88 84
47 44
117 114
83 5
60 21
90 28
13 8
10 7
6 3
62 23
115 49
97 92
68 46
62 55
93 90
69 50
63 55
85 31
125 121
32 28
67 49
19 13
65 50
93 89
68 49
60 57
88 85
70 47
116 52
41 38
6 2
97 34
5 2
84 80
119 53
13 9
108 104
82 78
122 119
62 20
64 52
79 76
123 120
24 21
105 100
68 47
63 52
19 11
119 116
36 33
25 12
66 50
118 114
90 31
26 12
106 103
92 86
108 45
39 33
103 74
76 4
118 45
74 105
53 116
50 118
44 77
74 106
53 65
54 62
53 64
70 73
84 90
45 48
44 105
40 100
51 114
101 104
43 81
120 124
8 11
41 45
51 116
46 49
20 23
20 60
51 68
49 113
5 9
25 57
2 80
8 12
81 100
27 90
15 18
31 34
56 59
4 79
49 118
80 83
35 94
106 110
81 85
34 38
76 80
30 90
57 61
29 90
25 28
106 109
30 85
10 13
36 125
26 30
52 119
48 70
12 16
44 48
46 51
115 118
41 44
87 90
75 102
27 30
42 118
2 83
31 94
47 69
50 115
20 25
92 95
83 87
29 32
105 109
38 42
13 18
19 23
12 23
25 29
5 8
13 17
27 84
52 65
35 39
49 70
46 50
51 66
51 118
54 64
78 99
91 97
104 107
28 31
18 24
29 33
12 19
47 50
9 12
75 101
39 125
10 14
46 115
77 102
9 14
4 8
19 24
69 72
82 99
55 61
102 105
115 119
14 17
28 89
40 44
117 121
11 18
53 63
5 80
121 124
17 26
21 61
46 118
73 77
78 102
72 76
85 90
75 79
42 122
94 97
16 27
32 36
24 62
42 121
54 61
54 63
36 39
34 40
30 33
38 125
81 84
118 121
16 88
113 117
53 62
91 94
24 57
33 125
31 91
82 86
48 109
79 82
117 120
17 27
79 100
49 69
52 115
101 105
19 25
122 125
47 77
83 86
77 81
21 62
32 35
40 43
89 92
79 101
51 67
72 77
44 81
16 25
27 87
16 26
4 80
51 115
77 105
44 108
74 78
48 68
28 88
85 91
22 64
22 62
78 100
56 62
41 108
56 60
42 46
52 66
37 40
9 16
13 16
19 22
105 108
86 89
16 84
27 89
27 88
26 84
18 26
109 112
12 24
18 22
45 50
34 39
50 68
18 25
102 106
30 84
76 102
78 105
84 87
74 77
23 64
74 102
31 35
42 45
17 24
48 69
37 125
79 83
82 100
39 42
33 40
107 110
15 88
29 58
15 27
45 113
108 111
90 94
6 9
20 24
51 65
49 112
118 122
11 23
17 25
27 85
78 81
74 101
113 118
39 43
57 62
43 46
18 23
12 17
34 37
113 116
34 94
116 120
43 47
73 76
77 80
75 78
26 29
12 15
119 123
35 95
100 104
82 85
50 114
30 34
86 91
6 14
56 61
50 67
86 90
78 101
45 49
6 10
29 57
4 7
103 107
85 89
49 114
12 18
51 119
31 93
84 88
44 47
114 117
5 83
21 60
28 90
8 13
7 10
3 6
23 62
49 115
92 97
46 68
55 62
90 93
50 69
55 63
31 85
121 125
28 32
49 67
13 19
50 65
89 93
49 68
57 60
85 88
47 70
52 116
38 41
2 6
34 97
2 5
80 84
53 119
9 13
104 108
78 82
119 122
20 62
52 64
76 79
120 123
21 24
100 105
47 68
52 63
11 19
116 119
33 36
12 25
50 66
114 118
31 90
12 26
103 106
86 92
45 108
33 39
74 103
4 76
45 118
