80 4
79 75
81 47
109 74
76 73
109 48
106 74
105 77
49 45
89 27
110 106
74 48
105 44
81 43
6 2
108 44
72 5
81 44
104 101
102 78
84 80
102 75
123 119
23 13
82 78
88 16
16 5
77 48
51 46
77 47
123 120
108 41
118 114
57 53
70 49
83 2
54 51
108 77
10 7
90 84
96 90
109 106
71 7
90 86
104 40
68 47
7 4
106 101
88 29
45 41
59 53
89 16
57 25
62 53
90 87
100 82
59 51
109 105
62 57
63 53
105 78
86 82
22 19
124 121
88 27
45 22
46 42
111 107
14 9
23 10
107 103
85 32
27 17
58 55
106 103
62 25
69 9
90 26
72 67
61 54
82 16
49 10
17 13
125 121
80 47
20 15
99 82
85 82
42 39
98 82
124 117
109 78
117 114
88 71
63 52
83 6
62 51
100 90
33 28
84 43
70 48
100 16
53 5
86 83
103 75
104 44
59 52
76 72
103 49
124 119
64 22
19 13
80 63
29 5
65 10
124 120
63 54
63 57
89 9
62 55
100 85
59 55
125 119
60 21
110 74
46 43
78 48
32 29
79 64
102 99
43 9
81 40
87 83
121 116
79 53
97 21
118 113
99 95
60 56
76 7
84 32
112 39
70 40
119 76
107 104
79 23
85 69
57 54
42 29
60 20
37 29
52 47
121 93
66 50
46 19
43 14
61 56
96 85
42 2
56 53
84 28
120 115
67 10
99 68
82 79
62 42
65 46
119 115
85 44
64 21
65 52
94 91
51 42
28 16
88 5
124 92
102 74
62 59
56 5
101 75
57 52
16 13
94 35
58 30
83 64
75 10
40 29
68 49
122 119
100 18
95 86
118 115
