80 4
79 75
81 47
109 74
76 73
109 48
106 74
105 77
49 45
89 27
110 106
74 48
105 44
81 43
6 2
108 44
72 5
81 44
104 101
102 78
84 80
102 75
123 119
23 13
82 78
88 16
16 5
77 48
51 46
77 47
123 120
108 41
118 114
57 53
70 49
83 2
54 51
108 77
10 7
90 84
96 90
109 106
71 7
90 86
104 40
68 47
7 4
106 101
88 29
45 41
59 53
89 16
57 25
62 53
90 87
100 82
59 51
109 105
62 57
63 53
105 78
86 82
22 19
124 121
4 80
75 79
47 81
74 109
73 76
48 109
74 106
77 105
45 49
27 89
106 110
48 74
44 105
43 81
2 6
44 108
5 72
44 81
101 104
78 102
80 84
75 102
119 123
13 23
78 82
16 88
5 16
48 77
46 51
47 77
120 123
41 108
114 118
53 57
49 70
2 83
51 54
77 108
7 10
84 90
90 96
106 109
7 71
86 90
40 104
47 68
4 7
101 106
29 88
41 45
53 59
16 89
25 57
53 62
87 90
82 100
51 59
105 109
57 62
53 63
78 105
82 86
19 22
121 124
