62 27
60 51
61 49
45 20
24 6
48 19
47 2
57 52
45 4
63 47
45 2
58 53
38 29
22 19
23 19
20 2
46 17
61 33
60 31
56 53
46 5
39 10
62 59
32 29
40 27
63 33
44 41
18 4
41 10
17 3
29 8
8 5
18 6
37 10
40 32
24 7
57 50
26 16
38 32
16 12
50 25
25 19
20 4
51 31
37 34
48 3
40 5
37 32
42 7
37 29
31 25
42 17
36 20
27 7
44 40
59 56
43 18
32 27
26 12
35 32
46 40
48 25
62 46
46 27
38 35
52 23
27 62
51 60
49 61
20 45
6 24
19 48
2 47
52 57
4 45
47 63
2 45
53 58
29 38
19 22
19 23
2 20
17 46
33 61
31 60
53 56
5 46
10 39
59 62
29 32
27 40
33 63
41 44
4 18
10 41
3 17
8 29
5 8
6 18
10 37
32 40
7 24
50 57
16 26
32 38
12 16
25 50
19 25
4 20
31 51
34 37
3 48
5 40
32 37
7 42
29 37
25 31
17 42
20 36
7 27
40 44
56 59
18 43
27 32
12 26
32 35
40 46
25 48
46 62
27 46
35 38
23 52
