62 27
60 51
61 49
45 20
24 6
48 19
47 2
57 52
45 4
63 47
45 2
58 53
38 29
22 19
23 19
20 2
46 17
61 33
60 31
56 53
46 5
39 10
62 59
32 29
40 27
63 33
44 41
18 4
41 10
17 3
29 8
8 5
18 6
37 10
40 32
24 7
57 50
26 16
38 32
16 12
50 25
25 19
20 4
51 31
37 34
48 3
40 5
37 32
42 7
37 29
31 25
42 17
36 20
27 7
44 40
59 56
43 18
32 27
26 12
35 32
46 40
48 25
62 46
46 27
38 35
52 23
41 37
58 31
52 35
36 9
48 17
58 54
45 11
14 9
14 7
60 49
57 53
43 4
54 23
44 27
59 48
27 5
58 52
50 19
33 29
38 8
27 17
63 49
62 57
38 30
17 5
57 23
42 8
26 9
60 56
39 32
43 24
52 11
26 14
