45 4
47 2
18 4
60 51
62 27
45 2
20 2
45 20
17 3
61 49
48 19
63 47
46 3
44 41
38 29
24 6
58 53
22 19
57 52
45 3
63 33
46 5
23 19
46 17
56 53
26 16
58 51
57 50
46 2
62 59
39 10
8 5
61 33
40 27
56 52
48 3
12 9
18 6
32 29
60 31
60 49
19 2
41 10
38 32
58 55
18 3
44 40
24 7
58 52
37 29
44 4
17 4
37 32
37 10
57 51
57 53
16 12
40 32
23 20
47 3
58 54
20 4
46 4
29 8
58 50
43 4
57 54
59 56
25 19
45 5
59 51
44 5
63 46
60 50
19 3
23 18
17 5
48 2
35 32
38 35
22 18
37 34
39 32
59 50
55 52
25 18
25 17
50 25
59 49
19 4
38 30
43 18
48 25
32 27
25 16
45 42
62 46
27 7
62 58
4 45
2 47
4 18
51 60
27 62
2 45
2 20
20 45
3 17
49 61
19 48
47 63
3 46
41 44
29 38
6 24
53 58
19 22
52 57
3 45
33 63
5 46
19 23
17 46
53 56
16 26
51 58
50 57
2 46
59 62
10 39
5 8
33 61
27 40
52 56
3 48
9 12
6 18
29 32
31 60
49 60
2 19
10 41
32 38
55 58
3 18
40 44
7 24
52 58
29 37
4 44
4 17
32 37
10 37
51 57
53 57
12 16
32 40
20 23
3 47
54 58
4 20
4 46
8 29
50 58
4 43
54 57
56 59
19 25
5 45
51 59
5 44
46 63
50 60
3 19
18 23
5 17
2 48
32 35
35 38
18 22
34 37
32 39
50 59
52 55
18 25
17 25
25 50
49 59
4 19
30 38
18 43
25 48
27 32
16 25
42 45
46 62
7 27
58 62
