59 26
25 16
44 5
24 16
50 25
26 17
59 49
32 29
56 53
42 8
57 26
47 3
59 51
39 13
15 6
38 29
16 7
63 34
59 31
48 3
16 6
45 3
38 30
58 52
63 47
48 27
55 26
41 8
63 48
38 32
13 8
48 17
12 9
62 47
23 19
45 2
39 10
14 8
15 7
56 26
61 31
28 13
17 6
59 50
42 6
43 5
56 52
22 19
44 4
20 3
31 28
25 17
18 3
32 27
18 6
27 5
41 5
60 51
58 31
29 14
17 3
16 8
40 32
40 15
24 18
57 52
40 5
62 32
58 53
46 27
57 23
13 9
17 4
39 29
58 27
40 8
28 15
59 27
15 9
60 31
15 5
27 14
62 46
26 15
39 8
44 40
62 17
27 17
57 51
58 51
19 3
24 6
61 48
18 4
38 13
46 4
48 25
60 49
46 3
59 25
39 32
31 27
25 19
15 8
61 33
62 31
61 49
45 4
18 5
62 33
60 48
29 13
62 59
13 10
59 28
57 25
62 40
40 27
58 28
27 16
46 17
48 2
47 2
46 2
57 53
58 55
46 40
43 6
58 26
24 19
62 48
17 5
59 17
27 15
57 50
42 5
63 46
26 14
48 31
8 5
43 4
16 5
63 33
44 41
58 50
58 25
26 16
59 48
61 47
46 5
62 27
27 8
60 50
42 7
14 9
28 14
24 17
