22 18
54 51
55 51
56 52
21 18
55 52
25 21
21 17
60 56
22 19
24 20
56 53
44 6
58 54
53 50
61 57
59 55
23 20
20 17
25 22
18 15
60 57
54 50
20 16
38 17
46 4
58 55
59 56
24 21
23 19
61 58
46 33
19 16
57 53
19 15
26 23
18 14
57 54
17 14
65 55
64 10
16 13
47 5
64 58
43 36
30 27
66 8
44 4
42 6
61 23
44 5
27 23
57 27
43 9
62 58
53 49
43 24
65 7
40 37
46 32
41 10
26 22
66 10
65 8
51 5
31 28
64 59
36 11
62 59
45 5
27 24
43 6
20 11
34 25
19 12
17 13
47 4
41 8
42 37
44 35
45 6
50 47
61 19
17 11
43 7
31 27
45 7
46 5
38 11
15 12
31 24
33 25
16 12
45 4
42 7
58 20
38 14
34 24
67 51
43 35
32 25
44 7
57 23
63 59
39 14
48 28
42 8
16 11
18 22
51 54
51 55
52 56
18 21
52 55
21 25
17 21
56 60
19 22
20 24
53 56
6 44
54 58
50 53
57 61
55 59
20 23
17 20
22 25
15 18
57 60
50 54
16 20
17 38
4 46
55 58
56 59
21 24
19 23
58 61
33 46
16 19
53 57
15 19
23 26
14 18
54 57
14 17
55 65
10 64
13 16
5 47
58 64
36 43
27 30
8 66
4 44
6 42
23 61
5 44
23 27
27 57
9 43
58 62
49 53
24 43
7 65
37 40
32 46
10 41
22 26
10 66
8 65
5 51
28 31
59 64
11 36
59 62
5 45
24 27
6 43
11 20
25 34
12 19
13 17
4 47
8 41
37 42
35 44
6 45
47 50
19 61
11 17
7 43
27 31
7 45
5 46
11 38
12 15
24 31
25 33
12 16
4 45
7 42
20 58
14 38
24 34
51 67
35 43
25 32
7 44
23 57
59 63
14 39
28 48
8 42
11 16
