25 21
38 17
42 6
16 13
46 33
46 4
64 10
53 50
44 6
43 9
65 55
40 37
57 27
43 24
61 23
30 27
47 5
64 58
66 10
66 8
41 10
21 17
56 52
64 59
22 18
55 51
58 20
51 5
65 7
46 32
36 11
20 11
19 12
17 14
43 36
44 4
60 56
18 14
18 15
57 23
59 55
56 53
17 11
38 11
15 12
34 25
61 19
31 24
54 24
67 51
61 57
23 19
58 43
50 47
48 28
34 24
33 25
27 23
22 19
54 45
63 16
41 8
19 15
38 14
63 19
39 14
49 30
54 47
65 8
67 55
59 56
53 49
32 27
54 31
44 8
41 11
44 37
41 38
42 37
51 47
34 21
31 28
36 17
43 34
62 58
54 27
60 23
53 27
37 14
42 8
58 24
34 31
35 21
43 20
21 18
60 22
61 20
49 27
26 22
44 35
39 35
32 28
65 58
45 24
57 53
45 7
48 5
36 20
