46 3
55 52
45 5
63 10
45 34
62 58
63 60
42 36
69 5
44 5
58 54
16 10
56 53
42 8
63 16
59 56
56 52
32 29
41 11
47 3
47 31
46 32
43 35
38 17
45 32
67 9
42 35
20 17
43 34
25 21
54 51
30 27
45 6
65 7
17 13
23 19
25 22
47 33
66 9
54 24
38 11
26 23
41 9
51 5
63 9
58 24
41 8
42 6
15 12
47 30
66 8
22 19
44 4
65 9
42 38
45 35
17 11
48 30
40 37
61 57
64 59
54 49
61 19
53 49
15 11
57 54
43 7
68 8
46 31
68 5
31 24
63 59
21 18
47 32
44 36
41 36
57 24
18 15
55 51
42 37
49 31
65 10
41 38
34 31
43 36
57 23
66 7
44 35
22 18
45 31
47 4
65 58
60 56
66 10
68 65
44 7
61 23
24 20
48 3
41 10
27 24
16 12
68 7
31 28
43 9
69 6
64 9
26 22
14 11
23 20
45 3
16 13
17 14
38 13
58 20
28 25
46 4
19 15
54 50
46 34
65 59
63 11
53 50
42 7
61 20
59 55
20 16
69 7
16 11
58 55
27 23
45 4
31 25
44 6
68 55
63 58
46 2
31 27
48 2
46 33
19 16
43 37
65 8
49 30
28 24
57 53
42 9
34 21
43 6
24 21
68 6
18 14
47 2
49 3
32 28
21 17
67 7
64 10
67 8
45 33
32 2
62 59
38 12
44 34
36 17
61 58
46 5
41 37
58 23
60 57
43 8
48 31
3 46
52 55
5 45
10 63
34 45
58 62
60 63
36 42
5 69
5 44
54 58
10 16
53 56
8 42
16 63
56 59
52 56
29 32
11 41
3 47
31 47
32 46
35 43
17 38
32 45
9 67
35 42
17 20
34 43
21 25
51 54
27 30
6 45
7 65
13 17
19 23
22 25
33 47
9 66
24 54
11 38
23 26
9 41
5 51
9 63
24 58
8 41
6 42
12 15
30 47
8 66
19 22
4 44
9 65
38 42
35 45
11 17
30 48
37 40
57 61
59 64
49 54
19 61
49 53
11 15
54 57
7 43
8 68
31 46
5 68
24 31
59 63
18 21
32 47
36 44
36 41
24 57
15 18
51 55
37 42
31 49
10 65
38 41
31 34
36 43
23 57
7 66
35 44
18 22
31 45
4 47
58 65
56 60
10 66
65 68
7 44
23 61
20 24
3 48
10 41
24 27
12 16
7 68
28 31
9 43
6 69
9 64
22 26
11 14
20 23
3 45
13 16
14 17
13 38
20 58
25 28
4 46
15 19
50 54
34 46
59 65
11 63
50 53
7 42
20 61
55 59
16 20
7 69
11 16
55 58
23 27
4 45
25 31
6 44
55 68
58 63
2 46
27 31
2 48
33 46
16 19
37 43
8 65
30 49
24 28
53 57
9 42
21 34
6 43
21 24
6 68
14 18
2 47
3 49
28 32
17 21
7 67
10 64
8 67
33 45
2 32
59 62
12 38
34 44
17 36
58 61
5 46
37 41
23 58
57 60
8 43
31 48
