168 165
168 164
169 136
187 184
108 10
144 140
15 12
166 139
184 174
144 141
164 160
72 58
177 153
165 136
186 27
93 82
173 143
142 125
35 19
43 40
167 160
15 11
149 139
66 60
73 57
140 137
175 167
58 52
181 150
164 161
74 66
172 151
178 129
94 64
44 39
167 151
105 81
34 6
178 156
128 11
123 115
115 8
113 101
49 45
50 47
55 23
49 46
181 176
72 60
97 80
22 9
171 149
147 142
111 8
94 85
122 5
48 45
142 123
158 17
68 32
93 34
141 113
166 149
24 21
161 131
160 157
123 6
127 112
111 36
63 60
165 161
74 60
141 138
50 46
171 136
110 107
53 50
142 139
71 31
186 183
175 151
166 136
172 166
119 91
72 69
174 148
25 22
188 184
78 40
138 109
188 185
66 63
171 166
61 44
169 166
82 62
44 40
73 23
166 163
24 19
65 62
167 164
95 77
157 152
166 162
169 139
45 42
139 125
16 13
178 18
181 22
139 127
73 58
179 21
30 26
143 140
105 97
154 151
145 142
163 160
37 15
128 22
158 13
72 59
23 20
93 74
165 162
159 13
47 44
33 30
73 59
167 163
185 26
52 49
177 156
159 131
139 136
96 83
107 104
72 57
61 40
43 39
169 165
14 11
73 60
26 23
51 47
24 20
180 177
51 48
20 17
105 79
18 15
169 127
56 28
53 49
126 7
35 23
105 80
44 41
71 29
91 84
185 30
138 116
68 34
71 30
161 132
129 11
97 79
54 24
115 111
186 182
141 137
59 55
32 4
111 34
30 27
143 139
73 35
25 21
110 81
118 84
180 176
122 6
169 140
145 141
54 51
160 154
113 110
37 11
107 102
124 7
125 112
189 186
50 16
52 48
70 31
156 153
47 19
170 166
170 167
172 150
93 83
23 19
84 68
149 125
187 183
110 83
67 64
48 44
172 149
184 181
184 176
111 108
21 18
183 180
157 153
32 6
66 62
173 148
16 12
115 112
127 108
22 19
82 34
127 10
160 131
131 43
162 159
61 48
183 25
107 81
94 83
33 26
172 169
112 109
158 155
13 10
155 152
37 16
172 167
55 52
140 136
19 11
55 24
98 81
157 154
101 98
115 6
127 11
150 126
170 151
146 142
97 81
156 152
142 138
43 37
78 39
110 106
26 22
114 111
125 8
171 140
149 126
138 127
185 182
111 84
70 30
105 102
138 135
54 50
123 8
118 115
116 113
107 103
123 120
31 28
172 143
167 154
165 133
123 116
188 148
57 30
171 143
13 9
163 159
31 27
75 59
42 39
185 126
32 28
124 8
74 59
50 40
171 167
73 55
106 81
