33 6
150 126
124 5
162 127
162 12
35 8
190 186
166 162
179 21
142 139
79 40
157 129
92 84
95 77
149 124
190 187
105 80
142 116
194 191
39 16
101 81
134 38
189 185
171 149
129 15
181 152
33 7
181 22
161 131
162 131
33 23
194 2
165 135
76 34
93 68
145 121
37 12
131 12
75 44
106 37
176 153
151 126
146 120
166 127
129 14
148 124
110 36
147 121
194 3
76 35
166 135
162 130
145 120
37 11
131 13
114 84
149 142
110 81
185 126
195 192
178 153
186 182
135 112
106 81
75 51
107 102
45 42
175 167
59 48
181 150
172 166
111 83
170 143
137 133
52 48
111 8
71 26
114 83
82 77
141 138
93 34
93 83
60 48
147 120
55 24
93 84
111 10
34 8
78 39
20 16
31 6
80 41
73 58
76 61
51 20
166 151
169 166
123 8
147 123
93 85
169 137
126 7
162 128
72 32
105 78
163 127
123 6
145 116
66 63
189 5
95 62
62 34
181 177
19 15
149 126
176 150
138 112
134 12
49 45
80 77
171 166
127 9
117 114
47 44
179 156
194 5
118 114
178 128
187 184
49 46
119 5
75 48
170 166
142 8
139 136
55 52
59 49
20 17
163 151
164 154
82 74
76 62
73 59
118 86
51 23
84 68
92 68
138 113
75 47
115 8
106 36
176 152
91 68
77 41
110 83
140 136
35 11
106 77
142 138
178 156
95 63
185 181
79 41
163 160
149 125
105 81
165 162
166 163
35 9
77 61
73 51
169 140
130 11
186 183
119 116
18 14
119 84
93 63
152 126
126 8
118 91
44 37
21 17
135 109
44 41
48 44
73 55
107 101
37 16
73 23
185 22
177 156
47 43
156 152
178 18
185 124
38 13
167 164
84 8
171 144
74 34
134 107
92 87
189 7
152 128
145 142
70 32
112 8
56 26
95 64
147 116
114 110
130 15
178 22
142 112
19 9
55 51
59 52
162 136
57 23
106 44
147 115
18 15
37 19
169 165
136 109
93 62
169 136
126 9
55 23
135 108
95 65
122 6
162 135
56 27
72 59
159 131
172 127
97 80
137 113
178 21
189 31
122 5
32 7
74 35
181 176
143 139
125 9
157 130
111 76
137 109
17 14
111 36
182 23
177 153
44 39
31 5
82 76
168 136
93 82
126 10
55 26
129 13
165 132
148 125
172 139
94 65
152 129
123 119
57 26
144 140
37 10
162 133
135 107
164 161
126 22
53 49
59 23
92 85
112 10
160 154
191 187
146 121
91 32
105 98
84 34
103 100
59 51
187 183
54 20
172 167
111 82
33 9
52 49
194 190
182 22
160 129
152 127
115 84
44 40
107 100
157 153
138 135
94 64
18 11
123 116
119 115
147 119
114 111
57 27
162 132
189 186
130 14
72 60
159 130
129 12
157 152
124 7
141 137
122 3
185 125
38 12
145 141
134 104
22 9
92 86
119 6
19 11
23 19
156 153
111 34
157 128
105 99
26 23
33 8
53 50
110 82
150 124
35 10
171 143
70 29
166 136
168 164
136 133
159 12
14 11
172 151
68 34
135 127
161 157
174 150
173 149
71 29
108 38
118 85
71 33
36 8
193 2
71 57
184 180
180 177
111 81
158 15
92 66
22 19
46 42
95 83
170 167
61 48
175 172
84 6
74 60
147 143
182 26
68 6
78 40
163 157
110 101
106 78
96 81
171 139
128 9
95 82
181 128
74 61
82 36
125 115
167 151
158 130
110 106
158 18
115 34
78 43
163 154
184 181
195 190
75 61
168 165
188 184
166 139
22 18
161 132
138 111
92 65
54 24
76 36
166 140
107 36
108 10
141 113
47 37
73 33
184 176
116 112
120 115
163 129
113 109
78 44
72 69
91 86
158 14
182 25
72 68
174 148
149 139
54 50
24 21
183 180
92 67
97 81
46 43
74 62
95 80
138 116
189 124
178 152
95 81
181 178
184 150
16 11
185 7
24 20
182 24
73 35
158 13
144 116
108 36
94 83
90 68
128 11
138 109
134 102
152 18
160 157
115 111
186 31
111 108
70 31
47 39
61 45
177 152
109 102
107 81
54 51
78 41
129 18
71 32
190 5
96 80
139 125
128 10
91 4
138 108
165 136
186 30
33 30
15 11
136 127
70 30
141 112
61 44
51 48
73 34
133 102
174 149
75 37
106 79
188 124
73 60
161 133
109 101
142 125
180 176
75 59
159 13
57 33
128 22
91 6
128 12
43 40
171 140
161 130
174 151
173 148
94 82
186 26
115 112
134 101
36 11
93 65
157 154
111 107
81 76
189 123
37 15
134 109
162 11
106 38
163 130
170 140
150 125
50 46
141 116
98 81
66 62
177 155
169 139
107 104
38 11
128 18
105 101
188 150
82 34
175 163
162 108
71 58
146 143
34 6
135 102
163 152
166 149
123 120
147 125
71 30
145 117
94 84
178 157
188 148
142 123
91 84
132 12
147 122
123 7
94 85
57 30
162 129
72 33
106 82
139 112
93 66
172 143
111 106
118 115
167 163
63 60
69 32
134 108
162 10
76 44
31 7
112 108
73 57
106 80
91 85
195 2
176 151
58 52
149 127
125 112
115 6
158 129
117 113
80 76
171 167
75 62
23 20
34 9
163 153
105 79
108 104
104 101
30 26
175 151
116 113
120 116
163 128
149 143
113 110
77 45
124 8
19 16
104 100
105 100
35 19
127 10
139 135
110 107
34 7
146 142
75 60
73 32
108 11
188 185
132 102
128 14
33 26
90 67
171 142
172 150
156 129
71 28
173 150
36 9
150 127
114 85
75 35
139 127
171 136
104 38
76 37
87 65
78 42
159 14
147 142
96 83
165 133
123 5
85 65
175 150
118 84
165 161
50 47
82 62
120 117
189 148
51 47
91 67
77 44
185 182
184 174
181 126
142 120
129 11
112 109
108 12
173 143
30 27
128 15
111 84
147 124
151 139
15 12
160 130
57 28
128 19
144 141
162 159
172 149
71 31
68 32
51 19
93 64
36 10
48 45
75 36
137 112
140 137
130 12
125 7
93 74
119 91
182 21
72 57
185 150
32 6
114 94
122 119
162 134
56 28
135 111
135 10
74 33
143 140
194 189
74 68
125 8
148 121
59 55
122 4
127 11
123 115
60 52
151 127
172 163
90 87
74 32
191 188
43 39
90 86
164 160
130 38
142 115
159 129
72 58
21 18
127 108
77 62
130 13
185 148
178 129
47 16
175 152
106 76
175 153
