147 142
108 10
167 160
115 8
149 139
173 143
184 174
142 125
181 150
181 176
172 151
15 11
166 139
168 164
66 60
175 167
144 140
72 60
73 57
44 39
165 136
169 136
167 151
72 58
178 129
93 82
111 36
35 19
178 156
123 115
141 113
164 160
74 66
97 80
58 52
181 22
113 101
71 31
63 60
187 184
186 27
22 9
94 64
55 23
128 11
177 153
171 136
127 112
138 109
34 6
128 22
161 131
93 34
179 21
178 18
105 81
174 148
94 85
175 151
166 149
166 136
93 74
157 152
169 139
73 23
111 8
61 44
35 23
82 62
171 149
168 165
142 123
123 6
169 127
95 77
33 30
139 127
171 166
158 17
139 125
24 19
110 107
68 34
68 32
72 69
172 166
122 5
119 91
49 45
105 79
185 30
105 97
172 169
54 24
33 26
160 157
129 11
61 40
158 13
157 153
50 16
159 13
30 26
37 15
78 40
73 35
59 55
37 11
138 116
43 37
144 141
47 19
44 40
56 28
82 34
160 154
115 111
185 26
140 137
126 7
185 126
84 68
177 156
65 62
71 30
107 104
111 34
110 81
71 29
167 154
97 79
50 46
150 126
127 108
107 102
74 60
175 172
165 133
96 83
19 11
138 128
159 131
181 126
183 25
169 140
125 112
123 8
66 63
188 148
43 40
172 143
155 152
110 83
171 140
161 132
118 84
69 58
32 4
57 30
111 84
18 15
78 47
66 62
107 81
78 61
115 6
180 177
75 48
78 39
54 20
149 136
50 40
172 167
182 22
32 28
189 124
78 50
185 124
154 151
149 125
157 154
124 4
127 10
171 143
142 120
172 149
91 84
129 18
131 43
184 150
160 151
61 48
78 44
132 15
183 180
131 50
69 66
141 138
142 147
10 108
160 167
8 115
139 149
143 173
174 184
125 142
150 181
176 181
151 172
11 15
139 166
164 168
60 66
167 175
140 144
60 72
57 73
39 44
136 165
136 169
151 167
58 72
129 178
82 93
36 111
19 35
156 178
115 123
113 141
160 164
66 74
80 97
52 58
22 181
101 113
31 71
60 63
184 187
27 186
9 22
64 94
23 55
11 128
153 177
136 171
112 127
109 138
6 34
22 128
131 161
34 93
21 179
18 178
81 105
148 174
85 94
151 175
149 166
136 166
74 93
152 157
139 169
23 73
8 111
44 61
23 35
62 82
149 171
165 168
123 142
6 123
127 169
77 95
30 33
127 139
166 171
17 158
125 139
19 24
107 110
34 68
32 68
69 72
166 172
5 122
91 119
45 49
79 105
30 185
97 105
169 172
24 54
26 33
157 160
11 129
40 61
13 158
153 157
16 50
13 159
26 30
15 37
40 78
35 73
55 59
11 37
116 138
37 43
141 144
19 47
40 44
28 56
34 82
154 160
111 115
26 185
137 140
7 126
126 185
68 84
156 177
62 65
30 71
104 107
34 111
81 110
29 71
154 167
79 97
46 50
126 150
108 127
102 107
60 74
172 175
133 165
83 96
11 19
128 138
131 159
126 181
25 183
140 169
112 125
8 123
63 66
148 188
40 43
143 172
152 155
83 110
140 171
132 161
84 118
58 69
4 32
30 57
84 111
15 18
47 78
62 66
81 107
61 78
6 115
177 180
48 75
39 78
20 54
136 149
40 50
167 172
22 182
28 32
124 189
50 78
124 185
151 154
125 149
154 157
4 124
10 127
143 171
120 142
149 172
84 91
18 129
43 131
150 184
151 160
48 61
44 78
15 132
180 183
50 131
66 69
138 141
