168 165
187 184
164 161
144 141
168 164
142 139
140 137
24 21
48 45
169 166
66 63
164 160
15 11
49 45
43 40
49 46
25 22
50 47
188 185
53 50
144 140
72 58
160 157
141 138
50 46
166 163
15 12
44 40
23 20
73 58
73 60
44 41
165 162
44 39
73 57
73 59
16 13
45 42
171 166
156 153
154 151
65 62
93 82
163 160
188 184
186 183
52 49
143 140
34 6
181 176
72 59
169 165
72 60
43 39
145 142
47 44
30 27
107 104
105 81
161 131
165 161
167 160
18 15
172 151
167 164
63 60
123 6
71 31
128 11
51 47
167 163
74 60
186 27
166 162
105 80
26 23
53 49
172 166
72 57
189 186
170 166
14 11
101 98
171 149
94 85
54 51
25 21
122 5
30 26
169 136
51 48
74 59
78 40
24 20
37 15
139 136
178 156
157 154
172 149
165 168
184 187
161 164
141 144
164 168
139 142
137 140
21 24
45 48
166 169
63 66
160 164
11 15
45 49
40 43
46 49
22 25
47 50
185 188
50 53
140 144
58 72
157 160
138 141
46 50
163 166
12 15
40 44
20 23
58 73
60 73
41 44
162 165
39 44
57 73
59 73
13 16
42 45
166 171
153 156
151 154
62 65
82 93
160 163
184 188
183 186
49 52
140 143
6 34
176 181
59 72
165 169
60 72
39 43
142 145
44 47
27 30
104 107
81 105
131 161
161 165
160 167
15 18
151 172
164 167
60 63
6 123
31 71
11 128
47 51
163 167
60 74
27 186
162 166
80 105
23 26
49 53
166 172
57 72
186 189
166 170
11 14
98 101
149 171
85 94
51 54
21 25
5 122
26 30
136 169
48 51
59 74
40 78
20 24
15 37
136 139
156 178
154 157
149 172
