147 142
108 10
167 160
115 8
149 139
173 143
184 174
142 125
181 150
181 176
172 151
15 11
166 139
168 164
66 60
175 167
144 140
72 60
73 57
44 39
165 136
169 136
167 151
72 58
178 129
93 82
111 36
35 19
178 156
123 115
141 113
164 160
74 66
97 80
58 52
181 22
113 101
71 31
63 60
187 184
186 27
22 9
94 64
55 23
128 11
177 153
171 136
127 112
138 109
34 6
128 22
161 131
93 34
179 21
178 18
105 81
174 148
94 85
175 151
166 149
166 136
93 74
157 152
169 139
73 23
111 8
61 44
35 23
82 62
171 149
168 165
142 123
123 6
169 127
95 77
33 30
139 127
171 166
158 17
139 125
24 19
110 107
68 34
68 32
72 69
172 166
122 5
119 91
49 45
105 79
185 30
105 97
172 169
54 24
33 26
160 157
129 11
61 40
158 13
157 153
50 16
159 13
30 26
37 15
78 40
73 35
59 55
37 11
138 116
43 37
144 141
47 19
44 40
56 28
82 34
160 154
115 111
185 26
140 137
126 7
185 126
84 68
177 156
65 62
71 30
107 104
111 34
110 81
71 29
167 154
97 79
50 46
150 126
127 108
107 102
74 60
175 172
165 133
96 83
19 11
138 128
159 131
181 126
183 25
169 140
125 112
123 8
66 63
188 148
43 40
172 143
155 152
110 83
171 140
161 132
118 84
69 58
32 4
57 30
111 84
18 15
78 47
66 62
107 81
78 61
115 6
180 177
75 48
78 39
54 20
149 136
50 40
172 167
182 22
32 28
189 124
78 50
185 124
154 151
149 125
157 154
124 4
127 10
171 143
142 120
172 149
91 84
129 18
131 43
184 150
160 151
61 48
78 44
132 15
183 180
131 50
69 66
141 138
184 176
144 137
123 116
61 50
25 21
110 101
131 16
104 16
101 81
141 117
105 80
162 38
70 31
112 108
20 17
30 7
127 11
53 49
75 51
74 32
131 37
176 128
75 47
170 151
75 59
106 81
165 161
108 11
147 116
37 16
15 12
90 87
50 47
82 76
124 29
98 83
51 19
173 148
104 36
73 55
106 76
32 6
133 103
166 127
50 44
145 120
131 104
183 177
174 150
185 7
112 8
129 13
39 13
186 183
73 59
179 156
87 5
158 129
109 102
152 17
146 121
147 120
92 86
185 22
24 11
188 184
149 127
16 13
163 157
137 113
121 9
50 20
170 149
48 40
76 36
152 18
172 127
26 23
67 28
145 116
39 16
78 43
152 129
81 76
62 34
33 22
137 109
50 45
163 14
142 116
186 29
161 108
84 35
49 46
131 45
186 182
132 43
86 67
129 16
