147 142
108 10
167 160
115 8
149 139
173 143
184 174
142 125
181 150
181 176
172 151
15 11
166 139
168 164
66 60
175 167
144 140
72 60
73 57
44 39
165 136
169 136
167 151
72 58
178 129
93 82
111 36
35 19
178 156
123 115
141 113
164 160
74 66
97 80
58 52
181 22
113 101
71 31
63 60
187 184
186 27
22 9
94 64
55 23
128 11
177 153
171 136
127 112
138 109
34 6
128 22
161 131
93 34
179 21
178 18
105 81
174 148
94 85
175 151
166 149
166 136
93 74
157 152
169 139
73 23
111 8
61 44
35 23
82 62
171 149
168 165
142 123
123 6
169 127
95 77
33 30
139 127
171 166
158 17
139 125
24 19
110 107
68 34
68 32
72 69
172 166
122 5
119 91
49 45
105 79
185 30
105 97
172 169
54 24
33 26
160 157
129 11
61 40
158 13
142 147
10 108
160 167
8 115
139 149
143 173
174 184
125 142
150 181
176 181
151 172
11 15
139 166
164 168
60 66
167 175
140 144
60 72
57 73
39 44
136 165
136 169
151 167
58 72
129 178
82 93
36 111
19 35
156 178
115 123
113 141
160 164
66 74
80 97
52 58
22 181
101 113
31 71
60 63
184 187
27 186
9 22
64 94
23 55
11 128
153 177
136 171
112 127
109 138
6 34
22 128
131 161
34 93
21 179
18 178
81 105
148 174
85 94
151 175
149 166
136 166
74 93
152 157
139 169
23 73
8 111
44 61
23 35
62 82
149 171
165 168
123 142
6 123
127 169
77 95
30 33
127 139
166 171
17 158
125 139
19 24
107 110
34 68
32 68
69 72
166 172
5 122
91 119
45 49
79 105
30 185
97 105
169 172
24 54
26 33
157 160
11 129
40 61
13 158
