55 8
143 114
141 107
14 8
113 64
115 112
97 24
138 128
100 61
140 107
145 139
96 62
139 135
60 53
105 54
120 116
112 52
113 66
61 56
103 100
148 145
119 116
141 110
139 136
116 112
145 135
141 111
20 17
111 107
100 56
60 17
126 114
60 55
97 59
112 108
99 59
138 134
37 16
103 56
137 106
116 52
18 10
100 97
119 115
58 55
53 10
55 6
109 64
105 96
109 54
123 89
107 104
117 89
97 20
117 66
134 130
143 110
21 17
100 59
141 114
41 37
126 117
39 36
141 137
118 114
55 14
23 19
123 68
116 9
14 11
108 105
65 51
135 130
59 17
24 20
111 108
114 111
137 134
138 110
125 88
118 115
63 22
143 126
