111 108
139 136
118 115
115 112
20 17
19 16
112 109
23 20
119 116
111 107
24 21
112 108
110 107
139 135
113 110
116 112
120 116
113 109
140 136
114 111
119 115
118 114
22 19
138 135
22 18
109 106
21 18
117 114
23 19
114 110
41 38
138 134
140 137
25 22
115 111
116 113
24 20
21 17
137 134
55 8
110 106
25 21
120 117
40 37
42 39
117 113
43 40
19 15
108 105
20 16
138 128
41 37
53 8
43 39
44 40
105 54
18 15
60 53
107 104
112 52
141 137
42 38
96 62
141 110
100 56
60 55
61 56
39 36
113 64
134 130
14 8
134 131
53 10
145 139
103 100
55 6
136 133
137 133
141 107
44 41
95 63
127 90
103 56
52 9
126 114
45 42
141 114
60 17
26 23
100 97
26 22
141 138
145 135
37 16
59 17
143 114
97 59
14 11
137 106
45 41
140 107
109 54
148 145
117 89
97 24
18 10
113 66
109 105
125 88
52 8
100 61
60 54
123 68
121 118
126 89
100 59
58 55
41 12
116 52
59 56
59 55
65 51
117 66
135 132
109 64
105 96
50 9
121 117
141 111
143 126
136 132
17 14
53 7
123 89
15 12
135 130
46 42
108 104
126 117
101 98
55 14
27 23
14 10
99 59
27 24
40 36
54 7
61 54
128 91
46 43
143 110
62 54
39 35
56 5
51 9
29 26
116 9
123 117
51 10
54 8
16 13
52 7
18 14
54 6
105 61
30 27
95 62
97 61
112 7
100 96
28 25
45 12
97 20
135 131
106 103
116 66
54 5
138 110
144 139
94 64
133 101
125 89
95 25
142 139
95 21
163 114
95 26
94 63
97 21
127 88
60 56
16 12
101 96
66 50
93 63
142 138
146 125
105 5
53 9
93 65
143 128
29 25
61 55
64 52
108 54
108 7
55 17
63 22
129 92
15 10
98 24
89 68
55 5
31 28
116 50
94 91
37 19
107 103
55 7
133 102
110 91
34 31
79 76
138 106
93 90
105 100
47 44
30 26
162 159
28 24
41 15
127 89
80 77
120 50
88 85
32 29
124 87
128 92
106 102
15 11
157 154
160 157
163 159
56 6
47 43
161 158
106 96
122 117
96 61
108 111
136 139
115 118
112 115
17 20
16 19
109 112
20 23
116 119
107 111
21 24
108 112
107 110
135 139
110 113
112 116
116 120
109 113
136 140
111 114
115 119
114 118
19 22
135 138
18 22
106 109
18 21
114 117
19 23
110 114
38 41
134 138
137 140
22 25
111 115
113 116
20 24
17 21
134 137
8 55
106 110
21 25
117 120
37 40
39 42
113 117
40 43
15 19
105 108
16 20
128 138
37 41
8 53
39 43
40 44
54 105
15 18
53 60
104 107
52 112
137 141
38 42
62 96
110 141
56 100
55 60
56 61
36 39
64 113
130 134
8 14
131 134
10 53
139 145
100 103
6 55
133 136
133 137
107 141
41 44
63 95
90 127
56 103
9 52
114 126
42 45
114 141
17 60
23 26
97 100
22 26
138 141
135 145
16 37
17 59
114 143
59 97
11 14
106 137
41 45
107 140
54 109
145 148
89 117
24 97
10 18
66 113
105 109
88 125
8 52
61 100
54 60
68 123
118 121
89 126
59 100
55 58
12 41
52 116
56 59
55 59
51 65
66 117
132 135
64 109
96 105
9 50
117 121
111 141
126 143
132 136
14 17
7 53
89 123
12 15
130 135
42 46
104 108
117 126
98 101
14 55
23 27
10 14
59 99
24 27
36 40
7 54
54 61
91 128
43 46
110 143
54 62
35 39
5 56
9 51
26 29
9 116
117 123
10 51
8 54
13 16
7 52
14 18
6 54
61 105
27 30
62 95
61 97
7 112
96 100
25 28
12 45
20 97
131 135
103 106
66 116
5 54
110 138
139 144
64 94
101 133
89 125
25 95
139 142
21 95
114 163
26 95
63 94
21 97
88 127
56 60
12 16
96 101
50 66
63 93
138 142
125 146
5 105
9 53
65 93
128 143
25 29
55 61
52 64
54 108
7 108
17 55
22 63
92 129
10 15
24 98
68 89
5 55
28 31
50 116
91 94
19 37
103 107
7 55
102 133
91 110
31 34
76 79
106 138
90 93
100 105
44 47
26 30
159 162
24 28
15 41
89 127
77 80
50 120
85 88
29 32
87 124
92 128
102 106
11 15
154 157
157 160
159 163
6 56
43 47
158 161
96 106
117 122
61 96
