55 8
143 114
141 107
14 8
113 64
115 112
97 24
138 128
100 61
140 107
145 139
96 62
139 135
60 53
105 54
120 116
112 52
113 66
61 56
103 100
148 145
119 116
141 110
139 136
116 112
145 135
141 111
20 17
111 107
100 56
60 17
126 114
60 55
97 59
112 108
99 59
138 134
37 16
103 56
137 106
116 52
18 10
100 97
119 115
58 55
53 10
55 6
109 64
105 96
109 54
123 89
107 104
117 89
97 20
117 66
134 130
143 110
21 17
100 59
141 114
41 37
126 117
39 36
141 137
118 114
55 14
23 19
123 68
116 9
14 11
108 105
65 51
135 130
59 17
24 20
111 108
114 111
137 134
138 110
125 88
118 115
63 22
143 126
115 111
41 12
112 7
123 117
20 16
45 12
143 128
105 61
14 10
127 90
52 9
62 54
53 8
110 91
98 24
101 98
134 131
56 5
108 7
95 21
97 21
95 25
60 21
163 114
95 63
59 56
41 38
45 41
55 17
116 66
63 18
50 9
37 19
19 15
99 24
127 88
105 5
97 17
51 10
133 102
140 136
146 125
108 54
138 94
120 50
17 14
108 5
93 63
133 101
110 94
15 12
105 100
54 5
93 65
95 26
93 22
89 68
61 54
137 110
41 15
18 15
15 10
116 50
163 159
39 35
124 87
42 38
92 67
93 90
42 39
114 110
94 91
138 106
105 62
144 139
106 96
44 15
91 64
129 90
96 54
23 20
162 125
109 7
25 21
108 4
109 62
27 23
109 96
128 91
30 22
19 16
160 156
95 22
128 94
46 42
158 153
65 43
148 132
101 96
11 8
30 26
66 50
29 26
43 40
155 152
161 158
97 61
100 96
140 102
58 6
56 4
56 6
140 137
119 112
88 85
52 7
129 92
112 109
120 68
43 39
37 15
159 154
134 128
158 152
64 52
106 102
93 43
60 14
106 94
108 104
129 93
150 146
130 93
93 40
156 153
158 155
49 46
95 65
135 131
93 26
54 6
136 102
34 31
159 145
113 91
99 61
107 101
40 22
53 14
40 35
22 19
147 90
122 118
158 154
32 29
94 64
113 109
92 63
25 22
136 133
59 55
66 52
70 67
162 159
60 18
162 146
