138 130
90 67
114 111
158 130
138 135
119 115
110 106
48 43
44 40
65 44
39 36
123 117
33 26
94 64
60 54
40 37
55 7
31 26
126 118
92 34
109 63
115 112
157 152
30 26
51 10
160 127
40 19
96 25
152 76
82 43
92 65
35 18
22 18
93 22
116 112
40 15
160 146
144 139
65 18
109 7
159 130
91 65
100 96
123 87
156 152
34 22
44 12
112 52
160 129
60 18
106 62
143 128
100 56
122 68
159 132
35 19
116 113
120 116
89 67
128 94
91 64
95 22
100 97
140 107
139 135
161 145
160 145
138 134
78 75
150 75
40 18
106 94
158 131
110 107
93 33
65 35
40 36
161 139
161 128
89 68
105 100
68 47
96 61
88 70
26 23
97 25
23 19
64 52
83 67
163 142
161 143
44 10
156 153
116 52
127 89
141 114
81 78
66 50
56 4
113 110
109 105
123 68
19 16
27 23
83 68
60 14
145 135
146 73
151 74
155 30
51 48
63 18
53 8
74 71
85 68
160 150
160 73
92 66
17 14
83 69
63 53
150 76
22 19
153 32
46 42
82 67
63 54
113 64
161 127
143 139
28 25
55 3
127 91
92 79
49 9
127 69
29 25
59 56
163 144
21 18
159 146
95 25
48 45
101 97
43 40
90 69
143 138
100 62
134 131
67 47
156 30
37 19
65 10
88 68
65 40
18 15
126 114
62 53
127 74
60 17
159 145
109 62
119 116
90 66
149 129
134 130
95 26
88 69
94 63
159 135
96 62
64 51
101 96
117 50
163 143
60 21
127 88
47 43
151 75
113 109
39 35
63 10
158 153
89 50
18 14
82 68
37 16
93 18
150 73
159 131
35 22
136 133
114 110
126 88
33 25
18 10
75 71
81 69
138 128
41 15
48 44
44 41
60 53
55 6
154 32
31 27
93 63
21 17
14 11
52 7
27 24
15 12
32 27
125 89
126 123
23 20
163 126
98 24
110 64
126 117
109 52
139 136
48 10
109 94
90 78
154 30
63 14
45 41
82 46
160 149
25 22
93 66
105 96
158 148
118 115
51 9
48 12
162 143
20 17
93 35
161 135
91 66
33 23
55 8
106 96
117 113
108 105
112 108
78 69
61 55
109 54
109 96
66 43
84 68
94 91
122 87
118 89
158 129
137 134
125 87
80 42
97 60
42 38
142 138
95 63
109 53
95 62
162 146
42 39
19 15
158 149
58 55
82 47
80 39
93 26
143 126
117 114
118 114
157 131
61 56
20 16
48 11
80 77
86 70
163 127
117 89
47 44
125 88
128 90
52 10
28 23
87 68
78 71
151 76
140 136
81 67
157 149
63 60
57 2
128 91
34 26
162 125
52 9
151 79
159 149
65 51
54 7
126 91
161 146
45 12
57 3
151 129
135 132
65 50
135 130
86 83
65 43
160 128
87 70
44 11
14 10
110 94
58 2
92 43
66 51
56 5
156 32
163 114
81 77
33 19
50 47
31 28
51 47
83 70
62 54
99 61
27 22
53 14
109 106
162 126
145 139
64 53
86 69
103 100
105 61
60 55
33 27
112 7
97 62
109 64
153 30
90 74
141 107
43 35
149 74
161 144
137 130
92 35
68 50
93 64
30 27
66 47
26 22
112 109
41 38
126 89
88 71
63 51
120 117
89 66
51 43
86 68
156 131
29 26
45 42
107 104
25 21
158 151
67 43
58 3
54 5
111 107
123 120
159 148
142 139
52 8
63 21
151 78
37 15
54 6
51 44
160 147
162 127
97 21
93 65
105 101
65 34
32 26
61 54
33 22
108 104
162 144
78 74
123 118
120 49
93 34
40 35
141 138
55 5
150 74
97 61
98 25
41 12
149 73
163 125
36 19
48 9
105 62
41 37
141 110
82 42
113 91
53 9
57 4
89 69
24 20
161 138
124 87
53 7
163 141
90 68
157 132
123 88
111 108
115 111
36 33
129 74
159 147
159 129
92 39
74 69
123 89
44 15
95 21
67 50
161 129
44 14
6 3
163 138
127 90
43 39
124 88
105 54
96 21
58 6
140 137
101 98
59 55
53 10
113 52
67 46
85 70
24 21
79 76
46 43
108 54
126 90
92 67
28 24
157 148
100 61
160 148
161 130
63 52
141 111
122 86
160 74
50 43
