139 136
20 17
119 116
111 108
24 21
23 20
118 115
112 109
112 108
116 113
115 112
19 16
113 110
111 107
21 17
139 135
140 136
110 107
114 110
138 135
41 38
120 116
119 115
23 19
113 109
22 18
120 117
21 18
116 112
114 111
24 20
42 39
117 113
22 19
140 137
118 114
109 106
117 114
134 131
25 22
20 16
137 134
43 40
108 105
138 134
110 106
43 39
25 21
115 111
107 104
19 15
41 37
40 37
42 38
44 40
39 36
53 8
44 41
141 137
18 15
26 23
60 56
60 55
136 133
59 56
127 90
121 117
121 118
45 42
134 130
52 9
58 55
141 138
14 11
53 9
137 133
103 100
148 145
55 6
100 97
26 22
27 24
101 98
136 139
17 20
116 119
108 111
21 24
20 23
115 118
109 112
108 112
113 116
112 115
16 19
110 113
107 111
17 21
135 139
136 140
107 110
110 114
135 138
38 41
116 120
115 119
19 23
109 113
18 22
117 120
18 21
112 116
111 114
20 24
39 42
113 117
19 22
137 140
114 118
106 109
114 117
131 134
22 25
16 20
134 137
40 43
105 108
134 138
106 110
39 43
21 25
111 115
104 107
15 19
37 41
37 40
38 42
40 44
36 39
8 53
41 44
137 141
15 18
23 26
56 60
55 60
133 136
56 59
90 127
117 121
118 121
42 45
130 134
9 52
55 58
138 141
11 14
9 53
133 137
100 103
145 148
6 55
97 100
22 26
24 27
98 101
