138 130
145 9
172 152
105 58
117 31
135 6
126 33
73 24
197 22
60 44
77 39
195 192
76 71
204 140
95 91
188 147
79 43
208 204
99 96
45 42
100 40
127 15
61 58
41 37
80 43
184 142
57 53
141 138
68 31
174 171
200 22
84 79
188 14
110 36
123 118
85 76
96 41
183 142
196 186
127 32
53 49
40 36
97 38
68 30
135 115
150 147
107 103
84 78
188 13
27 24
110 37
151 10
204 26
85 75
113 61
57 54
175 11
203 140
155 152
185 145
88 35
171 155
146 10
191 187
124 31
150 12
184 141
26 22
73 17
103 100
87 84
13 9
41 38
130 6
106 40
185 143
180 8
99 41
45 41
70 23
189 146
130 7
121 29
201 25
73 70
170 166
61 57
159 155
142 8
184 143
136 131
20 17
58 54
171 168
121 28
42 38
154 13
134 33
124 4
134 111
76 69
28 23
75 20
183 131
98 94
197 193
188 145
127 34
25 22
163 160
134 114
100 37
110 64
56 50
94 91
98 95
155 12
96 42
197 194
183 143
25 21
72 24
190 187
179 143
134 115
104 54
171 152
191 186
176 148
70 20
76 70
124 5
86 83
208 205
60 49
78 69
186 144
81 65
100 41
57 40
198 195
180 131
85 77
188 146
145 10
197 21
126 32
135 130
123 119
139 3
102 98
139 5
35 32
106 100
126 16
131 8
122 5
16 7
119 29
134 6
125 6
207 203
171 156
161 158
177 9
180 132
140 4
114 31
114 110
80 46
109 58
18 14
122 29
151 12
60 57
201 198
126 8
101 37
44 41
48 44
21 17
82 78
57 44
206 203
107 101
127 6
17 14
130 127
74 71
36 31
138 131
205 202
199 195
57 51
153 150
110 40
21 18
123 28
126 15
144 7
145 13
193 17
164 160
75 68
139 4
57 49
48 45
151 148
201 22
133 130
124 28
109 61
49 43
18 15
166 159
122 26
174 170
175 155
182 141
151 147
142 7
113 36
123 30
109 62
22 5
84 42
124 30
26 23
156 153
130 8
13 10
56 53
142 5
28 5
184 140
122 28
151 13
53 50
40 37
60 56
97 37
151 146
150 13
114 36
185 179
23 19
124 7
64 39
122 3
38 35
79 42
125 4
165 156
140 6
130 125
127 33
189 149
80 65
51 41
146 13
112 62
82 79
44 40
106 54
150 146
189 150
125 5
196 18
138 125
177 8
140 5
103 57
99 52
47 43
146 12
133 129
74 70
178 132
124 29
77 32
38 34
122 2
156 152
109 57
157 153
138 135
84 77
151 11
75 70
113 62
195 191
106 101
15 7
127 7
117 29
114 111
135 4
96 51
177 129
200 196
90 87
203 142
180 6
124 22
141 131
154 151
79 39
22 18
124 19
110 106
143 8
179 8
207 140
64 40
121 26
159 156
115 112
113 109
88 42
144 10
123 29
93 90
96 93
164 159
168 156
93 45
78 67
60 43
39 35
123 3
100 51
175 148
134 130
128 9
116 112
100 96
172 168
39 36
123 117
174 155
88 84
113 110
175 171
109 105
19 16
196 188
125 114
69 30
110 107
88 77
179 9
132 129
152 148
196 144
187 144
70 24
100 97
50 44
193 188
93 89
125 33
96 92
81 78
141 5
123 2
180 136
83 76
32 16
27 23
175 151
209 204
128 8
116 113
93 41
89 85
176 172
183 180
46 43
125 117
152 149
196 192
66 36
24 20
59 56
36 33
29 23
30 20
101 97
43 40
134 129
15 9
89 86
183 6
165 159
99 95
118 2
144 8
160 157
111 108
32 19
15 8
101 98
30 23
115 111
120 2
106 61
163 159
24 21
208 140
77 68
158 12
202 198
144 9
93 42
68 35
77 66
175 172
143 9
142 18
86 77
113 64
66 39
189 147
121 27
200 7
187 146
79 66
36 32
132 8
136 133
128 33
196 193
170 167
106 58
126 31
97 41
78 66
165 160
63 59
134 131
83 78
46 42
70 30
204 5
124 23
208 139
154 150
22 19
172 169
100 57
138 6
102 99
144 18
60 47
141 8
118 115
193 14
154 12
63 60
207 139
161 157
96 44
110 61
76 68
28 22
206 202
118 4
168 152
200 197
154 146
126 6
158 154
171 167
186 143
49 44
133 111
183 8
97 94
127 8
23 20
64 43
173 169
200 142
130 33
144 14
204 200
37 34
88 38
121 2
188 144
125 19
20 16
203 199
199 191
56 49
203 184
71 24
94 90
198 194
144 15
126 7
18 7
129 8
135 118
78 68
187 145
84 39
117 114
200 186
51 45
79 46
183 141
42 39
19 15
196 191
134 125
127 9
124 26
162 89
171 166
58 55
186 142
47 44
114 33
121 3
177 128
75 32
154 14
208 3
209 205
106 57
30 19
103 54
83 77
201 197
95 92
88 85
108 104
109 106
188 150
158 155
183 179
180 143
141 6
51 44
64 61
207 204
180 141
15 12
153 149
174 152
197 25
93 88
162 159
138 5
172 149
68 32
135 125
197 17
112 109
123 5
200 184
87 42
97 93
94 38
186 145
123 4
60 40
155 151
64 60
61 40
203 200
125 31
96 45
140 3
160 156
155 11
88 39
108 105
112 108
168 153
136 132
197 18
144 13
173 170
199 196
176 173
79 65
204 201
107 104
93 38
111 107
93 87
162 158
138 4
200 18
172 148
157 154
100 44
97 40
43 39
205 201
175 152
73 20
146 14
75 69
204 22
22 7
122 4
122 118
123 31
125 7
73 21
131 6
106 103
126 19
191 188
90 86
202 199
193 18
19 7
166 156
177 10
199 186
62 58
99 51
135 131
106 102
130 126
126 18
119 2
64 36
142 6
122 119
105 54
77 35
62 59
