180 132
97 41
82 46
172 168
135 4
189 150
130 6
193 17
153 150
125 31
96 41
135 118
196 188
130 125
157 153
97 94
172 149
111 36
103 54
46 42
114 110
79 42
93 45
56 53
203 142
200 22
195 192
88 35
57 44
203 140
105 54
160 156
172 148
199 191
197 18
80 43
116 113
83 76
177 173
108 104
105 58
25 21
200 142
170 167
176 172
94 91
89 32
197 21
135 130
64 43
114 111
116 112
96 45
110 36
35 32
113 109
122 28
117 31
201 22
180 131
60 44
110 33
47 43
94 41
84 79
197 22
204 140
160 157
109 61
84 42
134 111
201 25
114 33
135 125
183 141
172 152
175 148
183 131
115 112
80 65
162 158
201 26
36 33
190 150
87 82
202 199
114 36
186 142
124 7
22 18
183 180
135 6
175 13
200 186
203 184
202 198
185 145
182 141
176 173
19 7
159 94
171 166
89 35
63 59
60 43
24 21
188 144
124 19
130 33
200 18
96 51
77 68
59 56
162 156
123 29
114 32
141 131
83 78
166 156
166 159
133 110
204 22
203 199
205 26
175 11
13 10
111 37
93 41
168 149
167 156
161 157
15 9
175 171
199 186
188 12
194 21
97 91
204 26
62 59
126 32
195 191
115 111
77 39
197 193
88 39
166 163
82 42
193 18
125 6
174 91
135 123
174 95
198 25
118 33
66 41
36 16
173 170
74 70
163 159
131 6
81 67
158 30
118 4
85 76
33 20
171 168
86 76
176 148
95 92
180 6
196 18
123 118
64 40
158 20
60 57
144 12
190 147
88 32
68 31
112 109
31 28
165 116
77 66
134 130
135 126
174 170
196 134
152 141
116 63
125 4
102 97
33 6
150 144
197 134
130 123
159 91
61 43
198 195
100 51
97 16
192 17
137 63
125 33
92 46
120 116
134 35
30 19
123 11
147 101
45 41
134 41
97 93
193 21
175 4
123 31
121 29
204 142
183 143
97 45
61 58
143 131
169 164
163 160
14 8
109 62
62 48
176 149
63 60
106 64
134 115
110 40
130 30
189 133
61 40
187 133
152 143
117 68
76 69
85 77
188 42
93 42
29 12
119 116
51 44
196 17
131 114
99 52
125 118
83 49
171 167
181 120
26 3
88 84
182 131
196 193
100 97
133 13
95 91
111 108
205 17
167 163
137 4
163 156
144 19
39 16
168 156
126 16
177 174
77 13
113 66
29 18
139 28
122 3
167 159
142 139
92 45
42 35
189 147
103 58
200 188
94 6
14 9
15 8
88 42
63 47
148 126
117 16
80 64
110 98
145 124
197 25
139 20
111 66
205 201
188 10
158 125
206 202
79 39
193 19
102 99
147 13
188 21
175 149
196 185
122 100
196 186
169 116
171 158
205 25
92 55
53 49
117 28
106 57
78 69
140 28
125 29
194 27
203 186
132 180
41 97
46 82
168 172
4 135
150 189
6 130
17 193
150 153
31 125
41 96
118 135
188 196
125 130
153 157
94 97
149 172
36 111
54 103
42 46
110 114
42 79
45 93
53 56
142 203
22 200
192 195
35 88
44 57
140 203
54 105
156 160
148 172
191 199
18 197
43 80
113 116
76 83
173 177
104 108
58 105
21 25
142 200
167 170
172 176
91 94
32 89
21 197
130 135
43 64
111 114
112 116
45 96
36 110
32 35
109 113
28 122
31 117
22 201
131 180
44 60
33 110
43 47
41 94
79 84
22 197
140 204
157 160
61 109
42 84
111 134
25 201
33 114
125 135
141 183
152 172
148 175
131 183
112 115
65 80
158 162
26 201
33 36
150 190
82 87
199 202
36 114
142 186
7 124
18 22
180 183
6 135
13 175
186 200
184 203
198 202
145 185
141 182
173 176
7 19
94 159
166 171
35 89
59 63
43 60
21 24
144 188
19 124
33 130
18 200
51 96
68 77
56 59
156 162
29 123
32 114
131 141
78 83
156 166
159 166
110 133
22 204
199 203
26 205
11 175
10 13
37 111
41 93
149 168
156 167
157 161
9 15
171 175
186 199
12 188
21 194
91 97
26 204
59 62
32 126
191 195
111 115
39 77
193 197
39 88
163 166
42 82
18 193
6 125
91 174
123 135
95 174
25 198
33 118
41 66
16 36
170 173
70 74
159 163
6 131
67 81
30 158
4 118
76 85
20 33
168 171
76 86
148 176
92 95
6 180
18 196
118 123
40 64
20 158
57 60
12 144
147 190
32 88
31 68
109 112
28 31
116 165
66 77
130 134
126 135
170 174
134 196
141 152
63 116
4 125
97 102
6 33
144 150
134 197
123 130
91 159
43 61
195 198
51 100
16 97
17 192
63 137
33 125
46 92
116 120
35 134
19 30
11 123
101 147
41 45
41 134
93 97
21 193
4 175
31 123
29 121
142 204
143 183
45 97
58 61
131 143
164 169
160 163
8 14
62 109
48 62
149 176
60 63
64 106
115 134
40 110
30 130
133 189
40 61
133 187
143 152
68 117
69 76
77 85
42 188
42 93
12 29
116 119
44 51
17 196
114 131
52 99
118 125
49 83
167 171
120 181
3 26
84 88
131 182
193 196
97 100
13 133
91 95
108 111
17 205
163 167
4 137
156 163
19 144
16 39
156 168
16 126
174 177
13 77
66 113
18 29
28 139
3 122
159 167
139 142
45 92
35 42
147 189
58 103
188 200
6 94
9 14
8 15
42 88
47 63
126 148
16 117
64 80
98 110
124 145
25 197
20 139
66 111
201 205
10 188
125 158
202 206
39 79
19 193
99 102
13 147
21 188
149 175
185 196
100 122
186 196
116 169
158 171
25 205
55 92
49 53
28 117
57 106
69 78
28 140
29 125
27 194
186 203
