180 132
97 41
82 46
172 168
135 4
189 150
130 6
193 17
153 150
125 31
96 41
135 118
196 188
130 125
157 153
97 94
172 149
111 36
103 54
46 42
114 110
79 42
93 45
56 53
203 142
200 22
195 192
88 35
57 44
203 140
105 54
160 156
172 148
199 191
197 18
80 43
116 113
83 76
177 173
108 104
105 58
25 21
200 142
170 167
176 172
94 91
89 32
197 21
135 130
64 43
114 111
116 112
96 45
110 36
35 32
113 109
122 28
117 31
201 22
180 131
60 44
110 33
47 43
94 41
84 79
197 22
204 140
160 157
109 61
84 42
134 111
201 25
114 33
135 125
183 141
172 152
175 148
183 131
115 112
80 65
162 158
201 26
36 33
190 150
87 82
202 199
114 36
186 142
124 7
22 18
183 180
135 6
175 13
200 186
203 184
202 198
185 145
182 141
176 173
19 7
159 94
171 166
89 35
63 59
60 43
24 21
