202 199
114 111
115 112
203 200
172 169
113 110
175 172
116 113
203 199
114 110
176 172
176 173
115 111
171 168
161 158
174 170
162 159
113 109
204 201
174 171
202 198
175 171
173 170
204 200
172 168
195 192
116 112
82 46
56 53
173 169
111 36
153 150
62 59
135 118
170 167
161 157
177 173
180 132
160 157
201 198
97 41
157 153
36 33
162 158
46 42
97 94
117 114
93 45
112 109
35 32
57 44
189 150
172 149
61 58
103 54
172 148
130 125
193 17
135 4
47 43
63 60
79 42
180 131
125 31
171 167
95 92
63 59
130 6
203 140
163 159
135 130
160 156
200 142
94 91
46 43
89 32
200 22
25 21
24 21
88 35
196 193
205 202
64 43
177 174
196 188
105 58
83 76
105 54
108 104
197 193
96 93
60 44
203 142
83 78
200 197
59 56
183 131
197 18
197 21
118 115
205 201
96 41
110 36
119 116
112 108
47 44
96 45
172 152
80 65
118 114
122 28
175 148
84 79
48 45
25 22
183 141
199 191
111 108
95 91
163 160
60 57
195 191
171 166
170 166
94 41
80 43
114 36
186 142
117 113
45 42
89 35
77 68
37 34
196 18
201 22
60 43
84 42
201 197
206 203
197 22
183 180
197 194
110 33
130 33
57 54
190 150
64 61
111 37
198 195
114 33
58 55
62 58
117 31
204 140
201 25
109 61
88 85
134 111
201 26
83 77
135 6
87 82
61 57
19 7
101 98
182 141
206 202
124 7
102 99
135 125
123 29
199 186
96 92
166 156
200 186
22 18
97 93
126 32
54 51
125 33
45 41
98 95
168 165
159 156
167 164
26 23
158 155
13 10
114 32
141 131
124 19
82 79
53 50
86 83
175 13
167 156
88 32
125 32
203 184
200 196
166 163
79 43
134 130
204 26
162 156
48 44
100 97
96 51
15 9
108 105
196 192
159 94
