202 199
114 111
115 112
203 200
172 169
113 110
175 172
116 113
203 199
114 110
176 172
176 173
115 111
171 168
161 158
174 170
162 159
113 109
204 201
174 171
202 198
175 171
173 170
204 200
172 168
195 192
116 112
82 46
56 53
173 169
111 36
153 150
62 59
135 118
170 167
161 157
177 173
180 132
160 157
201 198
97 41
157 153
36 33
162 158
46 42
97 94
117 114
93 45
112 109
35 32
57 44
189 150
172 149
61 58
103 54
172 148
130 125
193 17
135 4
47 43
63 60
79 42
180 131
125 31
171 167
95 92
63 59
130 6
203 140
163 159
135 130
160 156
200 142
94 91
46 43
89 32
200 22
25 21
24 21
88 35
196 193
205 202
64 43
177 174
196 188
105 58
83 76
105 54
108 104
197 193
96 93
60 44
203 142
83 78
200 197
59 56
183 131
197 18
197 21
118 115
205 201
96 41
110 36
119 116
112 108
47 44
