203 200
114 111
115 112
202 199
114 110
116 113
172 169
176 172
115 111
204 201
173 170
176 173
175 172
171 168
204 200
203 199
63 60
116 112
173 169
113 110
162 159
170 167
201 198
161 158
175 171
162 158
202 198
161 157
36 33
177 173
174 170
97 94
172 168
160 157
174 171
95 92
112 109
46 43
56 53
62 59
61 58
113 109
163 159
118 115
47 43
94 91
47 44
195 192
117 114
160 156
35 32
111 108
60 57
205 202
163 160
200 197
205 201
171 167
37 34
46 42
153 150
125 31
177 174
63 59
196 193
197 194
83 78
112 108
197 193
96 93
95 91
111 36
206 203
119 116
64 61
201 197
170 166
48 45
180 132
88 85
79 42
45 42
118 114
59 56
82 79
25 22
25 21
117 113
62 58
167 164
82 46
96 92
61 57
58 55
93 45
206 202
98 95
54 51
97 93
53 50
80 43
101 98
13 10
86 83
172 148
125 32
57 54
99 96
198 195
24 21
108 104
97 41
172 149
159 156
196 192
183 180
180 131
75 72
26 23
168 165
84 78
166 163
83 79
130 125
83 77
135 4
193 17
48 44
130 6
60 44
100 97
74 71
83 76
102 99
169 166
126 32
14 11
77 68
103 54
88 35
64 60
197 18
79 43
80 65
199 191
157 153
84 79
55 52
122 28
189 150
87 84
110 107
73 70
134 111
186 142
204 140
108 105
38 35
84 77
199 196
96 41
110 36
93 90
52 49
49 46
175 148
203 140
120 117
90 87
36 32
183 131
60 56
164 160
171 166
89 35
15 9
164 161
158 155
125 33
195 191
201 22
111 37
14 9
60 43
82 78
109 106
200 196
123 29
135 130
72 69
23 20
77 69
37 33
105 58
34 31
57 44
121 118
134 130
167 156
8 5
120 116
114 36
197 21
87 82
56 52
105 54
167 163
183 141
74 70
98 94
89 32
152 149
205 26
14 10
200 22
64 43
156 153
135 118
122 29
81 78
159 155
78 68
39 36
124 7
13 9
166 159
199 195
94 41
196 18
94 90
57 53
111 107
55 51
196 188
169 165
201 26
125 6
135 6
197 22
119 115
200 142
77 67
85 77
49 45
203 142
44 41
134 131
150 147
124 6
165 162
88 84
154 151
198 194
166 156
53 49
33 30
136 4
121 29
89 86
124 31
161 156
201 25
78 67
184 141
24 20
176 148
87 83
155 151
157 154
190 150
104 54
15 12
133 130
101 97
130 126
168 164
175 149
126 33
14 8
121 28
61 44
26 22
184 142
123 30
96 45
155 152
102 98
76 69
58 54
12 9
172 152
45 41
75 71
54 50
99 95
110 33
59 55
126 31
182 141
204 26
175 11
31 28
38 34
199 186
130 33
124 19
162 156
123 31
170 165
9 6
165 161
133 110
103 55
133 111
194 191
76 70
86 82
19 7
200 203
111 114
112 115
199 202
110 114
113 116
169 172
172 176
111 115
201 204
170 173
173 176
172 175
168 171
200 204
199 203
60 63
112 116
169 173
110 113
159 162
167 170
198 201
158 161
171 175
158 162
198 202
157 161
33 36
173 177
170 174
94 97
168 172
157 160
171 174
92 95
109 112
43 46
53 56
59 62
58 61
109 113
159 163
115 118
43 47
91 94
44 47
192 195
114 117
156 160
32 35
108 111
57 60
202 205
160 163
197 200
201 205
167 171
34 37
42 46
150 153
31 125
174 177
59 63
193 196
194 197
78 83
108 112
193 197
93 96
91 95
36 111
203 206
116 119
61 64
197 201
166 170
45 48
132 180
85 88
42 79
42 45
114 118
56 59
79 82
22 25
21 25
113 117
58 62
164 167
46 82
92 96
57 61
55 58
45 93
202 206
95 98
51 54
93 97
50 53
43 80
98 101
10 13
83 86
148 172
32 125
54 57
96 99
195 198
21 24
104 108
41 97
149 172
156 159
192 196
180 183
131 180
72 75
23 26
165 168
78 84
163 166
79 83
125 130
77 83
4 135
17 193
44 48
6 130
44 60
97 100
71 74
76 83
99 102
166 169
32 126
11 14
68 77
54 103
35 88
60 64
18 197
43 79
65 80
191 199
153 157
79 84
52 55
28 122
150 189
84 87
107 110
70 73
111 134
142 186
140 204
105 108
35 38
77 84
196 199
41 96
36 110
90 93
49 52
46 49
148 175
140 203
117 120
87 90
32 36
131 183
56 60
160 164
166 171
35 89
9 15
161 164
155 158
33 125
191 195
22 201
37 111
9 14
43 60
78 82
106 109
196 200
29 123
130 135
69 72
20 23
69 77
33 37
58 105
31 34
44 57
118 121
130 134
156 167
5 8
116 120
36 114
21 197
82 87
52 56
54 105
163 167
141 183
70 74
94 98
32 89
149 152
26 205
10 14
22 200
43 64
153 156
118 135
29 122
78 81
155 159
68 78
36 39
7 124
9 13
159 166
195 199
41 94
18 196
90 94
53 57
107 111
51 55
188 196
165 169
26 201
6 125
6 135
22 197
115 119
142 200
67 77
77 85
45 49
142 203
41 44
131 134
147 150
6 124
162 165
84 88
151 154
194 198
156 166
49 53
30 33
4 136
29 121
86 89
31 124
156 161
25 201
67 78
141 184
20 24
148 176
83 87
151 155
154 157
150 190
54 104
12 15
130 133
97 101
126 130
164 168
149 175
33 126
8 14
28 121
44 61
22 26
142 184
30 123
45 96
152 155
98 102
69 76
54 58
9 12
152 172
41 45
71 75
50 54
95 99
33 110
55 59
31 126
141 182
26 204
11 175
28 31
34 38
186 199
33 130
19 124
156 162
31 123
165 170
6 9
161 165
110 133
55 103
111 133
191 194
70 76
82 86
7 19
