52 49
53 50
36 33
36 32
59 55
58 54
51 48
32 28
63 6
57 54
55 52
53 49
35 32
56 52
21 18
55 51
54 50
49 46
62 57
49 42
54 51
52 48
51 47
59 56
53 22
57 53
50 47
14 11
16 13
37 33
58 55
40 4
56 53
64 54
56 21
32 29
37 34
63 7
30 27
65 6
34 19
60 14
60 57
35 31
34 31
29 26
35 8
41 19
50 3
34 12
44 2
26 20
31 28
43 2
63 58
25 20
39 36
33 30
45 2
20 13
34 30
53 45
65 4
53 42
50 46
56 22
20 16
60 56
49 45
23 20
62 58
64 58
13 10
61 58
38 34
31 27
64 6
10 7
42 24
61 57
37 5
15 12
38 35
30 26
12 5
40 2
33 29
14 10
35 12
59 18
12 9
45 3
22 18
65 5
16 12
51 46
45 42
33 19
20 17
41 4
52 46
57 22
49 52
50 53
33 36
32 36
55 59
54 58
48 51
28 32
6 63
54 57
52 55
49 53
32 35
52 56
18 21
51 55
50 54
46 49
57 62
42 49
51 54
48 52
47 51
56 59
22 53
53 57
47 50
11 14
13 16
33 37
55 58
4 40
53 56
54 64
21 56
29 32
34 37
7 63
27 30
6 65
19 34
14 60
57 60
31 35
31 34
26 29
8 35
19 41
3 50
12 34
2 44
20 26
28 31
2 43
58 63
20 25
36 39
30 33
2 45
13 20
30 34
45 53
4 65
42 53
46 50
22 56
16 20
56 60
45 49
20 23
58 62
58 64
10 13
58 61
34 38
27 31
6 64
7 10
24 42
57 61
5 37
12 15
35 38
26 30
5 12
2 40
29 33
10 14
12 35
18 59
9 12
3 45
18 22
5 65
12 16
46 51
42 45
19 33
17 20
4 41
46 52
22 57
