58 54
32 28
62 57
65 6
53 22
63 6
56 52
14 11
56 21
21 18
63 7
59 55
49 42
40 4
35 8
64 54
34 19
49 46
60 14
53 42
44 2
16 13
20 13
36 32
52 49
34 12
50 3
26 20
55 51
41 19
25 20
39 36
59 18
53 45
37 5
55 52
63 58
29 26
20 16
65 4
51 47
43 2
51 48
53 49
45 2
52 48
12 5
37 34
32 29
56 18
56 22
64 58
42 24
23 20
35 31
60 11
40 2
10 7
35 21
57 22
59 56
43 40
26 23
51 46
53 3
44 21
13 10
34 7
39 32
35 12
43 24
55 18
41 5
60 18
39 33
37 6
38 6
24 17
49 45
29 21
62 15
58 55
49 6
14 4
42 23
32 20
35 32
19 12
52 46
46 15
37 33
8 5
33 20
15 9
64 48
38 35
45 40
38 34
41 23
59 43
16 9
37 7
54 58
28 32
57 62
6 65
22 53
6 63
52 56
11 14
21 56
18 21
7 63
55 59
42 49
4 40
8 35
54 64
19 34
46 49
14 60
42 53
2 44
13 16
13 20
32 36
49 52
12 34
3 50
20 26
51 55
19 41
20 25
36 39
18 59
45 53
5 37
52 55
58 63
26 29
16 20
4 65
47 51
2 43
48 51
49 53
2 45
48 52
5 12
34 37
29 32
18 56
22 56
58 64
24 42
20 23
31 35
11 60
2 40
7 10
21 35
22 57
56 59
40 43
23 26
46 51
3 53
21 44
10 13
7 34
32 39
12 35
24 43
18 55
5 41
18 60
33 39
6 37
6 38
17 24
45 49
21 29
15 62
55 58
6 49
4 14
23 42
20 32
32 35
12 19
46 52
15 46
33 37
5 8
20 33
9 15
48 64
35 38
40 45
34 38
23 41
43 59
9 16
7 37
