60 57
37 34
56 52
58 54
52 49
30 20
56 53
55 52
50 45
32 29
49 46
43 40
61 15
57 18
65 6
38 5
20 17
62 8
63 7
42 2
61 57
40 3
61 8
60 56
60 18
35 31
62 58
39 36
64 57
26 20
61 58
39 34
30 16
21 17
17 13
62 11
23 19
45 2
63 57
34 15
60 11
15 12
27 20
30 27
12 9
29 26
45 42
63 6
50 46
61 12
54 50
59 56
24 20
41 2
40 2
53 49
57 54
65 54
21 18
50 47
63 8
16 13
22 18
18 15
65 3
41 5
40 5
51 47
62 57
43 2
25 20
60 14
34 31
62 7
38 6
25 19
53 3
30 25
55 51
64 7
29 25
62 15
54 3
30 26
64 3
31 28
16 12
51 48
14 11
38 4
36 33
37 7
35 8
17 14
44 2
30 19
37 5
23 20
35 12
65 4
64 5
33 30
11 8
50 2
15 11
39 5
31 27
22 19
42 4
50 3
56 18
62 6
53 50
31 16
24 21
64 58
35 32
59 55
20 16
62 5
61 11
33 29
39 33
53 22
57 53
58 55
15 8
34 30
49 45
37 6
65 5
12 8
62 9
19 16
41 3
61 14
36 32
34 7
64 54
41 4
63 5
27 16
38 7
60 15
42 3
40 4
18 14
39 6
57 19
62 12
37 33
34 5
34 16
37 8
24 19
34 8
52 48
64 4
62 59
57 15
32 28
43 3
64 6
39 4
34 12
19 15
54 51
63 58
8 5
57 60
34 37
52 56
54 58
49 52
20 30
53 56
52 55
45 50
29 32
46 49
40 43
15 61
18 57
6 65
5 38
17 20
8 62
7 63
2 42
57 61
3 40
8 61
56 60
18 60
31 35
58 62
36 39
57 64
20 26
58 61
34 39
16 30
17 21
13 17
11 62
19 23
2 45
57 63
15 34
11 60
12 15
20 27
27 30
9 12
26 29
42 45
6 63
46 50
12 61
50 54
56 59
20 24
2 41
2 40
49 53
54 57
54 65
18 21
47 50
8 63
13 16
18 22
15 18
3 65
5 41
5 40
47 51
57 62
2 43
20 25
14 60
31 34
7 62
6 38
19 25
3 53
25 30
51 55
7 64
25 29
15 62
3 54
26 30
3 64
28 31
12 16
48 51
11 14
4 38
33 36
7 37
8 35
14 17
2 44
19 30
5 37
20 23
12 35
4 65
5 64
30 33
8 11
2 50
11 15
5 39
27 31
19 22
4 42
3 50
18 56
6 62
50 53
16 31
21 24
58 64
32 35
55 59
16 20
5 62
11 61
29 33
33 39
22 53
53 57
55 58
8 15
30 34
45 49
6 37
5 65
8 12
9 62
16 19
3 41
14 61
32 36
7 34
54 64
4 41
5 63
16 27
7 38
15 60
3 42
4 40
14 18
6 39
19 57
12 62
33 37
5 34
16 34
8 37
19 24
8 34
48 52
4 64
59 62
15 57
28 32
3 43
6 64
4 39
12 34
15 19
51 54
58 63
5 8
