53 49
36 33
53 50
52 49
51 48
35 32
56 53
36 32
54 50
59 56
52 48
57 54
55 52
50 47
56 52
58 54
58 55
57 53
59 55
51 47
54 51
37 33
55 51
37 34
30 27
32 29
34 31
32 28
49 46
16 13
14 11
35 31
29 26
33 30
60 56
21 18
31 28
60 57
63 6
44 2
65 6
45 2
63 7
38 34
62 57
61 58
34 30
40 4
39 36
50 46
34 19
62 58
49 45
56 21
61 57
63 58
31 27
65 4
64 6
26 20
15 12
35 8
10 7
53 22
38 35
49 42
65 5
13 10
49 53
33 36
50 53
49 52
48 51
32 35
53 56
32 36
50 54
56 59
48 52
54 57
52 55
47 50
52 56
54 58
55 58
53 57
55 59
47 51
51 54
33 37
51 55
34 37
27 30
29 32
31 34
28 32
46 49
13 16
11 14
31 35
26 29
30 33
56 60
18 21
28 31
57 60
6 63
2 44
6 65
2 45
7 63
34 38
57 62
58 61
30 34
4 40
36 39
46 50
19 34
58 62
45 49
21 56
57 61
58 63
27 31
4 65
6 64
20 26
12 15
8 35
7 10
22 53
35 38
42 49
5 65
10 13
