30 19
59 53
11 7
42 39
76 27
27 22
77 2
49 13
25 22
48 10
26 21
64 56
10 7
47 44
48 20
27 20
75 71
78 4
59 42
48 9
19 13
26 20
50 21
71 67
8 4
74 71
18 13
72 55
63 56
69 66
36 33
64 58
33 15
29 19
44 33
72 64
30 16
29 18
17 13
48 11
52 21
45 42
52 22
69 65
63 58
77 28
57 54
50 6
55 51
63 57
17 14
20 9
54 51
75 72
49 20
47 12
75 29
55 52
73 70
19 12
11 8
30 12
68 65
59 54
48 21
56 52
31 28
45 41
49 46
76 72
43 33
62 58
26 2
19 9
32 29
48 12
26 19
78 25
58 54
44 18
46 43
70 66
75 32
47 17
76 25
47 43
76 26
74 70
12 9
41 36
9 6
25 21
61 57
58 42
17 12
30 17
42 36
56 53
72 69
47 19
29 20
48 19
69 64
48 18
72 22
21 4
72 27
75 28
42 38
47 13
30 18
78 2
36 32
75 31
51 22
49 21
77 4
10 6
64 55
48 13
18 12
50 20
51 20
68 64
43 18
77 19
46 20
72 68
57 53
77 27
43 36
55 23
54 45
43 29
47 18
51 46
75 27
49 10
78 26
35 32
47 14
12 8
26 4
28 18
55 22
55 20
54 46
60 57
13 10
73 69
47 15
33 30
47 29
21 9
77 26
76 73
62 57
71 32
28 12
44 41
9 5
33 29
24 21
21 6
70 67
71 68
27 21
9 4
78 3
52 23
19 11
8 5
61 58
50 9
33 18
44 15
51 21
26 9
28 19
50 22
47 20
49 9
27 19
52 24
18 14
18 15
