76 25
17 12
21 9
56 23
29 20
19 12
68 65
47 18
33 18
54 46
21 6
9 4
51 20
11 8
17 14
51 22
63 57
40 34
19 4
43 18
39 36
11 7
24 21
69 56
28 17
52 23
55 22
75 71
71 32
8 2
78 4
10 6
51 46
10 7
72 69
49 46
69 23
44 33
47 44
30 17
40 35
45 42
65 41
44 40
54 42
73 25
72 27
57 53
34 31
59 55
77 19
29 18
46 42
66 31
33 29
26 9
27 19
71 31
44 15
9 6
67 35
11 2
8 5
12 8
71 20
64 36
55 28
6 3
35 32
68 63
8 4
17 11
30 19
75 72
57 45
55 51
64 39
53 45
14 10
68 64
40 15
69 55
73 15
71 65
75 66
54 51
78 48
73 70
65 54
56 52
73 23
50 24
75 32
72 54
47 17
70 11
59 31
56 53
34 15
69 63
63 45
57 35
78 26
74 71
77 60
65 57
71 63
76 72
45 20
69 32
70 66
64 58
63 34
76 27
71 55
30 18
64 61
40 3
57 40
43 29
15 12
25 76
12 17
9 21
23 56
20 29
12 19
65 68
18 47
18 33
46 54
6 21
4 9
20 51
8 11
14 17
22 51
57 63
34 40
4 19
18 43
36 39
7 11
21 24
56 69
17 28
23 52
22 55
71 75
32 71
2 8
4 78
6 10
46 51
7 10
69 72
46 49
23 69
33 44
44 47
17 30
35 40
42 45
41 65
40 44
42 54
25 73
27 72
53 57
31 34
55 59
19 77
18 29
42 46
31 66
29 33
9 26
19 27
31 71
15 44
6 9
35 67
2 11
5 8
8 12
20 71
36 64
28 55
3 6
32 35
63 68
4 8
11 17
19 30
72 75
45 57
51 55
39 64
45 53
10 14
64 68
15 40
55 69
15 73
65 71
66 75
51 54
48 78
70 73
54 65
52 56
23 73
24 50
32 75
54 72
17 47
11 70
31 59
53 56
15 34
63 69
45 63
35 57
26 78
71 74
60 77
57 65
63 71
72 76
20 45
32 69
66 70
58 64
34 63
27 76
55 71
18 30
61 64
3 40
40 57
29 43
12 15
