10 7
11 8
11 7
9 6
12 9
12 8
10 6
8 5
56 53
57 54
9 5
54 46
57 53
76 25
17 12
74 71
68 65
45 42
13 9
47 18
75 72
21 9
56 23
73 70
29 20
55 52
51 22
8 4
9 4
21 6
75 71
58 55
72 69
19 12
13 10
55 51
56 52
44 41
17 14
49 46
39 36
63 57
47 44
33 18
51 20
54 51
46 42
29 18
69 56
55 22
52 23
58 54
44 40
33 30
40 34
18 12
15 12
71 32
70 67
68 64
28 17
35 32
8 2
43 18
24 21
78 4
74 70
40 35
14 10
71 68
76 73
19 4
16 12
45 41
76 72
34 31
43 40
59 55
59 56
69 66
46 43
51 21
32 29
6 3
70 66
33 29
17 11
72 68
73 69
39 35
30 18
28 18
15 11
30 17
63 60
68 63
54 42
69 23
54 50
17 13
14 11
51 23
62 59
78 3
18 13
55 23
60 57
64 61
8 3
27 19
68 56
28 19
29 19
69 55
67 64
51 46
16 13
78 26
63 59
18 14
53 50
