10 7
11 8
9 6
12 9
11 7
10 6
12 8
57 54
8 5
56 53
75 72
9 5
68 65
57 53
45 42
74 71
55 52
17 12
72 69
13 9
13 10
47 44
44 41
58 55
8 4
17 14
56 52
75 71
39 36
54 51
73 70
49 46
9 4
55 51
76 73
15 12
70 67
28 17
46 42
18 12
33 30
24 21
56 23
58 54
43 40
76 25
51 22
44 40
21 6
35 32
74 70
45 41
54 46
17 13
46 43
16 12
69 66
29 18
71 68
68 64
19 12
14 11
47 18
14 10
6 3
15 11
34 31
76 72
40 35
59 56
62 59
16 13
7 4
59 55
51 23
39 35
28 18
29 20
40 36
40 34
69 56
7 10
8 11
6 9
9 12
7 11
6 10
8 12
54 57
5 8
53 56
72 75
5 9
65 68
53 57
42 45
71 74
52 55
12 17
69 72
9 13
10 13
44 47
41 44
55 58
4 8
14 17
52 56
71 75
36 39
51 54
70 73
46 49
4 9
51 55
73 76
12 15
67 70
17 28
42 46
12 18
30 33
21 24
23 56
54 58
40 43
25 76
22 51
40 44
6 21
32 35
70 74
41 45
46 54
13 17
43 46
12 16
66 69
18 29
68 71
64 68
12 19
11 14
18 47
10 14
3 6
11 15
31 34
72 76
35 40
56 59
59 62
13 16
4 7
55 59
23 51
35 39
18 28
20 29
36 40
34 40
56 69
