114 81
85 52
115 105
18 14
101 86
163 24
152 19
83 50
111 107
21 4
63 9
155 16
110 107
115 109
45 42
62 7
92 89
32 21
52 13
156 23
46 31
154 151
132 126
86 55
46 3
48 2
141 85
166 48
81 48
101 84
109 105
68 35
113 82
109 82
52 20
103 99
132 121
113 108
64 8
87 13
64 7
162 50
107 73
97 55
33 3
60 57
62 54
13 8
92 57
37 34
103 60
56 10
155 85
24 2
159 20
65 7
116 83
140 102
158 88
115 108
155 19
79 25
89 56
150 147
157 153
52 47
64 14
135 132
30 24
23 19
49 3
51 5
165 161
20 4
14 6
62 53
136 132
159 155
155 141
128 125
100 53
80 47
96 58
136 127
85 17
152 15
164 160
108 51
128 120
158 139
147 90
97 86
100 54
125 121
50 4
37 33
161 157
137 132
159 23
43 40
112 79
141 102
130 125
133 130
93 88
157 74
53 7
62 36
166 118
136 133
113 77
104 53
161 117
143 140
117 83
49 5
93 55
68 5
155 151
95 10
132 120
143 57
136 120
70 66
19 15
89 86
165 118
101 55
160 157
111 77
96 12
25 21
129 126
57 54
145 12
127 122
89 9
46 38
108 80
98 55
128 122
156 153
159 156
162 83
161 158
88 7
131 127
133 128
151 147
97 93
135 122
165 29
47 3
141 88
35 6
69 8
65 35
35 5
54 13
85 50
141 101
99 70
161 22
153 22
110 37
142 139
136 125
127 120
18 6
