164 161
161 158
110 107
160 157
109 106
159 156
165 162
103 100
154 151
155 152
163 160
157 154
162 159
156 153
102 99
24 21
158 155
23 20
114 81
111 107
103 99
109 105
108 105
101 98
165 161
159 155
164 160
45 42
162 158
151 148
157 153
166 163
111 108
161 157
160 156
163 159
152 149
18 14
110 106
158 154
155 151
92 89
27 24
107 104
102 98
17 14
85 52
49 3
22 19
25 22
18 15
26 23
156 152
150 147
63 9
25 21
37 34
71 68
16 13
104 101
83 50
62 59
28 25
11 8
24 20
153 150
112 109
115 83
46 43
128 125
114 82
19 16
151 147
61 58
113 82
104 100
81 48
48 2
10 7
135 132
115 109
136 133
32 21
154 150
153 149
125 122
73 70
23 19
130 127
166 162
163 24
116 83
115 82
124 121
29 26
72 69
62 7
97 94
63 60
21 18
27 23
49 4
112 108
129 126
47 2
113 81
50 4
60 57
113 108
108 104
98 95
26 22
11 7
136 132
113 109
46 3
131 128
43 40
133 130
137 134
19 15
64 8
44 41
62 54
64 7
47 44
152 148
126 123
101 86
96 93
99 96
86 55
123 120
113 110
106 103
74 71
101 97
20 17
105 102
48 3
93 89
147 144
132 129
70 67
115 81
115 105
94 91
13 10
127 124
87 55
143 140
62 58
12 9
62 53
37 33
61 57
152 19
56 10
122 119
63 59
141 85
95 92
114 109
93 90
73 69
20 16
72 68
80 47
134 131
12 8
17 13
63 8
65 62
140 102
46 31
13 8
137 133
166 48
66 63
64 61
100 97
155 16
88 56
30 27
36 33
46 42
65 7
21 17
80 77
105 101
116 113
144 141
62 9
29 25
132 121
75 72
107 103
129 125
50 5
148 145
125 121
89 56
10 6
141 102
79 25
51 5
149 146
42 39
115 112
87 56
49 2
114 111
15 12
86 54
91 88
64 9
97 55
38 35
62 8
117 114
52 13
130 126
28 24
93 55
45 41
33 5
132 128
87 54
14 11
81 49
57 10
33 3
22 18
85 53
47 3
156 23
31 28
79 76
9 6
107 73
30 24
126 122
97 93
84 52
146 143
30 25
92 57
137 132
82 50
40 37
69 66
44 40
41 38
161 164
158 161
107 110
157 160
106 109
156 159
162 165
100 103
151 154
152 155
160 163
154 157
159 162
153 156
99 102
21 24
155 158
20 23
81 114
107 111
99 103
105 109
105 108
98 101
161 165
155 159
160 164
42 45
158 162
148 151
153 157
163 166
108 111
157 161
156 160
159 163
149 152
14 18
106 110
154 158
151 155
89 92
24 27
104 107
98 102
14 17
52 85
3 49
19 22
22 25
15 18
23 26
152 156
147 150
9 63
21 25
34 37
68 71
13 16
101 104
50 83
59 62
25 28
8 11
20 24
150 153
109 112
83 115
43 46
125 128
82 114
16 19
147 151
58 61
82 113
100 104
48 81
2 48
7 10
132 135
109 115
133 136
21 32
150 154
149 153
122 125
70 73
19 23
127 130
162 166
24 163
83 116
82 115
121 124
26 29
69 72
7 62
94 97
60 63
18 21
23 27
4 49
108 112
126 129
2 47
81 113
4 50
57 60
108 113
104 108
95 98
22 26
7 11
132 136
109 113
3 46
128 131
40 43
130 133
134 137
15 19
8 64
41 44
54 62
7 64
44 47
148 152
123 126
86 101
93 96
96 99
55 86
120 123
110 113
103 106
71 74
97 101
17 20
102 105
3 48
89 93
144 147
129 132
67 70
81 115
105 115
91 94
10 13
124 127
55 87
140 143
58 62
9 12
53 62
33 37
57 61
19 152
10 56
119 122
59 63
85 141
92 95
109 114
90 93
69 73
16 20
68 72
47 80
131 134
8 12
13 17
8 63
62 65
102 140
31 46
8 13
133 137
48 166
63 66
61 64
97 100
16 155
56 88
27 30
33 36
42 46
7 65
17 21
77 80
101 105
113 116
141 144
9 62
25 29
121 132
72 75
103 107
125 129
5 50
145 148
121 125
56 89
6 10
102 141
25 79
5 51
146 149
39 42
112 115
56 87
2 49
111 114
12 15
54 86
88 91
9 64
55 97
35 38
8 62
114 117
13 52
126 130
24 28
55 93
41 45
5 33
128 132
54 87
11 14
49 81
10 57
3 33
18 22
53 85
3 47
23 156
28 31
76 79
6 9
73 107
24 30
122 126
93 97
52 84
143 146
25 30
57 92
132 137
50 82
37 40
66 69
40 44
38 41
