110 107
160 157
115 105
109 106
161 158
164 161
114 81
18 14
165 162
102 99
159 156
162 159
103 100
101 98
154 151
158 155
85 52
156 153
165 161
111 107
161 157
163 160
45 42
103 99
109 105
162 158
159 155
164 160
155 151
24 21
108 105
160 156
157 153
152 19
163 24
155 152
23 20
17 14
157 154
111 108
92 89
37 34
101 86
151 148
18 15
107 104
110 106
158 154
22 19
115 109
163 159
156 23
83 50
32 21
25 21
62 7
49 3
102 98
155 16
86 55
63 9
46 31
23 19
152 149
21 4
71 68
25 22
48 2
166 163
50 4
16 13
141 85
27 24
104 101
11 8
19 15
46 3
150 147
10 7
52 13
113 82
64 7
154 150
20 17
104 100
153 150
26 23
81 48
101 84
56 10
115 82
113 108
114 82
156 152
21 18
62 59
166 48
106 103
166 162
62 54
43 40
61 58
37 33
13 8
116 83
112 109
60 57
153 149
101 97
17 13
68 35
24 20
151 147
136 133
24 2
97 55
19 16
107 73
97 94
46 43
33 3
65 7
48 3
113 109
70 67
108 104
27 23
44 41
62 53
94 91
96 93
87 13
128 125
72 69
92 57
115 108
105 102
113 81
11 7
62 9
140 102
152 148
129 126
28 25
115 83
79 25
10 6
93 90
64 8
98 95
26 22
99 96
143 140
63 60
109 82
63 59
162 50
124 121
52 47
137 134
130 127
136 132
80 47
29 26
61 57
29 25
112 108
28 24
52 20
