110 107
160 157
115 105
109 106
161 158
164 161
114 81
18 14
165 162
102 99
159 156
162 159
103 100
101 98
154 151
158 155
85 52
156 153
165 161
111 107
161 157
163 160
45 42
103 99
109 105
162 158
159 155
164 160
155 151
24 21
108 105
160 156
157 153
152 19
163 24
155 152
23 20
17 14
157 154
111 108
92 89
37 34
101 86
151 148
18 15
107 104
110 106
158 154
22 19
115 109
163 159
156 23
83 50
32 21
25 21
62 7
49 3
102 98
155 16
86 55
63 9
46 31
23 19
152 149
21 4
71 68
25 22
48 2
166 163
50 4
16 13
141 85
27 24
104 101
11 8
19 15
46 3
150 147
10 7
52 13
113 82
64 7
154 150
20 17
