113 78
100 56
141 85
137 131
72 43
38 34
25 22
21 18
138 133
33 3
34 6
125 94
142 85
163 160
49 46
153 150
114 79
151 16
68 40
127 97
102 99
138 101
132 121
111 77
130 103
29 25
46 3
136 133
75 72
155 16
100 59
68 38
144 87
52 16
65 53
84 51
129 126
71 68
34 14
59 56
165 161
162 116
104 53
152 19
107 69
139 84
12 8
30 20
76 44
166 163
156 152
52 5
117 84
13 7
16 12
113 49
43 40
30 2
75 43
151 148
80 49
100 60
32 18
30 25
139 105
33 5
97 88
100 53
138 131
50 20
128 95
73 70
144 88
112 77
85 13
154 150
30 26
72 69
140 137
136 120
111 107
48 3
116 81
115 81
161 117
44 41
82 48
131 100
67 63
139 118
129 97
142 86
101 55
138 102
163 24
156 153
43 38
157 154
54 9
131 101
66 61
104 65
99 55
116 83
141 119
71 39
97 90
93 59
100 55
70 67
103 100
116 82
106 103
117 83
50 30
50 4
31 4
29 24
22 18
138 132
151 19
137 121
114 82
166 48
74 41
87 54
93 88
114 80
37 33
148 143
88 55
138 119
165 162
17 13
86 54
127 95
23 19
29 2
68 35
86 52
86 16
100 65
118 115
66 60
87 55
138 118
158 140
131 105
165 81
54 8
129 98
166 2
75 71
82 51
42 38
144 12
131 99
127 94
35 7
115 84
139 119
32 4
92 89
145 89
159 20
62 7
107 72
71 40
77 43
50 2
124 121
79 47
51 4
108 51
17 14
143 89
15 11
147 143
141 98
53 6
64 34
101 52
139 101
138 115
93 55
100 86
75 40
151 142
81 48
87 8
148 144
101 84
105 101
14 7
98 86
110 106
115 83
130 106
72 68
130 96
108 105
30 4
140 84
17 6
128 96
97 94
16 13
104 61
111 76
113 81
160 156
104 101
103 61
65 7
83 49
154 151
49 5
161 158
145 91
105 84
83 50
94 91
136 118
103 99
157 153
61 55
165 117
22 19
154 140
27 21
66 62
97 93
99 96
62 13
101 85
87 12
20 17
151 147
75 44
71 67
23 20
64 7
124 97
17 8
108 77
80 47
155 23
46 31
49 43
49 4
139 117
65 61
85 50
146 90
67 64
85 17
114 109
74 71
50 5
109 82
159 156
111 73
100 62
139 83
143 124
32 27
140 119
81 47
62 54
141 137
18 15
11 8
56 9
38 33
98 55
21 4
115 82
158 85
113 108
60 56
93 58
140 85
34 5
158 155
104 51
72 40
26 21
17 4
162 50
49 2
137 118
62 53
126 95
105 102
62 56
159 155
143 90
139 86
138 84
108 82
109 106
87 16
112 79
158 154
28 25
113 82
108 104
84 52
131 84
69 65
131 97
96 58
29 21
24 2
49 3
93 89
52 6
158 20
86 13
80 48
111 108
15 12
48 2
137 119
165 83
14 8
51 5
33 6
137 132
141 97
30 3
94 90
106 102
166 116
101 53
158 139
53 13
37 34
63 56
129 96
160 157
136 119
135 121
126 94
155 151
61 53
162 24
52 4
150 147
101 86
129 102
52 7
156 23
162 83
38 35
101 51
59 55
96 59
32 17
30 21
102 98
126 90
128 94
155 20
80 46
142 87
31 2
99 59
143 87
83 51
139 115
107 104
85 20
68 65
64 35
164 161
42 39
96 55
25 21
66 63
134 118
113 109
125 91
128 97
19 15
136 121
137 120
147 90
46 43
86 53
162 117
141 124
162 159
141 86
142 12
113 79
42 5
111 78
104 52
82 50
108 72
155 140
65 35
138 117
162 158
141 88
158 119
147 144
61 56
139 131
142 88
112 80
136 132
140 117
34 7
32 3
100 61
31 3
151 144
87 13
139 85
13 8
14 6
93 90
101 98
30 24
34 8
113 77
129 99
52 17
80 77
50 3
46 2
113 80
158 117
32 21
146 89
107 103
114 81
165 116
42 33
60 55
154 142
20 16
69 61
130 102
137 98
69 66
33 4
82 49
104 100
132 129
110 107
131 102
111 75
137 129
155 142
115 109
105 82
29 26
97 89
131 98
126 97
13 6
124 90
111 72
45 42
85 16
159 23
102 84
63 9
105 51
97 55
74 40
140 83
163 159
51 6
52 13
31 27
112 78
166 162
141 101
130 98
88 54
99 60
166 83
86 55
64 36
20 4
83 48
150 143
68 64
82 77
148 145
143 88
166 81
138 105
24 21
150 123
85 51
161 157
26 22
54 12
100 54
38 5
155 152
75 41
21 17
24 20
60 57
159 24
35 6
16 6
115 105
125 90
84 50
62 9
112 109
135 132
65 62
62 8
142 16
130 99
133 118
141 131
81 49
85 52
96 93
98 88
43 5
145 92
104 84
32 6
54 7
140 86
14 11
35 5
53 7
109 105
36 7
145 88
155 19
154 119
151 143
84 53
18 14
30 27
19 16
54 13
146 143
137 101
130 59
62 55
146 91
