114 81
85 52
115 105
18 14
101 86
163 24
152 19
83 50
111 107
21 4
63 9
155 16
110 107
115 109
45 42
62 7
92 89
32 21
52 13
156 23
46 31
154 151
132 126
86 55
46 3
48 2
141 85
166 48
81 48
101 84
109 105
68 35
113 82
109 82
52 20
103 99
132 121
113 108
64 8
87 13
64 7
162 50
107 73
97 55
33 3
60 57
62 54
13 8
92 57
37 34
103 60
56 10
155 85
24 2
159 20
65 7
116 83
140 102
158 88
115 108
155 19
79 25
89 56
150 147
157 153
52 47
64 14
135 132
30 24
23 19
49 3
51 5
165 161
20 4
14 6
62 53
136 132
159 155
155 141
128 125
100 53
80 47
96 58
136 127
