84 80
87 11
48 36
52 16
13 9
50 33
14 11
36 28
92 89
26 22
41 38
77 73
68 12
85 81
75 39
50 21
64 38
34 29
36 27
8 4
43 38
57 21
87 84
56 50
87 83
73 70
68 20
33 30
15 11
57 51
48 38
93 14
87 20
49 33
10 6
57 49
48 25
84 81
27 21
66 56
22 18
91 10
95 85
60 49
46 37
65 58
64 40
68 17
65 56
21 18
91 88
55 17
37 26
27 22
89 86
98 3
87 69
53 32
93 88
83 72
71 20
47 38
80 73
62 47
71 66
82 79
71 67
74 40
91 14
60 47
69 12
57 17
39 24
50 34
25 22
35 28
84 11
52 32
19 15
54 51
9 5
83 80
15 12
87 68
90 19
61 41
75 71
64 59
20 17
70 66
88 11
36 25
11 3
84 3
78 72
71 21
67 17
59 49
55 52
52 33
98 4
82 76
58 49
42 38
50 35
63 60
39 25
12 9
94 88
87 12
63 58
99 96
21 17
91 11
98 2
75 40
7 3
14 10
61 43
22 19
66 57
10 7
57 48
58 48
67 56
9 6
48 39
43 37
95 7
81 2
87 15
82 78
71 57
72 69
11 7
59 40
52 34
59 48
55 16
37 25
48 35
8 5
95 3
98 7
92 14
84 69
56 51
93 10
92 88
12 8
85 82
61 47
78 73
65 59
55 12
67 12
34 28
68 21
33 29
71 68
99 2
36 26
46 35
62 42
75 24
52 18
34 27
51 33
83 79
63 59
34 18
97 94
62 41
55 51
49 36
46 38
64 57
47 37
62 38
83 73
59 41
64 48
67 55
35 30
72 20
35 27
84 8
93 7
72 68
79 73
56 17
75 72
74 71
70 65
95 88
83 69
90 87
47 36
25 21
76 72
74 70
83 78
20 15
88 84
86 82
91 15
47 43
59 38
23 20
88 85
66 58
11 8
49 35
90 86
98 95
86 83
90 15
91 12
74 64
77 74
64 58
62 59
8 3
50 17
80 69
51 32
34 21
20 16
19 16
83 76
64 41
73 69
48 37
68 15
90 20
62 40
90 14
59 47
61 38
50 27
24 21
95 84
86 72
7 4
91 87
34 30
13 10
76 73
68 55
93 11
65 57
50 18
87 72
57 50
71 65
46 36
91 13
89 85
45 37
71 17
49 34
27 18
23 19
70 67
