10 7
12 9
11 8
89 86
11 7
14 10
13 10
9 6
90 87
49 35
75 72
13 9
82 79
8 5
35 30
84 81
74 64
86 76
12 8
74 70
9 5
90 86
14 11
90 23
7 4
75 71
83 79
83 80
54 51
63 58
74 57
91 88
74 71
70 67
84 80
10 6
51 33
62 41
41 38
76 72
96 7
88 85
62 59
53 32
36 25
59 38
50 27
89 85
62 38
91 15
46 43
83 78
49 33
52 18
85 81
65 58
34 18
76 24
48 45
85 82
59 41
93 7
75 24
65 57
56 51
19 16
61 41
91 87
64 57
50 34
48 43
61 43
52 16
61 38
82 78
61 45
86 78
20 15
73 70
26 22
47 43
49 34
71 24
67 12
48 36
15 11
7 3
19 15
5 2
50 33
46 37
48 44
43 37
48 35
65 56
36 27
15 12
87 84
63 57
54 33
47 44
84 8
76 73
50 36
25 22
62 58
20 17
64 58
66 57
97 85
55 51
95 7
8 4
42 37
31 27
49 36
86 83
93 11
69 12
86 24
34 30
53 33
63 59
68 12
20 16
92 89
47 37
86 72
32 29
68 20
77 74
88 84
87 83
34 29
51 34
26 23
61 58
42 38
34 31
55 16
93 14
50 35
61 44
33 30
78 72
33 29
86 82
36 26
43 40
52 34
60 41
97 94
78 73
