74 64
90 23
35 30
49 35
14 10
62 38
82 79
86 76
74 57
62 41
41 38
34 18
61 43
53 32
91 15
96 7
54 51
76 24
75 24
48 43
67 12
11 7
65 58
36 25
62 59
63 58
74 70
49 33
50 27
86 78
52 16
64 57
59 38
70 67
83 78
52 18
20 15
51 33
56 51
12 9
61 45
65 57
61 41
89 86
71 24
84 80
61 38
26 22
85 81
84 8
68 20
43 37
59 41
65 56
36 27
5 2
93 11
69 12
55 16
86 72
68 12
86 24
93 7
75 71
97 85
48 45
87 69
47 43
95 7
66 57
13 9
46 37
46 43
90 87
57 17
9 5
73 70
19 16
76 72
56 33
71 40
78 72
84 11
71 21
50 36
54 33
89 85
48 36
88 11
7 4
80 73
31 27
96 4
52 34
10 7
93 14
7 3
90 86
85 82
68 55
50 21
73 67
68 15
47 37
77 74
13 10
15 11
61 48
55 18
83 72
97 94
8 5
48 39
87 20
11 8
22 18
91 14
61 37
95 88
55 8
43 40
65 5
42 37
84 69
95 3
70 9
85 42
87 72
75 21
73 5
80 69
34 29
10 6
70 5
46 35
47 40
56 49
53 33
84 73
94 89
70 12
91 19
25 21
61 44
84 81
55 51
19 15
98 6
48 44
91 20
87 15
89 52
71 17
