10 7
12 9
11 8
89 86
11 7
14 10
13 10
9 6
90 87
49 35
75 72
13 9
82 79
8 5
35 30
84 81
74 64
86 76
12 8
74 70
9 5
90 86
14 11
90 23
7 4
75 71
83 79
83 80
54 51
63 58
74 57
91 88
74 71
70 67
84 80
10 6
51 33
62 41
41 38
76 72
96 7
88 85
62 59
53 32
36 25
59 38
50 27
89 85
62 38
91 15
46 43
7 10
9 12
8 11
86 89
7 11
10 14
10 13
6 9
87 90
35 49
72 75
9 13
79 82
5 8
30 35
81 84
64 74
76 86
8 12
70 74
5 9
86 90
11 14
23 90
4 7
71 75
79 83
80 83
51 54
58 63
57 74
88 91
71 74
67 70
80 84
6 10
33 51
41 62
38 41
72 76
7 96
85 88
59 62
32 53
25 36
38 59
27 50
85 89
38 62
15 91
43 46
