74 64
90 23
35 30
49 35
14 10
62 38
82 79
86 76
74 57
62 41
41 38
34 18
61 43
53 32
91 15
96 7
54 51
76 24
75 24
48 43
67 12
11 7
65 58
36 25
62 59
63 58
74 70
49 33
50 27
86 78
52 16
64 57
59 38
70 67
83 78
52 18
20 15
51 33
56 51
12 9
61 45
65 57
61 41
89 86
71 24
84 80
61 38
26 22
85 81
84 8
68 20
64 74
23 90
30 35
35 49
10 14
38 62
79 82
76 86
57 74
41 62
38 41
18 34
43 61
32 53
15 91
7 96
51 54
24 76
24 75
43 48
12 67
7 11
58 65
25 36
59 62
58 63
70 74
33 49
27 50
78 86
16 52
57 64
38 59
67 70
78 83
18 52
15 20
33 51
51 56
9 12
45 61
57 65
41 61
86 89
24 71
80 84
38 61
22 26
81 85
8 84
20 68
