74 64
90 23
35 30
49 35
14 10
62 38
82 79
86 76
74 57
62 41
41 38
34 18
61 43
53 32
91 15
96 7
54 51
76 24
75 24
48 43
67 12
11 7
65 58
36 25
62 59
63 58
74 70
49 33
50 27
86 78
52 16
64 57
59 38
70 67
83 78
52 18
20 15
51 33
56 51
12 9
61 45
65 57
61 41
89 86
71 24
84 80
61 38
26 22
85 81
84 8
68 20
43 37
59 41
65 56
36 27
5 2
93 11
69 12
55 16
86 72
68 12
86 24
93 7
75 71
97 85
48 45
87 69
47 43
95 7
66 57
13 9
46 37
46 43
90 87
57 17
9 5
73 70
19 16
76 72
56 33
71 40
78 72
84 11
71 21
50 36
54 33
89 85
48 36
88 11
7 4
80 73
31 27
96 4
52 34
10 7
93 14
7 3
90 86
85 82
68 55
50 21
73 67
64 74
23 90
30 35
35 49
10 14
38 62
79 82
76 86
57 74
41 62
38 41
18 34
43 61
32 53
15 91
7 96
51 54
24 76
24 75
43 48
12 67
7 11
58 65
25 36
59 62
58 63
70 74
33 49
27 50
78 86
16 52
57 64
38 59
67 70
78 83
18 52
15 20
33 51
51 56
9 12
45 61
57 65
41 61
86 89
24 71
80 84
38 61
22 26
81 85
8 84
20 68
37 43
41 59
56 65
27 36
2 5
11 93
12 69
16 55
72 86
12 68
24 86
7 93
71 75
85 97
45 48
69 87
43 47
7 95
57 66
9 13
37 46
43 46
87 90
17 57
5 9
70 73
16 19
72 76
33 56
40 71
72 78
11 84
21 71
36 50
33 54
85 89
36 48
11 88
4 7
73 80
27 31
4 96
34 52
7 10
14 93
3 7
86 90
82 85
55 68
21 50
67 73
