64 61
64 60
65 62
63 60
63 59
65 61
62 59
145 142
61 58
151 147
140 136
26 22
31 27
140 137
144 141
155 152
145 141
141 138
150 147
143 140
149 146
144 140
145 129
146 142
138 135
143 66
66 62
31 28
30 27
95 12
150 146
59 20
147 66
40 6
62 58
66 63
26 23
84 81
17 14
142 139
85 82
99 90
147 144
151 28
136 61
99 77
63 20
138 134
139 136
30 26
147 143
83 80
143 62
151 148
148 144
146 143
84 80
152 148
149 145
152 149
127 93
85 81
16 13
32 29
140 65
98 95
156 153
41 26
142 138
100 97
96 90
28 25
25 9
96 93
25 7
66 24
70 63
59 56
60 57
147 28
97 94
68 23
95 92
75 42
85 42
141 137
29 25
27 24
74 51
25 22
29 26
18 14
150 114
76 48
60 55
101 98
24 21
32 28
27 23
155 151
143 139
36 30
28 24
148 145
132 13
122 119
118 115
150 9
99 96
154 151
18 15
61 57
53 50
153 149
153 150
100 96
150 24
81 78
51 48
84 40
98 46
74 53
14 11
52 49
153 87
41 29
139 59
146 24
44 8
155 32
35 30
150 28
72 55
143 24
116 112
142 128
97 93
98 94
156 152
139 56
75 44
125 122
19 16
143 20
102 98
76 51
154 28
117 112
17 13
33 29
136 65
83 79
139 135
144 66
21 9
60 56
47 12
154 29
15 12
55 23
147 24
50 47
107 104
103 100
25 21
81 75
95 91
140 62
116 113
69 23
41 25
111 100
106 103
42 8
154 150
67 64
88 82
38 29
41 38
146 114
85 6
123 119
134 58
117 114
108 105
111 99
74 52
130 17
42 6
123 120
68 24
101 97
19 15
33 30
16 12
147 68
113 96
96 92
104 100
24 20
107 103
18 11
153 89
70 60
77 44
23 20
119 116
104 101
139 16
34 30
84 6
42 7
102 99
153 9
99 95
51 47
99 88
82 79
117 113
70 23
124 121
145 128
103 99
136 62
153 117
95 90
108 104
69 63
59 55
115 112
68 27
36 29
150 25
137 134
53 49
75 51
91 9
145 115
