27 23
74 54
109 103
60 56
113 96
150 146
68 24
73 54
44 18
58 16
90 18
104 79
143 24
65 61
129 92
149 145
60 54
133 130
109 83
49 13
55 19
82 79
108 86
43 9
139 136
127 91
108 82
69 23
63 20
46 10
112 88
91 18
51 14
70 23
67 64
51 48
96 92
81 44
44 8
111 99
20 17
148 144
154 151
18 11
43 14
147 28
139 62
45 18
102 77
74 53
103 99
149 114
99 96
154 28
84 81
146 25
16 13
89 9
97 93
129 125
138 135
98 46
137 134
149 118
144 124
68 23
41 29
59 19
33 30
74 19
128 115
95 11
112 89
75 45
86 5
15 11
76 47
113 89
22 19
42 8
85 6
46 13
136 61
56 15
102 99
38 4
145 124
153 149
29 25
81 8
14 10
114 89
41 8
99 90
49 15
153 25
26 23
40 7
45 10
103 82
140 137
23 19
35 30
104 82
85 8
69 26
44 14
102 82
140 136
118 115
156 153
59 15
98 94
44 10
18 13
130 12
90 10
142 138
150 24
139 56
21 18
139 61
128 17
101 97
126 118
72 43
74 55
31 28
151 147
146 21
145 114
61 57
99 88
23 20
77 8
81 77
53 50
85 81
141 137
138 129
95 91
50 47
25 22
59 56
153 150
131 17
30 26
72 23
112 96
83 80
138 131
72 54
129 91
63 59
134 131
74 45
115 112
72 14
151 148
76 44
91 11
66 62
74 43
107 83
142 139
107 104
98 95
60 57
148 123
104 83
68 64
38 5
56 19
77 10
42 7
126 113
145 142
126 120
95 12
90 11
18 14
73 51
46 11
21 17
56 16
128 92
45 14
69 63
96 93
53 15
37 2
73 52
150 28
55 20
22 18
154 32
55 16
146 20
39 6
131 16
31 27
112 90
14 11
114 91
140 62
147 144
130 11
29 26
110 88
61 58
132 16
99 95
126 116
72 55
75 51
42 22
108 85
50 15
88 10
70 59
136 62
75 52
96 90
42 9
25 21
59 20
141 131
136 58
64 60
155 151
146 143
127 115
38 6
40 6
149 124
150 25
17 11
85 82
70 20
139 58
76 45
91 10
68 27
97 94
131 58
139 20
152 119
148 124
84 40
153 117
19 14
146 24
38 29
142 20
143 62
100 96
28 25
95 92
142 17
77 46
142 128
156 152
55 15
87 5
152 118
21 9
102 78
145 128
111 100
154 29
147 143
74 14
87 8
109 86
142 129
135 58
74 50
70 63
143 139
47 12
87 6
77 44
75 44
89 10
47 13
145 125
143 66
74 15
116 112
37 29
43 19
114 21
149 115
43 8
86 6
156 117
18 10
128 21
59 16
99 77
41 25
45 11
113 93
109 85
88 82
70 64
47 14
88 85
75 43
41 6
84 6
110 87
143 63
85 40
141 138
109 82
18 9
111 88
38 34
76 14
154 150
39 5
127 93
44 9
45 12
74 44
88 8
37 5
148 118
32 28
88 77
70 19
130 92
40 8
64 61
91 21
145 141
60 55
50 14
43 11
92 11
94 12
125 118
22 9
81 78
72 19
26 22
75 42
41 22
62 59
30 27
84 80
110 86
146 142
139 131
69 27
153 114
142 16
130 17
124 118
63 60
72 22
28 24
74 13
127 92
146 128
77 45
35 29
27 24
75 14
41 7
99 46
102 79
135 131
50 13
109 87
151 28
112 87
107 103
76 46
146 114
100 97
127 113
24 21
149 117
108 83
109 8
149 146
152 117
109 81
154 34
117 114
49 12
139 135
130 91
122 119
85 42
148 145
109 88
74 52
142 62
89 8
37 4
76 51
43 22
99 10
41 38
130 16
39 4
19 16
113 92
155 152
142 131
107 82
150 147
138 134
24 20
143 20
85 7
144 141
87 7
67 63
86 7
43 10
128 90
37 34
152 149
34 29
111 103
25 7
113 91
63 23
114 9
145 115
123 119
65 62
111 90
59 55
43 18
126 115
95 90
43 21
128 114
16 11
89 7
19 15
70 55
147 24
76 48
111 96
90 9
20 16
139 59
128 91
32 29
109 84
113 90
74 51
150 21
21 11
102 98
95 10
88 81
114 90
38 7
66 63
36 4
41 26
73 53
146 17
89 21
139 16
45 13
91 17
62 20
91 9
70 22
95 46
103 100
116 113
25 9
101 98
70 60
59 17
38 35
62 58
63 24
144 140
143 140
103 79
111 82
46 12
152 148
68 63
