64 61
64 60
65 62
63 60
63 59
65 61
62 59
145 142
61 58
151 147
140 136
26 22
31 27
140 137
144 141
155 152
145 141
141 138
150 147
143 140
149 146
144 140
145 129
146 142
138 135
143 66
66 62
31 28
30 27
95 12
150 146
59 20
147 66
40 6
62 58
66 63
26 23
84 81
17 14
142 139
85 82
99 90
147 144
151 28
136 61
99 77
63 20
138 134
139 136
30 26
147 143
83 80
143 62
151 148
148 144
146 143
84 80
152 148
149 145
152 149
127 93
85 81
16 13
32 29
140 65
98 95
156 153
41 26
142 138
100 97
96 90
28 25
25 9
96 93
25 7
66 24
70 63
59 56
60 57
61 64
60 64
62 65
60 63
59 63
61 65
59 62
142 145
58 61
147 151
136 140
22 26
27 31
137 140
141 144
152 155
141 145
138 141
147 150
140 143
146 149
140 144
129 145
142 146
135 138
66 143
62 66
28 31
27 30
12 95
146 150
20 59
66 147
6 40
58 62
63 66
23 26
81 84
14 17
139 142
82 85
90 99
144 147
28 151
61 136
77 99
20 63
134 138
136 139
26 30
143 147
80 83
62 143
148 151
144 148
143 146
80 84
148 152
145 149
149 152
93 127
81 85
13 16
29 32
65 140
95 98
153 156
26 41
138 142
97 100
90 96
25 28
9 25
93 96
7 25
24 66
63 70
56 59
57 60
