151 28
31 27
26 22
99 77
40 6
145 129
140 65
41 26
147 66
70 63
99 90
147 28
95 12
151 147
25 9
63 20
143 66
59 20
25 7
143 62
146 24
127 93
136 61
96 90
44 8
68 23
60 55
138 134
66 24
75 42
66 62
140 136
139 59
144 66
85 42
150 9
150 114
117 112
65 61
154 29
76 48
153 87
132 13
136 65
72 55
150 24
35 30
21 9
139 56
138 135
14 11
145 141
146 114
140 62
155 32
143 24
41 29
76 51
38 29
118 115
84 80
84 40
150 28
98 46
55 23
70 23
69 23
36 30
41 25
47 12
144 140
75 44
74 51
100 96
147 68
61 58
18 14
81 75
142 128
