151 28
31 27
26 22
99 77
40 6
145 129
140 65
41 26
147 66
70 63
99 90
147 28
95 12
151 147
25 9
63 20
143 66
59 20
25 7
143 62
146 24
127 93
136 61
96 90
44 8
68 23
60 55
138 134
66 24
75 42
66 62
140 136
139 59
144 66
85 42
150 9
150 114
117 112
65 61
154 29
76 48
153 87
132 13
136 65
72 55
150 24
35 30
21 9
139 56
138 135
14 11
145 141
146 114
140 62
155 32
143 24
41 29
76 51
38 29
118 115
84 80
84 40
150 28
98 46
55 23
70 23
69 23
36 30
41 25
47 12
144 140
75 44
74 51
100 96
147 68
61 58
18 14
81 75
142 128
85 82
53 50
147 24
143 20
150 25
83 80
59 56
65 62
134 58
64 60
70 60
88 82
154 28
95 92
111 99
141 138
153 89
153 9
103 100
51 48
155 152
113 96
85 6
111 100
74 53
16 13
130 17
136 62
68 24
42 6
84 6
145 115
81 78
85 8
152 148
18 11
139 16
51 47
29 25
140 66
77 44
63 24
91 9
68 27
72 23
126 119
41 38
95 91
116 112
76 47
143 68
113 93
135 58
62 59
30 27
125 116
107 103
139 15
156 117
144 141
50 47
132 56
127 113
101 98
153 117
63 59
148 118
136 58
156 112
152 117
85 81
122 119
89 9
146 128
74 52
47 13
99 88
55 19
40 26
17 13
28 151
27 31
22 26
77 99
6 40
129 145
65 140
26 41
66 147
63 70
90 99
28 147
12 95
147 151
9 25
20 63
66 143
20 59
7 25
62 143
24 146
93 127
61 136
90 96
8 44
23 68
55 60
134 138
24 66
42 75
62 66
136 140
59 139
66 144
42 85
9 150
114 150
112 117
61 65
29 154
48 76
87 153
13 132
65 136
55 72
24 150
30 35
9 21
56 139
135 138
11 14
141 145
114 146
62 140
32 155
24 143
29 41
51 76
29 38
115 118
80 84
40 84
28 150
46 98
23 55
23 70
23 69
30 36
25 41
12 47
140 144
44 75
51 74
96 100
68 147
58 61
14 18
75 81
128 142
82 85
50 53
24 147
20 143
25 150
80 83
56 59
62 65
58 134
60 64
60 70
82 88
28 154
92 95
99 111
138 141
89 153
9 153
100 103
48 51
152 155
96 113
6 85
100 111
53 74
13 16
17 130
62 136
24 68
6 42
6 84
115 145
78 81
8 85
148 152
11 18
16 139
47 51
25 29
66 140
44 77
24 63
9 91
27 68
23 72
119 126
38 41
91 95
112 116
47 76
68 143
93 113
58 135
59 62
27 30
116 125
103 107
15 139
117 156
141 144
47 50
56 132
113 127
98 101
117 153
59 63
118 148
58 136
112 156
117 152
81 85
119 122
9 89
128 146
52 74
13 47
88 99
19 55
26 40
13 17
