64 61
64 60
65 62
63 60
63 59
65 61
62 59
145 142
61 58
151 147
140 136
26 22
31 27
140 137
144 141
155 152
145 141
141 138
150 147
143 140
149 146
144 140
145 129
146 142
138 135
143 66
66 62
31 28
30 27
95 12
150 146
59 20
147 66
40 6
62 58
66 63
26 23
84 81
17 14
142 139
85 82
99 90
147 144
151 28
136 61
99 77
63 20
138 134
139 136
30 26
147 143
83 80
143 62
151 148
148 144
146 143
84 80
152 148
149 145
152 149
127 93
85 81
16 13
32 29
140 65
98 95
156 153
41 26
142 138
100 97
96 90
28 25
25 9
96 93
25 7
66 24
70 63
59 56
60 57
147 28
97 94
68 23
95 92
75 42
85 42
141 137
29 25
27 24
74 51
25 22
29 26
18 14
150 114
76 48
60 55
101 98
24 21
32 28
27 23
155 151
143 139
36 30
28 24
148 145
132 13
122 119
118 115
150 9
99 96
154 151
18 15
61 57
53 50
153 149
153 150
100 96
150 24
81 78
51 48
84 40
98 46
74 53
14 11
52 49
153 87
41 29
139 59
146 24
44 8
155 32
35 30
150 28
72 55
143 24
116 112
142 128
97 93
98 94
156 152
139 56
75 44
125 122
19 16
143 20
102 98
76 51
154 28
117 112
17 13
33 29
136 65
83 79
139 135
144 66
21 9
60 56
47 12
154 29
15 12
61 64
60 64
62 65
60 63
59 63
61 65
59 62
142 145
58 61
147 151
136 140
22 26
27 31
137 140
141 144
152 155
141 145
138 141
147 150
140 143
146 149
140 144
129 145
142 146
135 138
66 143
62 66
28 31
27 30
12 95
146 150
20 59
66 147
6 40
58 62
63 66
23 26
81 84
14 17
139 142
82 85
90 99
144 147
28 151
61 136
77 99
20 63
134 138
136 139
26 30
143 147
80 83
62 143
148 151
144 148
143 146
80 84
148 152
145 149
149 152
93 127
81 85
13 16
29 32
65 140
95 98
153 156
26 41
138 142
97 100
90 96
25 28
9 25
93 96
7 25
24 66
63 70
56 59
57 60
28 147
94 97
23 68
92 95
42 75
42 85
137 141
25 29
24 27
51 74
22 25
26 29
14 18
114 150
48 76
55 60
98 101
21 24
28 32
23 27
151 155
139 143
30 36
24 28
145 148
13 132
119 122
115 118
9 150
96 99
151 154
15 18
57 61
50 53
149 153
150 153
96 100
24 150
78 81
48 51
40 84
46 98
53 74
11 14
49 52
87 153
29 41
59 139
24 146
8 44
32 155
30 35
28 150
55 72
24 143
112 116
128 142
93 97
94 98
152 156
56 139
44 75
122 125
16 19
20 143
98 102
51 76
28 154
112 117
13 17
29 33
65 136
79 83
135 139
66 144
9 21
56 60
12 47
29 154
12 15
