111 107
132 96
16 12
160 136
162 135
51 44
50 20
104 25
151 2
125 105
169 14
65 60
65 59
83 54
79 75
103 58
75 71
170 37
100 27
157 138
81 52
128 21
166 162
65 29
48 44
44 41
82 54
73 38
173 44
131 128
123 105
166 37
156 9
157 150
130 95
95 20
49 44
163 36
168 7
149 106
64 57
170 43
35 32
105 102
157 133
142 102
28 25
34 28
166 134
95 16
145 108
156 5
100 28
86 83
128 125
94 19
165 134
54 24
156 131
56 23
97 21
147 107
80 55
75 38
159 135
11 7
146 139
122 56
41 37
96 90
126 105
10 6
122 109
115 109
85 82
174 43
135 27
101 28
150 2
141 102
125 21
60 26
147 102
29 26
155 151
64 60
96 93
31 27
168 164
49 17
104 83
131 96
152 126
127 124
158 4
14 11
169 36
9 6
134 100
122 103
75 34
163 35
158 132
118 112
45 42
99 24
156 3
80 52
154 128
66 24
130 96
129 95
174 170
147 106
48 45
170 166
169 40
75 37
165 160
55 23
156 130
151 148
43 40
101 27
85 81
159 137
162 30
169 165
99 28
121 83
99 25
129 94
147 103
89 19
166 99
134 97
60 25
73 70
59 56
72 68
64 59
164 160
133 100
132 5
94 18
118 115
171 168
61 26
74 38
117 106
131 95
165 162
148 106
101 56
79 41
158 5
29 25
64 55
97 22
99 23
166 40
51 21
149 125
45 41
154 129
121 109
50 19
89 86
55 24
66 29
169 10
17 14
166 33
80 67
104 58
150 133
59 26
156 133
162 100
96 22
169 11
164 31
93 21
46 42
70 53
128 96
73 34
13 5
162 99
170 167
112 108
79 52
80 70
92 89
123 23
165 158
15 11
147 140
173 169
115 108
11 8
155 132
122 110
125 98
69 65
146 140
159 134
162 28
127 91
54 22
173 14
101 25
20 17
171 167
147 108
80 76
74 71
37 28
157 4
100 24
159 136
72 34
140 102
154 126
123 83
163 32
166 31
158 6
93 89
56 25
49 19
154 131
29 24
53 22
104 56
118 113
134 99
13 9
155 152
155 150
70 24
112 109
60 27
80 54
41 38
51 41
157 2
33 28
125 96
75 53
30 26
102 25
86 21
71 68
54 21
162 27
99 27
80 53
59 23
147 105
14 10
86 54
13 10
134 98
143 103
53 21
49 18
145 140
154 130
158 133
158 7
17 13
12 9
163 33
20 14
105 98
97 20
30 27
172 169
49 20
38 35
37 22
165 33
131 126
169 7
40 36
122 105
37 24
110 107
53 24
117 109
139 135
173 40
141 103
65 26
10 7
52 21
81 54
120 109
101 59
92 19
172 8
144 140
152 148
44 20
170 39
119 110
128 94
65 62
94 17
79 51
126 107
68 65
100 30
87 84
77 71
148 111
164 161
105 23
60 29
144 141
66 59
143 117
145 141
141 26
118 109
33 27
59 24
150 147
15 12
99 37
160 134
9 5
74 70
38 34
51 22
69 29
121 56
135 102
80 71
12 8
72 69
167 164
66 25
123 104
156 10
156 132
96 23
91 88
123 87
166 36
162 33
122 117
128 95
81 55
142 103
161 136
82 57
145 106
80 75
79 53
165 161
68 64
93 90
149 133
47 43
124 107
53 23
173 170
145 117
156 13
66 53
124 90
66 28
54 23
174 171
125 90
155 133
101 24
157 135
157 3
33 29
39 35
132 13
90 21
100 31
143 106
170 40
52 20
130 94
122 107
67 64
109 106
118 108
138 2
40 37
150 146
152 107
71 67
155 131
172 7
65 61
83 55
117 108
168 165
95 13
166 163
165 7
31 28
70 38
143 116
94 16
115 112
125 23
172 168
163 31
39 36
128 93
123 90
142 61
16 13
104 101
173 11
59 25
52 22
95 17
149 105
152 131
156 4
98 23
105 101
86 82
67 55
120 117
75 70
81 53
161 31
148 126
69 34
44 40
133 98
170 36
37 33
79 45
55 25
135 98
44 14
149 98
123 101
79 76
155 149
59 55
73 35
95 19
66 60
95 21
115 111
94 20
160 135
10 5
152 149
167 36
99 33
146 108
90 87
149 131
49 45
70 37
123 86
158 134
126 90
111 108
130 13
157 132
70 34
70 66
96 21
42 39
122 106
96 20
85 54
149 126
128 90
169 166
132 97
149 107
155 2
145 103
69 66
95 14
104 59
34 29
157 5
51 45
73 37
66 55
139 102
131 125
142 26
129 93
101 23
86 81
36 33
99 22
155 3
131 98
70 67
132 10
102 98
167 163
41 22
162 134
118 114
87 83
145 115
46 43
158 10
155 126
124 110
80 77
106 102
93 20
82 55
43 39
148 107
173 43
132 95
50 18
148 108
130 17
132 98
117 103
97 23
135 100
47 44
150 138
42 38
106 103
101 26
86 52
90 86
63 58
104 23
37 34
100 26
89 21
122 104
101 98
123 56
75 41
73 69
127 90
83 56
105 56
51 20
100 25
119 109
145 116
93 19
123 54
28 24
83 57
124 87
162 31
128 91
32 29
159 4
172 11
143 140
