123 90
126 110
128 96
124 110
89 52
90 21
125 23
79 45
165 134
123 93
93 21
159 138
132 10
127 124
86 21
126 122
49 20
159 139
132 5
107 66
81 52
149 107
10 5
150 105
93 90
142 82
96 93
152 111
86 52
169 158
50 19
93 52
149 66
127 91
165 160
151 146
173 169
168 164
53 41
158 132
37 28
84 81
124 88
159 137
123 21
12 9
125 122
86 54
42 38
107 65
156 130
95 14
80 45
52 19
89 86
16 12
79 76
155 133
149 65
138 2
142 80
90 86
93 86
131 96
49 16
157 150
144 29
79 53
165 158
89 19
47 15
96 23
154 131
150 115
118 113
38 4
66 28
50 47
74 65
137 2
159 2
155 97
95 17
93 19
146 137
46 42
154 122
167 36
54 23
71 68
146 2
47 11
173 11
168 165
171 43
105 42
158 5
144 66
144 32
149 116
115 112
75 53
20 14
65 35
150 139
125 105
142 15
65 28
134 31
143 62
20 17
65 32
46 43
84 73
164 42
139 2
96 48
156 75
163 138
170 144
79 75
86 83
128 21
79 41
142 89
114 49
174 43
126 80
85 81
115 30
118 115
40 33
85 80
143 138
130 13
163 36
89 81
83 18
155 131
151 89
156 146
146 140
48 41
67 55
53 35
116 107
145 32
148 37
116 66
136 102
76 45
166 40
41 37
122 28
143 137
65 62
97 37
158 10
150 36
52 21
14 3
18 6
167 142
131 97
145 33
154 148
150 135
150 136
18 8
98 85
159 146
131 62
170 3
104 23
92 12
96 4
134 62
149 24
33 17
66 32
161 131
74 41
162 108
95 20
136 30
99 28
168 128
9 6
131 85
74 62
75 41
83 42
148 118
66 24
130 35
79 62
157 115
134 21
40 14
146 127
122 104
84 55
151 7
81 45
161 143
66 35
142 38
123 89
107 28
97 11
105 40
163 159
128 114
159 4
166 65
174 171
174 16
164 161
172 153
144 95
92 19
106 102
69 62
149 29
124 91
161 35
166 99
38 2
96 92
125 24
88 45
139 134
95 9
85 36
71 62
135 30
92 50
47 43
97 49
80 38
74 2
127 40
54 21
128 13
166 66
148 53
14 9
161 40
170 75
131 104
88 78
105 30
95 49
166 162
50 45
170 50
82 67
116 31
109 33
106 103
76 51
97 10
129 97
85 17
137 30
90 123
110 126
96 128
110 124
52 89
21 90
23 125
45 79
134 165
93 123
21 93
138 159
10 132
124 127
21 86
122 126
20 49
139 159
5 132
66 107
52 81
107 149
5 10
105 150
90 93
82 142
93 96
111 152
52 86
158 169
19 50
52 93
66 149
91 127
160 165
146 151
169 173
164 168
41 53
132 158
28 37
81 84
88 124
137 159
21 123
9 12
122 125
54 86
38 42
65 107
130 156
14 95
45 80
19 52
86 89
12 16
76 79
133 155
65 149
2 138
80 142
86 90
86 93
96 131
16 49
150 157
29 144
53 79
158 165
19 89
15 47
23 96
131 154
115 150
113 118
4 38
28 66
47 50
65 74
2 137
2 159
97 155
17 95
19 93
137 146
42 46
122 154
36 167
23 54
68 71
2 146
11 47
11 173
165 168
43 171
42 105
5 158
66 144
32 144
116 149
112 115
53 75
14 20
35 65
139 150
105 125
15 142
28 65
31 134
62 143
17 20
32 65
43 46
73 84
42 164
2 139
48 96
75 156
138 163
144 170
75 79
83 86
21 128
41 79
89 142
49 114
43 174
80 126
81 85
30 115
115 118
33 40
80 85
138 143
13 130
36 163
81 89
18 83
131 155
89 151
146 156
140 146
41 48
55 67
35 53
107 116
32 145
37 148
66 116
102 136
45 76
40 166
37 41
28 122
137 143
62 65
37 97
10 158
36 150
21 52
3 14
6 18
142 167
97 131
33 145
148 154
135 150
136 150
8 18
85 98
146 159
62 131
3 170
23 104
12 92
4 96
62 134
24 149
17 33
32 66
131 161
41 74
108 162
20 95
30 136
28 99
128 168
6 9
85 131
62 74
41 75
42 83
118 148
24 66
35 130
62 79
115 157
21 134
14 40
127 146
104 122
55 84
7 151
45 81
143 161
35 66
38 142
89 123
28 107
11 97
40 105
159 163
114 128
4 159
65 166
171 174
16 174
161 164
153 172
95 144
19 92
102 106
62 69
29 149
91 124
35 161
99 166
2 38
92 96
24 125
45 88
134 139
9 95
36 85
62 71
30 135
50 92
43 47
49 97
38 80
2 74
40 127
21 54
13 128
66 166
53 148
9 14
40 161
75 170
104 131
78 88
30 105
49 95
162 166
45 50
50 170
67 82
31 116
33 109
103 106
51 76
10 97
97 129
17 85
30 137
