89 52
168 165
123 93
166 163
168 164
79 45
132 10
167 164
125 23
159 138
126 110
128 96
123 90
173 169
159 139
124 110
127 124
90 21
89 86
107 66
86 21
49 20
93 21
132 5
10 5
165 134
50 19
42 38
81 52
164 161
79 76
12 9
50 47
159 137
11 8
84 81
41 38
165 162
127 91
149 107
86 52
93 52
151 146
150 105
66 28
16 12
96 93
86 83
53 41
85 81
126 122
90 86
107 65
46 43
93 90
90 87
125 122
10 7
124 88
142 82
173 170
152 111
149 66
42 39
149 65
65 28
106 102
95 14
79 75
169 158
93 19
155 133
106 103
158 132
167 163
91 88
165 160
86 54
123 21
37 28
166 162
164 160
9 6
46 42
165 161
41 37
142 80
174 171
52 89
165 168
93 123
163 166
164 168
45 79
10 132
164 167
23 125
138 159
110 126
96 128
90 123
169 173
139 159
110 124
124 127
21 90
86 89
66 107
21 86
20 49
21 93
5 132
5 10
134 165
19 50
38 42
52 81
161 164
76 79
9 12
47 50
137 159
8 11
81 84
38 41
162 165
91 127
107 149
52 86
52 93
146 151
105 150
28 66
12 16
93 96
83 86
41 53
81 85
122 126
86 90
65 107
43 46
90 93
87 90
122 125
7 10
88 124
82 142
170 173
111 152
66 149
39 42
65 149
28 65
102 106
14 95
75 79
158 169
19 93
133 155
103 106
132 158
163 167
88 91
160 165
54 86
21 123
28 37
162 166
160 164
6 9
42 46
161 165
37 41
80 142
171 174
