89 52
168 165
123 93
166 163
168 164
79 45
132 10
167 164
125 23
159 138
126 110
128 96
123 90
173 169
159 139
124 110
127 124
90 21
89 86
107 66
86 21
49 20
93 21
132 5
10 5
165 134
50 19
42 38
81 52
164 161
79 76
12 9
50 47
159 137
11 8
84 81
41 38
165 162
127 91
149 107
86 52
93 52
151 146
150 105
66 28
16 12
96 93
86 83
53 41
85 81
126 122
90 86
107 65
46 43
93 90
90 87
125 122
10 7
124 88
142 82
173 170
152 111
149 66
42 39
149 65
65 28
106 102
95 14
79 75
169 158
93 19
155 133
106 103
158 132
167 163
91 88
165 160
86 54
123 21
37 28
166 162
164 160
9 6
46 42
165 161
41 37
142 80
174 171
169 166
43 39
105 102
144 32
80 45
49 16
65 62
65 32
85 82
156 130
71 68
65 35
47 43
157 150
10 6
96 23
52 19
89 85
172 169
126 123
85 80
6 3
79 53
123 88
155 131
115 112
131 96
88 85
45 42
31 28
174 43
5 2
171 168
136 30
43 40
143 138
173 11
52 21
144 66
89 19
144 29
47 15
50 20
40 37
107 104
61 58
96 92
158 5
138 2
104 101
150 115
146 137
20 14
125 105
156 131
123 89
171 43
154 122
105 101
169 165
79 41
95 17
131 97
142 15
163 160
145 33
92 19
6 2
118 113
154 131
62 59
47 44
135 30
143 62
93 86
14 3
20 17
134 31
38 4
69 62
165 158
96 48
146 2
84 80
155 97
150 139
92 18
11 7
137 2
136 102
124 121
163 138
150 135
12 8
153 150
139 2
143 137
149 105
115 30
167 36
9 5
86 53
29 26
127 21
86 82
54 23
44 41
105 42
145 32
144 31
87 84
63 60
75 53
91 87
18 6
45 41
7 4
111 108
47 11
67 55
139 136
172 11
35 32
125 24
174 170
128 125
154 148
118 115
95 49
84 73
66 35
13 9
64 61
122 104
166 40
92 88
18 8
123 91
134 30
174 169
74 65
15 12
172 168
144 65
164 42
16 13
44 40
103 100
49 19
91 21
141 138
171 8
50 46
126 80
159 2
48 45
173 15
68 62
17 14
174 16
93 18
60 57
62 58
34 31
140 82
116 66
92 89
122 110
139 135
48 44
89 81
162 159
166 65
163 159
76 45
88 45
38 2
52 89
165 168
93 123
163 166
164 168
45 79
10 132
164 167
23 125
138 159
110 126
96 128
90 123
169 173
139 159
110 124
124 127
21 90
86 89
66 107
21 86
20 49
21 93
5 132
5 10
134 165
19 50
38 42
52 81
161 164
76 79
9 12
47 50
137 159
8 11
81 84
38 41
162 165
91 127
107 149
52 86
52 93
146 151
105 150
28 66
12 16
93 96
83 86
41 53
81 85
122 126
86 90
65 107
43 46
90 93
87 90
122 125
7 10
88 124
82 142
170 173
111 152
66 149
39 42
65 149
28 65
102 106
14 95
75 79
158 169
19 93
133 155
103 106
132 158
163 167
88 91
160 165
54 86
21 123
28 37
162 166
160 164
6 9
42 46
161 165
37 41
80 142
171 174
166 169
39 43
102 105
32 144
45 80
16 49
62 65
32 65
82 85
130 156
68 71
35 65
43 47
150 157
6 10
23 96
19 52
85 89
169 172
123 126
80 85
3 6
53 79
88 123
131 155
112 115
96 131
85 88
42 45
28 31
43 174
2 5
168 171
30 136
40 43
138 143
11 173
21 52
66 144
19 89
29 144
15 47
20 50
37 40
104 107
58 61
92 96
5 158
2 138
101 104
115 150
137 146
14 20
105 125
131 156
89 123
43 171
122 154
101 105
165 169
41 79
17 95
97 131
15 142
160 163
33 145
19 92
2 6
113 118
131 154
59 62
44 47
30 135
62 143
86 93
3 14
17 20
31 134
4 38
62 69
158 165
48 96
2 146
80 84
97 155
139 150
18 92
7 11
2 137
102 136
121 124
138 163
135 150
8 12
150 153
2 139
137 143
105 149
30 115
36 167
5 9
53 86
26 29
21 127
82 86
23 54
41 44
42 105
32 145
31 144
84 87
60 63
53 75
87 91
6 18
41 45
4 7
108 111
11 47
55 67
136 139
11 172
32 35
24 125
170 174
125 128
148 154
115 118
49 95
73 84
35 66
9 13
61 64
104 122
40 166
88 92
8 18
91 123
30 134
169 174
65 74
12 15
168 172
65 144
42 164
13 16
40 44
100 103
19 49
21 91
138 141
8 171
46 50
80 126
2 159
45 48
15 173
62 68
14 17
16 174
18 93
57 60
58 62
31 34
82 140
66 116
89 92
110 122
135 139
44 48
81 89
159 162
65 166
159 163
45 76
45 88
2 38
