123 90
126 110
128 96
124 110
89 52
90 21
125 23
79 45
165 134
123 93
93 21
159 138
132 10
127 124
86 21
126 122
49 20
159 139
132 5
107 66
81 52
149 107
10 5
150 105
93 90
142 82
96 93
152 111
86 52
169 158
50 19
93 52
149 66
127 91
165 160
151 146
173 169
168 164
53 41
158 132
37 28
84 81
124 88
159 137
123 21
12 9
125 122
86 54
42 38
107 65
156 130
95 14
80 45
52 19
89 86
16 12
79 76
155 133
149 65
138 2
142 80
90 86
93 86
131 96
49 16
157 150
144 29
79 53
165 158
89 19
47 15
96 23
154 131
150 115
118 113
38 4
66 28
50 47
74 65
137 2
159 2
155 97
95 17
93 19
146 137
46 42
154 122
167 36
90 123
110 126
96 128
110 124
52 89
21 90
23 125
45 79
134 165
93 123
21 93
138 159
10 132
124 127
21 86
122 126
20 49
139 159
5 132
66 107
52 81
107 149
5 10
105 150
90 93
82 142
93 96
111 152
52 86
158 169
19 50
52 93
66 149
91 127
160 165
146 151
169 173
164 168
41 53
132 158
28 37
81 84
88 124
137 159
21 123
9 12
122 125
54 86
38 42
65 107
130 156
14 95
45 80
19 52
86 89
12 16
76 79
133 155
65 149
2 138
80 142
86 90
86 93
96 131
16 49
150 157
29 144
53 79
158 165
19 89
15 47
23 96
131 154
115 150
113 118
4 38
28 66
47 50
65 74
2 137
2 159
97 155
17 95
19 93
137 146
42 46
122 154
36 167
