166 163
168 165
167 164
168 164
164 161
79 76
46 43
127 124
173 169
84 81
42 39
165 162
90 87
41 38
12 9
159 138
89 86
9 6
42 38
169 166
85 82
105 102
10 7
173 170
166 162
165 161
90 86
126 110
125 122
85 81
86 83
91 88
11 8
93 90
124 110
167 163
50 19
106 103
90 21
172 169
104 101
50 47
123 90
89 52
10 5
61 58
106 102
5 2
79 45
43 40
126 123
126 122
43 39
164 160
159 139
49 20
159 137
6 3
125 23
93 21
10 6
138 135
86 52
107 65
71 68
16 12
174 171
107 66
46 42
165 134
62 59
50 20
86 54
66 28
169 165
132 10
11 7
41 37
139 136
31 28
124 88
65 62
128 96
171 168
107 104
96 93
151 146
47 43
17 14
80 45
88 85
93 19
85 80
44 41
65 28
63 60
163 160
123 88
174 170
67 64
81 52
9 5
47 44
86 82
44 40
91 87
165 160
125 105
112 109
156 131
155 131
29 26
156 130
49 16
115 112
158 132
30 27
79 75
127 91
150 105
84 80
155 133
135 30
92 19
45 42
122 119
125 110
48 45
103 100
12 8
34 31
139 135
20 17
6 2
152 111
7 4
153 150
80 77
149 107
45 41
145 32
141 138
89 85
123 89
70 67
16 13
40 37
51 19
60 57
87 84
86 53
49 19
69 62
78 75
163 159
95 14
174 43
53 41
79 53
93 52
93 20
13 9
124 121
8 5
83 80
144 32
105 101
142 139
86 21
155 152
92 89
137 134
132 5
75 53
107 103
109 106
173 11
163 166
165 168
164 167
164 168
161 164
76 79
43 46
124 127
169 173
81 84
39 42
162 165
87 90
38 41
9 12
138 159
86 89
6 9
38 42
166 169
82 85
102 105
7 10
170 173
162 166
161 165
86 90
110 126
122 125
81 85
83 86
88 91
8 11
90 93
110 124
163 167
19 50
103 106
21 90
169 172
101 104
47 50
90 123
52 89
5 10
58 61
102 106
2 5
45 79
40 43
123 126
122 126
39 43
160 164
139 159
20 49
137 159
3 6
23 125
21 93
6 10
135 138
52 86
65 107
68 71
12 16
171 174
66 107
42 46
134 165
59 62
20 50
54 86
28 66
165 169
10 132
7 11
37 41
136 139
28 31
88 124
62 65
96 128
168 171
104 107
93 96
146 151
43 47
14 17
45 80
85 88
19 93
80 85
41 44
28 65
60 63
160 163
88 123
170 174
64 67
52 81
5 9
44 47
82 86
40 44
87 91
160 165
105 125
109 112
131 156
131 155
26 29
130 156
16 49
112 115
132 158
27 30
75 79
91 127
105 150
80 84
133 155
30 135
19 92
42 45
119 122
110 125
45 48
100 103
8 12
31 34
135 139
17 20
2 6
111 152
4 7
150 153
77 80
107 149
41 45
32 145
138 141
85 89
89 123
67 70
13 16
37 40
19 51
57 60
84 87
53 86
19 49
62 69
75 78
159 163
14 95
43 174
41 53
53 79
52 93
20 93
9 13
121 124
5 8
80 83
32 144
101 105
139 142
21 86
152 155
89 92
134 137
5 132
53 75
103 107
106 109
11 173
