131 118
96 85
13 7
84 44
139 136
136 133
147 67
146 71
147 111
68 55
9 5
108 72
145 138
145 114
59 23
84 81
131 14
88 52
28 24
131 120
131 16
115 111
116 36
8 4
74 45
140 9
133 117
67 64
148 55
105 42
68 53
113 38
116 35
129 123
80 52
88 84
92 86
118 14
149 61
93 82
25 21
56 38
68 43
144 106
29 25
60 35
115 112
101 54
112 61
87 84
53 43
143 138
142 104
74 53
106 51
136 12
8 5
63 43
132 121
77 74
36 33
107 101
7 4
70 66
52 44
148 108
63 57
93 85
140 11
118 36
106 48
135 114
77 45
137 121
128 15
120 16
118 131
85 96
7 13
44 84
136 139
133 136
67 147
71 146
111 147
55 68
5 9
72 108
138 145
114 145
23 59
81 84
14 131
52 88
24 28
120 131
16 131
111 115
36 116
4 8
45 74
9 140
117 133
64 67
55 148
42 105
53 68
38 113
35 116
123 129
52 80
84 88
86 92
14 118
61 149
82 93
21 25
38 56
43 68
106 144
25 29
35 60
112 115
54 101
61 112
84 87
43 53
138 143
104 142
53 74
51 106
12 136
5 8
43 63
121 132
74 77
33 36
101 107
4 7
66 70
44 52
108 148
57 63
85 93
11 140
36 118
48 106
114 135
45 77
121 137
15 128
16 120
