26 23
27 24
139 136
70 67
28 25
27 23
28 24
8 5
138 135
29 25
136 133
7 4
87 84
29 26
8 4
86 83
9 5
70 66
71 67
71 68
96 85
85 82
88 84
30 27
30 26
137 134
138 134
7 3
140 137
131 118
69 66
9 6
139 135
25 22
115 112
87 83
131 120
145 138
84 81
25 21
13 7
147 67
88 85
88 52
115 111
108 72
114 111
59 23
52 44
80 52
146 71
136 132
74 45
84 44
129 123
67 64
68 55
26 22
131 14
137 133
140 136
145 114
143 138
6 3
10 7
93 85
116 35
86 82
68 53
53 43
116 36
131 16
68 65
129 120
148 55
72 68
78 44
147 111
36 33
116 113
77 45
130 120
31 27
72 69
144 106
60 35
140 9
56 38
69 65
129 16
77 74
141 138
149 61
113 38
129 122
31 28
101 54
93 82
53 45
74 53
68 43
133 117
92 86
118 14
10 6
130 15
37 32
130 121
130 14
142 104
106 51
105 42
51 45
112 61
131 119
89 86
79 43
23 20
61 57
36 32
130 123
63 57
21 18
141 137
135 114
118 36
37 26
6 2
107 101
95 91
93 86
128 17
24 21
13 6
132 121
11 7
25 20
78 43
134 114
12 7
89 85
85 81
106 48
61 58
130 16
11 6
108 71
95 92
52 43
120 32
117 114
80 42
