139 136
29 26
28 24
27 24
87 84
27 23
28 25
26 23
70 67
8 4
7 4
86 83
29 25
8 5
9 5
71 68
138 135
136 133
71 67
85 82
69 66
30 26
9 6
70 66
30 27
88 84
25 22
140 137
7 3
88 85
137 134
140 136
87 83
131 120
84 81
138 134
6 3
115 112
139 135
26 22
136 132
115 111
36 33
114 111
72 68
137 133
68 65
10 7
52 44
72 69
131 14
130 120
86 82
31 27
129 123
31 28
25 21
13 7
131 119
67 64
69 65
10 6
53 43
116 113
131 118
53 44
130 16
130 15
129 120
129 122
78 44
52 45
11 7
141 138
21 18
77 74
136 139
26 29
24 28
24 27
84 87
23 27
25 28
23 26
67 70
4 8
4 7
83 86
25 29
5 8
5 9
68 71
135 138
133 136
67 71
82 85
66 69
26 30
6 9
66 70
27 30
84 88
22 25
137 140
3 7
85 88
134 137
136 140
83 87
120 131
81 84
134 138
3 6
112 115
135 139
22 26
132 136
111 115
33 36
111 114
68 72
133 137
65 68
7 10
44 52
69 72
14 131
120 130
82 86
27 31
123 129
28 31
21 25
7 13
119 131
64 67
65 69
6 10
43 53
113 116
118 131
44 53
16 130
15 130
120 129
122 129
44 78
45 52
7 11
138 141
18 21
74 77
