131 118
96 85
13 7
84 44
139 136
136 133
147 67
146 71
147 111
68 55
9 5
108 72
145 138
145 114
59 23
84 81
131 14
88 52
28 24
131 120
131 16
115 111
116 36
8 4
74 45
140 9
133 117
67 64
148 55
105 42
68 53
113 38
116 35
129 123
80 52
88 84
92 86
118 14
149 61
93 82
25 21
56 38
68 43
144 106
29 25
60 35
115 112
101 54
112 61
87 84
53 43
143 138
142 104
74 53
106 51
136 12
8 5
63 43
132 121
77 74
36 33
107 101
7 4
70 66
52 44
148 108
63 57
93 85
140 11
118 36
106 48
135 114
77 45
137 121
128 15
120 16
136 132
114 111
15 3
139 135
78 44
129 122
138 114
84 52
72 68
72 53
138 135
120 32
131 36
13 6
128 17
148 57
28 25
137 109
63 41
21 18
97 91
80 42
25 20
7 3
37 32
70 67
146 108
53 45
34 23
61 57
22 18
120 30
137 98
89 42
130 6
88 80
76 64
119 38
10 7
85 42
121 99
85 82
145 109
37 26
145 113
134 114
130 123
108 68
77 53
81 78
108 71
96 42
71 67
34 24
105 85
119 113
12 7
126 92
127 18
149 57
107 56
51 45
86 83
65 43
138 134
31 27
100 91
54 40
29 5
129 120
30 26
79 43
121 98
105 54
141 99
59 27
29 19
91 39
30 18
75 69
105 88
57 41
81 44
139 9
134 117
22 19
141 107
149 110
95 91
124 40
97 40
130 99
119 116
87 83
89 44
140 2
78 72
27 23
130 101
122 40
74 51
148 37
25 22
141 110
129 30
59 37
37 27
126 122
93 79
142 12
14 11
105 52
143 109
126 95
146 111
65 41
63 59
55 43
129 37
148 63
37 30
126 97
129 18
12 8
126 93
93 86
124 91
109 56
101 97
129 93
117 114
145 135
148 72
108 55
88 42
144 87
113 70
27 24
79 41
26 23
147 115
83 69
79 40
77 65
59 38
130 13
113 109
89 85
59 26
137 97
95 30
34 16
