131 118
96 85
13 7
84 44
139 136
136 133
147 67
146 71
147 111
68 55
9 5
108 72
145 138
145 114
59 23
84 81
131 14
88 52
28 24
131 120
131 16
115 111
116 36
8 4
74 45
140 9
133 117
67 64
148 55
105 42
68 53
113 38
116 35
129 123
80 52
88 84
92 86
118 14
149 61
93 82
25 21
56 38
68 43
144 106
29 25
60 35
115 112
101 54
112 61
87 84
53 43
143 138
142 104
74 53
106 51
136 12
8 5
63 43
132 121
77 74
36 33
107 101
7 4
70 66
52 44
148 108
63 57
93 85
140 11
118 36
106 48
135 114
77 45
137 121
128 15
120 16
136 132
114 111
15 3
139 135
78 44
129 122
138 114
84 52
72 68
72 53
138 135
120 32
131 36
13 6
128 17
148 57
28 25
137 109
63 41
21 18
97 91
80 42
25 20
7 3
37 32
70 67
146 108
53 45
34 23
61 57
22 18
120 30
137 98
89 42
130 6
88 80
76 64
119 38
10 7
85 42
121 99
85 82
145 109
37 26
145 113
134 114
130 123
108 68
77 53
81 78
108 71
96 42
71 67
34 24
105 85
119 113
12 7
126 92
127 18
149 57
107 56
51 45
86 83
65 43
138 134
31 27
100 91
54 40
29 5
129 120
30 26
79 43
121 98
105 54
141 99
59 27
