26 23
27 24
139 136
70 67
28 25
27 23
28 24
8 5
138 135
29 25
136 133
7 4
87 84
29 26
8 4
86 83
9 5
70 66
71 67
71 68
96 85
85 82
88 84
30 27
30 26
137 134
138 134
7 3
140 137
131 118
69 66
9 6
139 135
25 22
115 112
87 83
131 120
145 138
84 81
25 21
13 7
147 67
88 85
88 52
115 111
108 72
114 111
59 23
52 44
80 52
146 71
136 132
74 45
84 44
129 123
67 64
68 55
26 22
131 14
137 133
140 136
145 114
143 138
6 3
10 7
93 85
116 35
86 82
68 53
53 43
116 36
131 16
68 65
129 120
148 55
72 68
78 44
147 111
36 33
116 113
77 45
130 120
31 27
72 69
144 106
60 35
140 9
56 38
69 65
129 16
77 74
141 138
149 61
113 38
129 122
31 28
101 54
93 82
53 45
74 53
68 43
133 117
92 86
118 14
10 6
130 15
37 32
130 121
130 14
142 104
106 51
105 42
51 45
112 61
131 119
89 86
79 43
23 20
61 57
36 32
130 123
63 57
21 18
141 137
135 114
118 36
37 26
6 2
107 101
95 91
93 86
128 17
24 21
13 6
132 121
11 7
25 20
78 43
134 114
12 7
89 85
85 81
106 48
61 58
130 16
11 6
108 71
95 92
52 43
120 32
117 114
80 42
145 113
68 64
52 45
136 12
72 53
129 121
113 110
63 43
77 44
15 3
132 119
22 19
148 108
53 44
96 93
131 36
34 24
121 99
116 112
129 15
34 23
142 139
120 16
128 15
148 57
137 109
89 42
79 42
76 64
142 138
145 109
81 78
146 108
63 41
119 116
22 18
97 91
32 29
128 123
131 15
130 13
140 11
121 98
114 110
14 11
91 39
146 111
62 59
51 44
129 18
54 42
138 114
129 17
128 125
126 92
94 91
144 138
79 44
55 43
137 121
84 80
5 2
79 41
84 52
77 73
132 14
37 27
126 122
131 121
120 30
137 132
32 28
127 18
143 139
100 91
128 122
23 26
24 27
136 139
67 70
25 28
23 27
24 28
5 8
135 138
25 29
133 136
4 7
84 87
26 29
4 8
83 86
5 9
66 70
67 71
68 71
85 96
82 85
84 88
27 30
26 30
134 137
134 138
3 7
137 140
118 131
66 69
6 9
135 139
22 25
112 115
83 87
120 131
138 145
81 84
21 25
7 13
67 147
85 88
52 88
111 115
72 108
111 114
23 59
44 52
52 80
71 146
132 136
45 74
44 84
123 129
64 67
55 68
22 26
14 131
133 137
136 140
114 145
138 143
3 6
7 10
85 93
35 116
82 86
53 68
43 53
36 116
16 131
65 68
120 129
55 148
68 72
44 78
111 147
33 36
113 116
45 77
120 130
27 31
69 72
106 144
35 60
9 140
38 56
65 69
16 129
74 77
138 141
61 149
38 113
122 129
28 31
54 101
82 93
45 53
53 74
43 68
117 133
86 92
14 118
6 10
15 130
32 37
121 130
14 130
104 142
51 106
42 105
45 51
61 112
119 131
86 89
43 79
20 23
57 61
32 36
123 130
57 63
18 21
137 141
114 135
36 118
26 37
2 6
101 107
91 95
86 93
17 128
21 24
6 13
121 132
7 11
20 25
43 78
114 134
7 12
85 89
81 85
48 106
58 61
16 130
6 11
71 108
92 95
43 52
32 120
114 117
42 80
113 145
64 68
45 52
12 136
53 72
121 129
110 113
43 63
44 77
3 15
119 132
19 22
108 148
44 53
93 96
36 131
24 34
99 121
112 116
15 129
23 34
139 142
16 120
15 128
57 148
109 137
42 89
42 79
64 76
138 142
109 145
78 81
108 146
41 63
116 119
18 22
91 97
29 32
123 128
15 131
13 130
11 140
98 121
110 114
11 14
39 91
111 146
59 62
44 51
18 129
42 54
114 138
17 129
125 128
92 126
91 94
138 144
44 79
43 55
121 137
80 84
2 5
41 79
52 84
73 77
14 132
27 37
122 126
121 131
30 120
132 137
28 32
18 127
139 143
91 100
122 128
