30 18
29 18
148 109
134 114
102 90
59 37
105 53
71 68
136 12
149 67
63 57
12 6
143 108
58 34
29 25
52 42
130 15
96 89
107 98
30 16
140 137
34 27
136 133
79 41
97 91
103 88
132 121
122 97
123 15
25 20
79 44
100 3
128 17
144 108
74 45
61 57
31 28
9 5
78 44
129 17
80 49
79 43
51 44
109 55
59 23
104 89
48 45
99 3
115 112
128 124
144 138
56 41
56 39
116 112
52 44
123 96
73 70
78 65
30 26
125 94
116 36
121 98
86 83
140 136
124 2
85 52
5 2
105 54
130 123
70 67
68 63
123 97
77 66
56 38
55 43
143 140
130 120
98 54
52 43
53 45
149 57
142 139
58 37
123 3
145 109
149 62
131 16
136 11
121 38
127 19
28 24
149 110
104 101
149 61
50 44
60 35
147 67
131 14
37 33
132 118
107 54
119 113
124 95
107 56
131 120
142 138
125 96
93 86
75 46
145 138
131 121
90 87
59 34
141 138
118 36
76 70
146 109
132 119
76 69
120 38
87 83
101 88
145 108
85 81
128 125
119 36
102 87
126 20
106 72
146 110
129 121
109 57
57 39
132 120
78 47
32 26
58 35
120 37
8 4
76 47
74 71
75 70
72 68
77 69
125 122
34 24
123 99
138 135
137 134
77 43
86 82
77 65
143 107
78 43
75 45
80 42
57 40
84 81
148 64
126 95
134 119
130 14
77 44
129 15
105 52
99 2
98 56
148 67
55 40
127 17
133 12
142 106
102 88
131 13
49 44
144 109
58 38
54 43
69 45
102 89
74 46
114 111
79 47
53 43
122 38
95 92
113 36
53 42
96 92
76 66
127 20
146 111
95 91
96 41
125 92
133 117
133 116
59 38
71 67
32 27
37 26
61 58
121 37
84 49
28 25
76 65
139 136
127 26
132 12
108 56
101 97
36 32
141 137
130 122
72 69
31 26
146 71
143 139
108 71
67 64
11 6
69 65
101 90
110 57
122 95
100 4
135 114
106 53
77 47
123 95
58 39
54 40
51 48
131 119
88 85
133 119
110 56
77 46
124 97
80 47
106 54
143 138
149 63
100 89
126 123
89 86
74 69
101 2
73 69
27 24
55 41
145 110
136 132
53 44
80 52
75 69
119 37
85 42
10 7
108 54
68 55
121 40
81 49
80 44
124 96
59 24
97 2
74 70
121 97
103 89
98 40
141 107
147 110
122 40
128 122
122 98
129 123
139 135
96 91
60 34
99 5
143 109
127 18
84 80
77 68
51 45
54 41
122 39
141 99
85 80
58 36
91 86
29 26
131 15
148 68
70 66
7 3
100 97
6 3
142 107
132 13
37 34
78 45
104 100
100 2
68 64
116 113
77 74
33 27
145 111
128 16
62 59
143 137
129 120
117 114
129 16
38 35
9 6
133 118
113 109
124 91
148 111
132 14
60 23
62 57
137 132
121 39
133 13
52 49
110 55
98 2
54 42
125 91
126 94
130 13
93 82
26 18
13 6
56 40
37 27
52 45
119 38
87 84
101 91
59 39
76 45
48 44
128 18
107 53
134 118
134 113
36 33
148 63
129 122
108 72
92 86
125 95
59 35
122 96
147 112
69 66
149 64
60 24
101 89
129 26
96 39
148 57
148 71
148 110
6 2
47 44
8 5
106 52
113 110
138 109
128 15
120 36
7 4
130 16
108 55
10 6
11 7
138 134
144 107
30 27
101 98
97 40
91 87
52 48
137 133
96 93
49 45
107 55
110 58
32 28
125 97
146 108
129 124
131 118
119 116
85 82
134 117
141 106
113 57
126 122
96 40
128 123
80 43
37 24
143 106
124 99
77 45
134 116
79 42
84 50
109 56
37 32
57 38
130 121
148 65
100 5
76 46
68 65
123 2
90 86
55 42
31 27
78 46
88 84
47 43
147 111
89 85
18 30
18 29
109 148
114 134
90 102
37 59
53 105
68 71
12 136
67 149
57 63
6 12
108 143
34 58
25 29
42 52
15 130
89 96
98 107
16 30
137 140
27 34
133 136
41 79
91 97
88 103
121 132
97 122
15 123
20 25
44 79
3 100
17 128
108 144
45 74
57 61
28 31
5 9
44 78
17 129
49 80
43 79
44 51
55 109
23 59
89 104
45 48
3 99
112 115
124 128
138 144
41 56
39 56
112 116
44 52
96 123
70 73
65 78
26 30
94 125
36 116
98 121
83 86
136 140
2 124
52 85
2 5
54 105
123 130
67 70
63 68
97 123
66 77
38 56
43 55
140 143
120 130
54 98
43 52
45 53
57 149
139 142
37 58
3 123
109 145
62 149
16 131
11 136
38 121
19 127
24 28
110 149
101 104
61 149
44 50
35 60
67 147
14 131
33 37
118 132
54 107
113 119
95 124
56 107
120 131
138 142
96 125
86 93
46 75
138 145
121 131
87 90
34 59
138 141
36 118
70 76
109 146
119 132
69 76
38 120
83 87
88 101
108 145
81 85
125 128
36 119
87 102
20 126
72 106
110 146
121 129
57 109
39 57
120 132
47 78
26 32
35 58
37 120
4 8
47 76
71 74
70 75
68 72
69 77
122 125
24 34
99 123
135 138
134 137
43 77
82 86
65 77
107 143
43 78
45 75
42 80
40 57
81 84
64 148
95 126
119 134
14 130
44 77
15 129
52 105
2 99
56 98
67 148
40 55
17 127
12 133
106 142
88 102
13 131
44 49
109 144
38 58
43 54
45 69
89 102
46 74
111 114
47 79
43 53
38 122
92 95
36 113
42 53
92 96
66 76
20 127
111 146
91 95
41 96
92 125
117 133
116 133
38 59
67 71
27 32
26 37
58 61
37 121
49 84
25 28
65 76
136 139
26 127
12 132
56 108
97 101
32 36
137 141
122 130
69 72
26 31
71 146
139 143
71 108
64 67
6 11
65 69
90 101
57 110
95 122
4 100
114 135
53 106
47 77
95 123
39 58
40 54
48 51
119 131
85 88
119 133
56 110
46 77
97 124
47 80
54 106
138 143
63 149
89 100
123 126
86 89
69 74
2 101
69 73
24 27
41 55
110 145
132 136
44 53
52 80
69 75
37 119
42 85
7 10
54 108
55 68
40 121
49 81
44 80
96 124
24 59
2 97
70 74
97 121
89 103
40 98
107 141
110 147
40 122
122 128
98 122
123 129
135 139
91 96
34 60
5 99
109 143
18 127
80 84
68 77
45 51
41 54
39 122
99 141
80 85
36 58
86 91
26 29
15 131
68 148
66 70
3 7
97 100
3 6
107 142
13 132
34 37
45 78
100 104
2 100
64 68
113 116
74 77
27 33
111 145
16 128
59 62
137 143
120 129
114 117
16 129
35 38
6 9
118 133
109 113
91 124
111 148
14 132
23 60
57 62
132 137
39 121
13 133
49 52
55 110
2 98
42 54
91 125
94 126
13 130
82 93
18 26
6 13
40 56
27 37
45 52
38 119
84 87
91 101
39 59
45 76
44 48
18 128
53 107
118 134
113 134
33 36
63 148
122 129
72 108
86 92
95 125
35 59
96 122
112 147
66 69
64 149
24 60
89 101
26 129
39 96
57 148
71 148
110 148
2 6
44 47
5 8
52 106
110 113
109 138
15 128
36 120
4 7
16 130
55 108
6 10
7 11
134 138
107 144
27 30
98 101
40 97
87 91
48 52
133 137
93 96
45 49
55 107
58 110
28 32
97 125
108 146
124 129
118 131
116 119
82 85
117 134
106 141
57 113
122 126
40 96
123 128
43 80
24 37
106 143
99 124
45 77
116 134
42 79
50 84
56 109
32 37
38 57
121 130
65 148
5 100
46 76
65 68
2 123
86 90
42 55
27 31
46 78
84 88
43 47
111 147
85 89
