190 179
117 40
99 41
44 41
119 116
99 95
101 95
146 143
98 41
91 41
149 145
122 73
94 41
99 44
66 63
110 62
188 48
178 159
92 78
91 80
173 129
175 162
205 18
188 181
121 77
100 96
112 109
172 18
176 38
94 91
161 147
129 125
182 53
128 125
99 45
26 20
121 37
186 181
113 100
133 96
122 77
111 69
158 152
177 162
121 40
103 96
46 10
126 117
92 74
161 112
115 112
159 147
95 41
99 42
15 12
92 40
47 7
175 113
176 126
88 84
179 103
126 103
159 151
95 44
18 15
19 11
97 61
205 202
153 145
41 19
103 53
103 47
101 45
168 165
53 47
103 8
99 94
107 103
124 13
159 121
130 92
148 143
181 109
81 16
190 103
111 70
132 119
161 144
73 70
180 18
176 18
118 73
87 63
121 38
176 104
50 7
107 96
142 16
178 148
19 14
115 96
176 173
204 127
204 201
178 89
98 44
189 128
197 193
65 62
110 60
182 110
101 53
37 34
106 103
94 52
143 113
174 146
120 81
46 39
93 74
99 91
127 16
154 132
18 12
9 6
180 120
127 37
115 34
204 200
195 192
59 39
41 12
191 8
16 12
123 119
97 93
195 170
187 8
187 123
22 19
143 59
126 110
82 19
102 56
155 127
158 148
46 28
141 138
79 14
110 107
116 103
51 47
146 140
39 31
191 187
137 74
63 60
39 36
139 46
137 92
196 192
204 147
108 104
199 84
138 130
101 41
174 18
148 144
147 130
101 94
147 142
101 63
91 44
100 53
83 17
43 14
183 148
45 41
193 160
118 69
140 9
144 71
78 74
113 57
163 130
52 47
190 53
39 16
201 193
187 112
201 196
130 18
69 66
201 195
87 58
183 138
142 78
190 155
204 38
67 62
94 84
101 69
38 15
190 181
91 14
88 75
137 32
70 27
