190 179
66 63
196 193
117 40
44 41
16 13
99 95
38 35
149 146
98 41
149 145
15 12
119 116
195 192
148 145
17 14
154 151
99 41
99 45
37 34
94 41
122 73
108 105
205 202
146 143
203 200
94 91
99 44
92 78
197 194
196 192
39 36
128 125
101 95
100 96
73 70
121 77
98 95
106 103
204 201
18 15
91 41
110 62
175 162
153 150
16 12
99 96
112 109
178 159
197 193
115 112
107 104
148 144
204 200
172 18
186 181
194 191
147 144
129 125
130 127
191 188
98 94
67 64
100 97
192 189
91 80
45 42
205 18
21 18
97 94
116 113
121 118
158 152
108 104
161 147
150 147
202 199
99 42
22 19
107 103
95 91
188 181
195 191
26 20
159 147
122 77
14 11
96 93
70 67
18 14
40 37
75 72
113 100
38 34
97 93
20 17
95 41
193 190
155 152
98 44
103 8
71 68
188 48
122 119
179 190
63 66
193 196
40 117
41 44
13 16
95 99
35 38
146 149
41 98
145 149
12 15
116 119
192 195
145 148
14 17
151 154
41 99
45 99
34 37
41 94
73 122
105 108
202 205
143 146
200 203
91 94
44 99
78 92
194 197
192 196
36 39
125 128
95 101
96 100
70 73
77 121
95 98
103 106
201 204
15 18
41 91
62 110
162 175
150 153
12 16
96 99
109 112
159 178
193 197
112 115
104 107
144 148
200 204
18 172
181 186
191 194
144 147
125 129
127 130
188 191
94 98
64 67
97 100
189 192
80 91
42 45
18 205
18 21
94 97
113 116
118 121
152 158
104 108
147 161
147 150
199 202
42 99
19 22
103 107
91 95
181 188
191 195
20 26
147 159
77 122
11 14
93 96
67 70
14 18
37 40
72 75
100 113
34 38
93 97
17 20
41 95
190 193
152 155
44 98
8 103
68 71
48 188
119 122
