190 179
66 63
196 193
117 40
44 41
16 13
99 95
38 35
149 146
98 41
149 145
15 12
119 116
195 192
148 145
17 14
154 151
99 41
99 45
37 34
94 41
122 73
108 105
205 202
146 143
203 200
94 91
99 44
92 78
197 194
196 192
39 36
128 125
101 95
100 96
73 70
121 77
98 95
106 103
204 201
18 15
91 41
110 62
175 162
153 150
16 12
99 96
112 109
178 159
197 193
115 112
107 104
148 144
204 200
172 18
186 181
194 191
147 144
129 125
130 127
191 188
98 94
67 64
100 97
192 189
91 80
45 42
205 18
21 18
97 94
116 113
121 118
158 152
108 104
161 147
150 147
202 199
99 42
22 19
107 103
95 91
188 181
195 191
26 20
159 147
122 77
14 11
96 93
70 67
18 14
40 37
75 72
113 100
38 34
97 93
20 17
95 41
193 190
155 152
98 44
103 8
71 68
188 48
122 119
123 120
120 117
74 71
17 13
39 35
77 74
88 84
47 7
53 47
198 195
65 62
122 118
173 129
66 62
69 66
28 25
152 149
45 41
117 114
177 162
153 149
95 92
50 47
202 198
99 94
88 85
176 38
101 45
101 53
98 42
182 53
15 11
103 47
129 126
159 151
168 165
110 107
176 173
46 43
147 143
191 187
111 69
92 74
52 49
63 60
131 128
39 14
76 73
114 111
19 11
120 116
205 201
155 151
9 6
203 199
46 10
29 26
67 63
132 129
156 152
51 47
150 146
190 181
176 126
118 115
36 33
124 121
133 130
19 15
87 84
92 40
201 198
19 16
110 60
98 43
101 98
52 47
141 138
121 37
68 65
99 46
190 187
21 17
103 53
18 12
19 14
198 194
184 181
115 111
194 190
93 90
93 74
121 40
154 150
133 96
187 181
151 148
94 90
121 117
123 119
29 25
99 43
190 180
37 33
30 27
175 113
113 110
95 44
193 189
153 145
132 128
101 41
100 45
71 67
111 70
111 108
101 56
38 15
169 166
64 61
91 79
91 78
101 97
41 19
22 18
46 8
72 69
186 183
199 195
70 66
119 115
127 16
176 161
75 71
185 181
81 16
157 154
131 127
192 188
41 12
199 196
82 19
37 16
78 75
177 160
116 112
27 24
98 45
151 147
200 195
148 143
185 182
78 74
118 73
159 121
200 197
159 148
143 113
109 106
126 117
52 48
161 112
126 103
158 148
73 69
179 103
100 95
189 179
44 40
159 156
100 53
109 60
200 196
74 70
176 162
50 7
156 153
67 62
10 7
103 96
178 148
26 23
176 18
47 8
47 6
50 46
19 13
158 151
51 48
118 114
13 10
96 92
37 15
182 110
121 38
23 20
30 26
117 113
110 67
24 21
130 126
97 61
34 31
79 14
72 68
127 124
148 131
101 94
