190 179
117 40
99 41
44 41
119 116
99 95
101 95
146 143
98 41
91 41
149 145
122 73
94 41
99 44
66 63
110 62
188 48
178 159
92 78
91 80
173 129
175 162
205 18
188 181
121 77
100 96
112 109
172 18
176 38
94 91
161 147
129 125
182 53
128 125
99 45
26 20
121 37
186 181
113 100
133 96
122 77
111 69
158 152
177 162
121 40
103 96
46 10
126 117
92 74
161 112
115 112
159 147
95 41
99 42
15 12
92 40
47 7
175 113
176 126
88 84
179 103
126 103
159 151
95 44
18 15
19 11
97 61
205 202
153 145
41 19
103 53
103 47
101 45
168 165
53 47
103 8
99 94
107 103
124 13
159 121
130 92
148 143
181 109
81 16
190 103
111 70
132 119
161 144
73 70
180 18
176 18
118 73
87 63
121 38
176 104
50 7
107 96
142 16
178 148
19 14
115 96
176 173
204 127
204 201
178 89
98 44
189 128
197 193
65 62
110 60
182 110
101 53
37 34
106 103
94 52
143 113
174 146
120 81
46 39
93 74
99 91
127 16
154 132
18 12
9 6
180 120
127 37
115 34
204 200
195 192
59 39
41 12
191 8
16 12
123 119
97 93
195 170
187 8
187 123
22 19
143 59
126 110
82 19
102 56
155 127
158 148
46 28
141 138
79 14
110 107
116 103
51 47
146 140
39 31
191 187
137 74
63 60
39 36
139 46
137 92
196 192
204 147
108 104
199 84
138 130
101 41
174 18
148 144
147 130
101 94
147 142
101 63
91 44
100 53
83 17
43 14
183 148
45 41
193 160
118 69
140 9
144 71
78 74
113 57
163 130
52 47
190 53
39 16
201 193
187 112
201 196
130 18
69 66
201 195
87 58
183 138
142 78
190 155
204 38
67 62
94 84
101 69
38 15
190 181
91 14
88 75
137 32
70 27
204 131
151 14
46 8
43 9
174 79
167 68
176 17
98 91
118 77
113 45
200 151
189 158
60 55
166 11
39 14
40 37
189 179
202 147
170 40
205 91
109 60
96 55
110 67
25 16
179 113
142 17
10 7
97 13
116 109
180 38
44 12
38 19
136 87
161 140
203 200
149 68
140 131
161 125
187 7
79 39
152 68
43 11
186 161
203 185
125 78
57 38
159 78
125 117
194 191
191 136
123 58
169 150
163 78
124 4
172 156
14 11
183 128
161 157
115 94
185 67
127 121
70 67
38 34
176 152
198 84
101 57
95 91
116 113
94 51
37 16
148 131
98 46
110 97
129 113
115 111
160 8
204 117
88 79
114 92
134 27
190 100
90 55
47 6
140 115
120 41
184 106
40 14
183 153
162 55
140 128
200 72
149 128
159 14
200 114
147 141
202 144
196 173
79 43
74 71
36 11
179 20
123 74
119 115
92 39
179 190
40 117
41 99
41 44
116 119
95 99
95 101
143 146
41 98
41 91
145 149
73 122
41 94
44 99
63 66
62 110
48 188
159 178
78 92
80 91
129 173
162 175
18 205
181 188
77 121
96 100
109 112
18 172
38 176
91 94
147 161
125 129
53 182
125 128
45 99
20 26
37 121
181 186
100 113
96 133
77 122
69 111
152 158
162 177
40 121
96 103
10 46
117 126
74 92
112 161
112 115
147 159
41 95
42 99
12 15
40 92
7 47
113 175
126 176
84 88
103 179
103 126
151 159
44 95
15 18
11 19
61 97
202 205
145 153
19 41
53 103
47 103
45 101
165 168
47 53
8 103
94 99
103 107
13 124
121 159
92 130
143 148
109 181
16 81
103 190
70 111
119 132
144 161
70 73
18 180
18 176
73 118
63 87
38 121
104 176
7 50
96 107
16 142
148 178
14 19
96 115
173 176
127 204
201 204
89 178
44 98
128 189
193 197
62 65
60 110
110 182
53 101
34 37
103 106
52 94
113 143
146 174
81 120
39 46
74 93
91 99
16 127
132 154
12 18
6 9
120 180
37 127
34 115
200 204
192 195
39 59
12 41
8 191
12 16
119 123
93 97
170 195
8 187
123 187
19 22
59 143
110 126
19 82
56 102
127 155
148 158
28 46
138 141
14 79
107 110
103 116
47 51
140 146
31 39
187 191
74 137
60 63
36 39
46 139
92 137
192 196
147 204
104 108
84 199
130 138
41 101
18 174
144 148
130 147
94 101
142 147
63 101
44 91
53 100
17 83
14 43
148 183
41 45
160 193
69 118
9 140
71 144
74 78
57 113
130 163
47 52
53 190
16 39
193 201
112 187
196 201
18 130
66 69
195 201
58 87
138 183
78 142
155 190
38 204
62 67
84 94
69 101
15 38
181 190
14 91
75 88
32 137
27 70
131 204
14 151
8 46
9 43
79 174
68 167
17 176
91 98
77 118
45 113
151 200
158 189
55 60
11 166
14 39
37 40
179 189
147 202
40 170
91 205
60 109
55 96
67 110
16 25
113 179
17 142
7 10
13 97
109 116
38 180
12 44
19 38
87 136
140 161
200 203
68 149
131 140
125 161
7 187
39 79
68 152
11 43
161 186
185 203
78 125
38 57
78 159
117 125
191 194
136 191
58 123
150 169
78 163
4 124
156 172
11 14
128 183
157 161
94 115
67 185
121 127
67 70
34 38
152 176
84 198
57 101
91 95
113 116
51 94
16 37
131 148
46 98
97 110
113 129
111 115
8 160
117 204
79 88
92 114
27 134
100 190
55 90
6 47
115 140
41 120
106 184
14 40
153 183
55 162
128 140
72 200
128 149
14 159
114 200
141 147
144 202
173 196
43 79
71 74
11 36
20 179
74 123
115 119
39 92
