98 94
99 45
159 151
151 129
87 30
97 61
176 151
122 119
178 11
205 139
177 11
176 162
34 29
156 153
118 78
81 26
202 199
124 121
204 15
172 165
107 100
176 160
82 27
86 80
198 171
175 15
98 95
155 124
140 136
178 155
150 129
146 133
45 8
81 16
124 11
147 133
202 173
205 172
129 125
117 78
147 143
200 143
179 10
178 10
32 29
46 10
75 29
178 151
150 130
53 5
103 100
97 55
179 11
114 92
114 96
159 155
102 54
161 144
159 148
83 27
110 60
44 10
152 149
34 16
38 14
189 179
110 100
38 16
68 65
46 7
26 19
88 80
184 180
77 73
78 74
151 148
149 145
88 78
20 17
102 45
95 42
100 45
98 54
180 11
187 155
130 127
193 160
175 13
120 11
169 165
167 23
102 56
114 110
136 131
185 180
39 15
203 140
118 114
87 75
166 21
204 139
38 13
173 163
182 7
137 17
78 40
26 20
176 173
203 170
120 116
117 43
178 120
116 113
204 172
111 70
85 30
121 40
201 141
70 67
74 70
95 43
32 28
115 112
120 43
151 147
81 29
153 149
85 28
180 43
52 44
199 144
194 177
204 173
205 137
99 44
66 63
34 28
116 107
93 62
105 6
133 129
39 14
146 135
104 60
114 67
99 42
139 136
184 107
103 9
89 62
116 112
89 64
182 106
42 11
132 128
196 163
194 160
174 15
86 27
92 74
174 18
147 130
201 144
121 117
188 181
166 22
150 135
102 57
19 14
40 13
99 43
101 97
199 163
180 8
21 18
43 11
188 157
167 21
187 179
202 171
99 54
197 171
176 126
86 29
73 70
102 99
76 35
129 126
126 13
153 150
86 30
202 147
189 157
146 143
80 29
204 135
154 129
93 89
113 109
43 40
182 9
174 163
79 34
157 152
137 127
75 72
202 172
97 93
100 43
92 89
154 151
171 164
103 99
186 181
89 86
118 74
102 53
186 180
99 96
192 48
137 36
106 5
180 10
53 45
109 104
121 77
184 9
192 49
71 68
194 162
190 179
199 171
158 148
98 55
178 124
154 150
71 64
82 26
105 5
203 173
112 109
117 11
83 24
115 67
164 22
46 9
198 162
39 13
53 47
170 166
177 12
26 22
191 188
155 129
101 58
44 11
111 69
96 92
171 163
48 7
114 74
131 128
125 122
177 162
39 34
127 38
102 55
100 96
106 103
33 28
187 178
101 60
103 6
88 79
204 136
118 115
178 159
185 181
100 56
79 29
43 9
135 130
50 46
81 28
90 87
56 53
202 141
201 142
183 106
22 19
104 57
150 146
45 5
47 7
117 40
102 5
120 117
41 12
115 70
177 161
112 108
155 152
117 42
165 22
101 56
198 163
175 18
167 22
76 72
43 12
202 198
203 142
77 40
116 43
180 120
203 139
103 45
90 80
37 34
191 7
190 157
91 88
123 119
53 46
202 161
176 161
41 14
40 12
112 107
110 96
108 104
204 141
61 58
179 157
111 66
182 8
205 166
92 78
172 166
192 50
87 31
52 47
103 43
151 126
205 18
107 104
187 181
188 180
118 77
18 14
189 158
173 15
169 166
190 10
113 43
191 179
132 129
158 152
119 116
150 132
79 76
19 16
176 159
175 12
58 55
191 8
203 166
83 25
115 111
90 86
197 163
52 46
84 27
95 92
100 95
113 100
77 74
85 29
180 9
147 144
142 135
181 9
204 140
158 151
101 98
91 80
178 157
204 130
188 8
105 4
127 37
113 110
161 147
7 4
186 183
118 40
88 29
21 17
101 57
190 158
121 118
194 10
134 131
52 6
184 181
172 164
113 103
177 159
198 161
93 90
88 75
164 18
113 96
205 173
92 64
42 12
176 12
156 152
172 21
149 146
67 64
96 93
36 16
187 157
87 29
83 26
174 19
171 165
201 171
205 15
177 160
77 39
44 12
202 144
173 147
202 163
126 38
60 57
40 14
20 16
71 67
173 142
184 106
93 61
133 130
175 161
78 39
117 113
102 6
97 58
94 90
179 9
128 125
68 64
90 82
118 73
129 124
41 13
51 47
117 114
175 14
81 19
175 162
178 160
205 21
159 152
103 5
179 8
101 55
176 13
102 52
88 74
150 133
85 27
181 8
92 62
146 142
47 6
204 138
193 177
166 18
99 95
97 94
101 96
92 88
151 130
173 161
124 13
188 179
110 67
175 41
119 115
37 16
135 132
96 62
204 142
192 46
81 34
121 39
100 97
104 100
148 145
44 9
76 73
196 162
18 15
123 120
95 91
50 47
22 18
91 78
147 135
172 18
52 45
74 71
79 39
155 151
111 67
114 70
205 17
173 18
75 71
177 10
121 13
121 78
124 120
104 101
104 56
118 70
79 16
182 6
176 38
79 75
135 131
147 142
75 31
110 66
131 127
203 172
174 162
122 118
137 15
81 20
191 48
53 6
187 180
45 9
130 126
184 116
194 50
193 190
102 98
74 67
46 8
109 66
110 63
198 144
110 62
78 42
48 8
190 160
97 62
203 141
42 10
204 137
19 15
114 111
43 10
150 147
161 148
94 91
170 165
46 6
174 164
201 143
190 8
172 163
202 142
113 107
51 46
203 171
45 6
107 103
136 130
91 82
190 177
38 15
148 144
187 156
174 14
152 148
78 75
39 16
81 27
200 144
