190 179
117 40
99 41
44 41
119 116
99 95
101 95
146 143
98 41
91 41
149 145
122 73
94 41
99 44
66 63
110 62
188 48
178 159
92 78
91 80
173 129
175 162
205 18
188 181
121 77
100 96
112 109
172 18
176 38
94 91
161 147
129 125
182 53
128 125
99 45
26 20
121 37
186 181
113 100
133 96
122 77
111 69
158 152
177 162
121 40
103 96
46 10
126 117
92 74
161 112
115 112
159 147
95 41
99 42
15 12
92 40
47 7
175 113
176 126
88 84
179 103
126 103
159 151
95 44
18 15
19 11
97 61
205 202
153 145
41 19
103 53
103 47
101 45
168 165
53 47
103 8
99 94
107 103
124 13
159 121
130 92
148 143
181 109
81 16
190 103
111 70
132 119
161 144
73 70
180 18
176 18
118 73
87 63
121 38
176 104
50 7
107 96
142 16
178 148
19 14
115 96
176 173
204 127
204 201
179 190
40 117
41 99
41 44
116 119
95 99
95 101
143 146
41 98
41 91
145 149
73 122
41 94
44 99
63 66
62 110
48 188
159 178
78 92
80 91
129 173
162 175
18 205
181 188
77 121
96 100
109 112
18 172
38 176
91 94
147 161
125 129
53 182
125 128
45 99
20 26
37 121
181 186
100 113
96 133
77 122
69 111
152 158
162 177
40 121
96 103
10 46
117 126
74 92
112 161
112 115
147 159
41 95
42 99
12 15
40 92
7 47
113 175
126 176
84 88
103 179
103 126
151 159
44 95
15 18
11 19
61 97
202 205
145 153
19 41
53 103
47 103
45 101
165 168
47 53
8 103
94 99
103 107
13 124
121 159
92 130
143 148
109 181
16 81
103 190
70 111
119 132
144 161
70 73
18 180
18 176
73 118
63 87
38 121
104 176
7 50
96 107
16 142
148 178
14 19
96 115
173 176
127 204
201 204
