190 179
66 63
196 193
117 40
44 41
16 13
99 95
38 35
149 146
98 41
149 145
15 12
119 116
195 192
148 145
17 14
154 151
99 41
99 45
37 34
94 41
122 73
108 105
205 202
146 143
203 200
94 91
99 44
92 78
197 194
196 192
39 36
128 125
101 95
100 96
73 70
121 77
98 95
106 103
204 201
18 15
91 41
110 62
175 162
153 150
16 12
99 96
112 109
178 159
197 193
115 112
107 104
148 144
204 200
172 18
186 181
194 191
147 144
129 125
130 127
191 188
98 94
67 64
100 97
192 189
91 80
45 42
205 18
21 18
97 94
116 113
121 118
158 152
108 104
161 147
150 147
202 199
99 42
22 19
107 103
95 91
188 181
195 191
26 20
159 147
122 77
14 11
96 93
70 67
18 14
40 37
75 72
113 100
38 34
97 93
20 17
95 41
193 190
155 152
98 44
103 8
71 68
188 48
122 119
123 120
120 117
74 71
17 13
39 35
77 74
88 84
47 7
53 47
198 195
65 62
122 118
173 129
66 62
69 66
28 25
152 149
45 41
117 114
177 162
153 149
95 92
50 47
202 198
99 94
88 85
176 38
101 45
101 53
98 42
182 53
15 11
103 47
129 126
159 151
168 165
110 107
176 173
46 43
147 143
191 187
111 69
92 74
52 49
63 60
131 128
39 14
76 73
114 111
19 11
120 116
205 201
155 151
9 6
203 199
46 10
29 26
67 63
132 129
156 152
51 47
150 146
190 181
176 126
118 115
36 33
124 121
133 130
19 15
87 84
92 40
201 198
19 16
110 60
98 43
101 98
52 47
141 138
121 37
68 65
99 46
190 187
21 17
103 53
18 12
19 14
198 194
184 181
115 111
194 190
93 90
93 74
121 40
154 150
133 96
187 181
151 148
94 90
121 117
123 119
29 25
99 43
190 180
37 33
179 190
63 66
193 196
40 117
41 44
13 16
95 99
35 38
146 149
41 98
145 149
12 15
116 119
192 195
145 148
14 17
151 154
41 99
45 99
34 37
41 94
73 122
105 108
202 205
143 146
200 203
91 94
44 99
78 92
194 197
192 196
36 39
125 128
95 101
96 100
70 73
77 121
95 98
103 106
201 204
15 18
41 91
62 110
162 175
150 153
12 16
96 99
109 112
159 178
193 197
112 115
104 107
144 148
200 204
18 172
181 186
191 194
144 147
125 129
127 130
188 191
94 98
64 67
97 100
189 192
80 91
42 45
18 205
18 21
94 97
113 116
118 121
152 158
104 108
147 161
147 150
199 202
42 99
19 22
103 107
91 95
181 188
191 195
20 26
147 159
77 122
11 14
93 96
67 70
14 18
37 40
72 75
100 113
34 38
93 97
17 20
41 95
190 193
152 155
44 98
8 103
68 71
48 188
119 122
120 123
117 120
71 74
13 17
35 39
74 77
84 88
7 47
47 53
195 198
62 65
118 122
129 173
62 66
66 69
25 28
149 152
41 45
114 117
162 177
149 153
92 95
47 50
198 202
94 99
85 88
38 176
45 101
53 101
42 98
53 182
11 15
47 103
126 129
151 159
165 168
107 110
173 176
43 46
143 147
187 191
69 111
74 92
49 52
60 63
128 131
14 39
73 76
111 114
11 19
116 120
201 205
151 155
6 9
199 203
10 46
26 29
63 67
129 132
152 156
47 51
146 150
181 190
126 176
115 118
33 36
121 124
130 133
15 19
84 87
40 92
198 201
16 19
60 110
43 98
98 101
47 52
138 141
37 121
65 68
46 99
187 190
17 21
53 103
12 18
14 19
194 198
181 184
111 115
190 194
90 93
74 93
40 121
150 154
96 133
181 187
148 151
90 94
117 121
119 123
25 29
43 99
180 190
33 37
