12 8
13 10
11 8
12 9
13 9
103 100
90 87
102 99
14 10
44 41
89 85
76 73
104 101
22 19
11 7
105 101
103 99
98 95
10 7
22 18
79 25
20 17
89 86
105 102
100 97
90 86
84 81
43 40
45 42
83 80
42 39
88 85
21 17
104 100
15 12
45 12
85 82
46 43
99 96
41 16
100 4
65 62
14 11
21 18
45 41
17 14
37 23
49 8
46 42
85 81
87 84
47 44
108 105
77 74
90 21
97 94
98 88
82 79
88 84
99 95
100 96
15 11
91 88
5 2
101 98
44 40
86 21
86 83
101 97
111 108
102 98
110 107
67 64
109 106
83 79
76 72
66 63
87 83
84 80
102 85
91 87
16 12
91 14
106 103
41 38
17 13
23 20
107 104
43 39
30 27
16 13
24 21
106 102
69 66
91 13
86 82
90 17
111 107
79 27
98 94
98 89
23 19
18 15
112 109
24 20
41 20
49 46
109 105
33 29
78 75
57 46
31 28
52 49
47 43
20 16
71 68
32 29
28 25
10 6
107 103
6 3
42 12
82 78
50 47
77 73
82 27
19 15
18 14
40 37
66 62
53 50
51 48
82 25
110 106
91 17
68 65
33 30
32 28
78 74
92 88
83 21
97 93
19 16
87 21
79 76
76 31
55 50
42 38
83 22
45 8
32 23
101 88
106 85
67 63
70 67
48 45
112 108
113 109
105 84
39 36
84 18
47 19
41 37
31 27
54 50
45 16
95 89
69 65
55 49
61 46
46 8
49 45
48 44
108 104
8 12
10 13
8 11
9 12
9 13
100 103
87 90
99 102
10 14
41 44
85 89
73 76
101 104
19 22
7 11
101 105
99 103
95 98
7 10
18 22
25 79
17 20
86 89
102 105
97 100
86 90
81 84
40 43
42 45
80 83
39 42
85 88
17 21
100 104
12 15
12 45
82 85
43 46
96 99
16 41
4 100
62 65
11 14
18 21
41 45
14 17
23 37
8 49
42 46
81 85
84 87
44 47
105 108
74 77
21 90
94 97
88 98
79 82
84 88
95 99
96 100
11 15
88 91
2 5
98 101
40 44
21 86
83 86
97 101
108 111
98 102
107 110
64 67
106 109
79 83
72 76
63 66
83 87
80 84
85 102
87 91
12 16
14 91
103 106
38 41
13 17
20 23
104 107
39 43
27 30
13 16
21 24
102 106
66 69
13 91
82 86
17 90
107 111
27 79
94 98
89 98
19 23
15 18
109 112
20 24
20 41
46 49
105 109
29 33
75 78
46 57
28 31
49 52
43 47
16 20
68 71
29 32
25 28
6 10
103 107
3 6
12 42
78 82
47 50
73 77
27 82
15 19
14 18
37 40
62 66
50 53
48 51
25 82
106 110
17 91
65 68
30 33
28 32
74 78
88 92
21 83
93 97
16 19
21 87
76 79
31 76
50 55
38 42
22 83
8 45
23 32
88 101
85 106
63 67
67 70
45 48
108 112
109 113
84 105
36 39
18 84
19 47
37 41
27 31
50 54
16 45
89 95
65 69
49 55
46 61
8 46
45 49
44 48
104 108
