57 50
21 17
101 5
45 8
41 15
37 32
113 74
98 95
9 6
18 14
76 28
90 17
66 61
45 11
7 3
50 46
44 41
48 44
60 43
16 12
107 104
111 64
41 19
86 83
28 25
52 11
11 7
83 79
49 46
76 31
11 2
22 18
111 67
79 27
93 90
92 88
58 51
85 82
41 37
89 85
99 95
76 27
10 6
29 26
112 63
113 109
47 43
111 63
45 42
41 12
25 21
14 11
83 25
35 31
80 28
83 21
80 22
83 22
112 108
49 2
97 4
89 86
92 89
110 64
11 6
105 48
43 40
101 97
85 81
104 51
35 32
80 76
51 48
18 15
105 81
83 80
52 5
37 19
25 22
97 88
102 85
45 41
108 105
22 19
46 42
20 17
77 73
58 46
112 77
105 102
101 93
102 88
93 14
97 94
84 81
29 22
79 75
15 11
54 2
33 30
72 31
56 50
101 84
105 84
53 2
101 52
113 76
66 62
17 14
54 3
68 64
91 10
14 10
13 9
91 13
103 100
5 2
93 89
98 93
58 50
87 18
91 87
111 62
19 16
32 22
32 23
113 110
67 63
29 24
87 21
101 88
30 26
112 70
84 14
50 47
31 28
98 85
81 78
41 38
112 72
44 19
40 36
104 100
100 97
15 12
107 103
78 75
88 84
52 49
111 66
102 81
10 7
91 17
87 14
87 84
68 65
105 51
53 49
11 5
65 62
93 5
75 27
113 72
112 109
56 46
12 9
33 29
40 19
99 96
97 93
49 11
44 40
65 61
39 36
76 72
100 96
113 67
78 74
106 81
87 15
17 13
12 8
83 18
40 35
37 23
104 101
49 7
52 48
91 88
41 16
39 35
88 85
16 13
103 99
40 37
79 28
23 19
51 47
45 15
13 10
109 106
67 64
48 15
93 88
113 73
86 21
44 18
100 4
109 77
63 47
53 50
104 48
77 72
105 101
54 49
86 82
88 5
82 79
81 77
11 8
82 78
76 73
24 20
111 108
19 15
91 14
52 2
98 88
70 67
47 44
24 21
54 50
108 63
28 22
48 11
72 67
102 82
45 12
101 98
60 47
42 39
102 98
14 5
6 3
79 76
112 67
56 49
109 74
40 32
87 17
8 2
46 43
106 102
20 16
77 74
10 5
49 45
98 89
79 25
88 14
43 39
66 63
97 5
58 47
83 28
90 87
32 19
90 86
44 15
106 103
6 2
32 29
29 25
42 38
87 83
80 77
113 77
7 2
23 20
104 52
102 84
95 89
21 18
86 17
70 31
102 99
49 8
29 23
60 46
48 45
84 18
107 51
98 94
84 80
32 28
50 57
17 21
5 101
8 45
15 41
32 37
74 113
95 98
6 9
14 18
28 76
17 90
61 66
11 45
3 7
46 50
41 44
44 48
43 60
12 16
104 107
64 111
19 41
83 86
25 28
11 52
7 11
79 83
46 49
31 76
2 11
18 22
67 111
27 79
90 93
88 92
51 58
82 85
37 41
85 89
95 99
27 76
6 10
26 29
63 112
109 113
43 47
63 111
42 45
12 41
21 25
11 14
25 83
31 35
28 80
21 83
22 80
22 83
108 112
2 49
4 97
86 89
89 92
64 110
6 11
48 105
40 43
97 101
81 85
51 104
32 35
76 80
48 51
15 18
81 105
80 83
5 52
19 37
22 25
88 97
85 102
41 45
105 108
19 22
42 46
17 20
73 77
46 58
77 112
102 105
93 101
88 102
14 93
94 97
81 84
22 29
75 79
11 15
2 54
30 33
31 72
50 56
84 101
84 105
2 53
52 101
76 113
62 66
14 17
3 54
64 68
10 91
10 14
9 13
13 91
100 103
2 5
89 93
93 98
50 58
18 87
87 91
62 111
16 19
22 32
23 32
110 113
63 67
24 29
21 87
88 101
26 30
70 112
14 84
47 50
28 31
85 98
78 81
38 41
72 112
19 44
36 40
100 104
97 100
12 15
103 107
75 78
84 88
49 52
66 111
81 102
7 10
17 91
14 87
84 87
65 68
51 105
49 53
5 11
62 65
5 93
27 75
72 113
109 112
46 56
9 12
29 33
19 40
96 99
93 97
11 49
40 44
61 65
36 39
72 76
96 100
67 113
74 78
81 106
15 87
13 17
8 12
18 83
35 40
23 37
101 104
7 49
48 52
88 91
16 41
35 39
85 88
13 16
99 103
37 40
28 79
19 23
47 51
15 45
10 13
106 109
64 67
15 48
88 93
73 113
21 86
18 44
4 100
77 109
47 63
50 53
48 104
72 77
101 105
49 54
82 86
5 88
79 82
77 81
8 11
78 82
73 76
20 24
108 111
15 19
14 91
2 52
88 98
67 70
44 47
21 24
50 54
63 108
22 28
11 48
67 72
82 102
12 45
98 101
47 60
39 42
98 102
5 14
3 6
76 79
67 112
49 56
74 109
32 40
17 87
2 8
43 46
102 106
16 20
74 77
5 10
45 49
89 98
25 79
14 88
39 43
63 66
5 97
47 58
28 83
87 90
19 32
86 90
15 44
103 106
2 6
29 32
25 29
38 42
83 87
77 80
77 113
2 7
20 23
52 104
84 102
89 95
18 21
17 86
31 70
99 102
8 49
23 29
46 60
45 48
18 84
51 107
94 98
80 84
28 32
