11 8
12 9
12 8
13 10
14 10
90 87
102 99
104 101
103 100
13 9
89 86
44 41
76 73
105 102
43 40
45 42
100 97
22 18
20 17
105 101
22 19
84 81
104 100
98 95
99 96
46 43
10 7
42 39
14 11
103 99
11 7
65 62
21 17
89 85
83 80
82 79
66 63
90 86
99 95
111 108
47 44
88 85
21 18
15 12
97 94
100 96
85 82
46 42
110 107
87 84
77 74
5 2
109 106
85 81
84 80
86 83
44 40
15 11
8 11
9 12
8 12
10 13
10 14
87 90
99 102
101 104
100 103
9 13
86 89
41 44
73 76
102 105
40 43
42 45
97 100
18 22
17 20
101 105
19 22
81 84
100 104
95 98
96 99
43 46
7 10
39 42
11 14
99 103
7 11
62 65
17 21
85 89
80 83
79 82
63 66
86 90
95 99
108 111
44 47
85 88
18 21
12 15
94 97
96 100
82 85
42 46
107 110
84 87
74 77
2 5
106 109
81 85
80 84
83 86
40 44
11 15
