12 8
13 10
11 8
12 9
13 9
103 100
90 87
102 99
14 10
44 41
89 85
76 73
104 101
22 19
11 7
105 101
103 99
98 95
10 7
22 18
79 25
20 17
89 86
105 102
100 97
90 86
84 81
43 40
45 42
83 80
42 39
88 85
21 17
104 100
15 12
45 12
85 82
46 43
99 96
41 16
100 4
65 62
14 11
21 18
45 41
17 14
37 23
49 8
46 42
85 81
87 84
47 44
108 105
77 74
90 21
97 94
98 88
82 79
88 84
99 95
100 96
15 11
91 88
5 2
101 98
44 40
86 21
86 83
101 97
111 108
102 98
110 107
67 64
109 106
83 79
76 72
66 63
87 83
84 80
102 85
91 87
16 12
91 14
106 103
41 38
17 13
23 20
107 104
43 39
30 27
16 13
24 21
106 102
69 66
91 13
86 82
90 17
111 107
79 27
98 94
98 89
23 19
18 15
112 109
24 20
41 20
49 46
109 105
33 29
78 75
57 46
31 28
52 49
47 43
20 16
71 68
