76 73
41 16
45 12
79 25
86 21
100 4
90 21
65 62
49 8
37 23
79 27
21 17
102 85
20 17
98 88
91 14
41 20
12 8
90 17
42 12
82 27
46 42
76 31
98 89
30 27
87 21
89 85
82 25
83 79
108 105
57 46
91 17
84 18
55 2
106 85
91 13
45 8
10 7
83 21
11 7
102 99
103 99
13 9
83 25
105 101
84 14
45 16
99 95
32 23
33 29
47 19
48 15
76 27
109 106
49 46
61 46
13 10
16 12
80 18
105 84
101 52
76 72
14 10
97 94
95 89
46 8
83 22
101 88
17 13
28 25
91 87
24 20
44 22
55 49
97 4
22 18
103 24
80 28
57 49
98 85
49 2
90 86
55 50
69 66
66 63
38 16
113 72
107 103
17 14
47 44
66 62
109 74
102 81
56 49
12 9
64 61
43 39
105 52
57 8
10 5
106 99
80 19
51 44
99 92
29 23
98 95
78 74
108 101
52 11
64 43
91 88
87 14
111 107
93 5
108 63
83 27
