76 73
41 16
45 12
79 25
86 21
100 4
90 21
65 62
49 8
37 23
79 27
21 17
102 85
20 17
98 88
91 14
41 20
12 8
90 17
42 12
82 27
46 42
76 31
98 89
30 27
87 21
89 85
82 25
83 79
108 105
57 46
91 17
84 18
55 2
106 85
91 13
45 8
10 7
83 21
11 7
102 99
103 99
13 9
83 25
105 101
84 14
45 16
99 95
32 23
33 29
47 19
48 15
76 27
109 106
49 46
61 46
13 10
16 12
80 18
105 84
101 52
76 72
14 10
97 94
95 89
46 8
83 22
101 88
17 13
28 25
91 87
24 20
44 22
55 49
97 4
22 18
103 24
80 28
57 49
98 85
49 2
90 86
55 50
69 66
66 63
38 16
113 72
107 103
17 14
47 44
66 62
109 74
102 81
56 49
12 9
64 61
43 39
105 52
57 8
10 5
106 99
80 19
51 44
99 92
29 23
98 95
78 74
108 101
52 11
64 43
91 88
87 14
111 107
93 5
108 63
83 27
77 60
110 77
48 40
109 80
111 64
84 48
59 54
104 100
51 31
56 51
50 47
80 14
49 45
102 88
37 29
100 52
75 27
42 35
94 10
54 7
99 96
87 84
89 82
66 43
110 3
44 19
74 30
32 28
28 22
20 16
54 6
106 102
89 56
87 17
86 82
45 41
101 10
87 83
60 56
22 19
112 80
76 30
32 15
15 11
71 58
84 80
96 93
74 71
53 6
80 40
33 23
73 69
107 104
38 20
56 50
85 81
107 101
102 89
