76 73
41 16
45 12
79 25
86 21
100 4
90 21
65 62
49 8
37 23
79 27
21 17
102 85
20 17
98 88
91 14
41 20
12 8
90 17
42 12
82 27
46 42
76 31
98 89
30 27
87 21
89 85
82 25
83 79
108 105
57 46
91 17
84 18
55 2
106 85
91 13
45 8
10 7
83 21
11 7
102 99
103 99
13 9
83 25
105 101
84 14
45 16
99 95
32 23
33 29
47 19
48 15
76 27
109 106
49 46
61 46
13 10
16 12
73 76
16 41
12 45
25 79
21 86
4 100
21 90
62 65
8 49
23 37
27 79
17 21
85 102
17 20
88 98
14 91
20 41
8 12
17 90
12 42
27 82
42 46
31 76
89 98
27 30
21 87
85 89
25 82
79 83
105 108
46 57
17 91
18 84
2 55
85 106
13 91
8 45
7 10
21 83
7 11
99 102
99 103
9 13
25 83
101 105
14 84
16 45
95 99
23 32
29 33
19 47
15 48
27 76
106 109
46 49
46 61
10 13
12 16
