10 6
116 84
58 31
158 154
44 37
46 34
36 32
33 29
149 67
50 33
11 3
54 34
50 30
142 39
50 47
57 31
44 33
53 30
117 114
46 37
90 86
40 35
30 27
160 152
115 79
160 139
140 38
143 38
101 84
39 35
83 78
161 158
50 46
86 82
141 38
22 17
86 83
111 79
149 69
124 116
12 6
159 127
74 71
118 81
89 85
145 35
161 18
64 60
157 152
83 80
129 38
159 128
154 13
122 101
57 24
146 98
87 84
23 19
44 40
114 110
53 24
154 72
142 35
68 63
52 48
55 38
129 126
39 36
114 79
17 2
152 4
109 75
56 24
141 34
115 80
60 26
146 142
43 40
91 5
141 51
57 26
57 27
11 5
44 36
159 106
149 97
64 61
14 3
147 123
60 22
152 68
145 31
155 106
124 108
116 101
144 58
150 62
96 93
150 125
21 18
31 28
55 34
162 159
37 34
141 35
32 29
119 85
119 81
37 33
141 58
114 111
72 6
158 155
143 140
36 33
51 37
157 15
152 102
91 9
155 73
93 68
162 158
148 97
151 93
56 39
152 59
148 98
125 38
115 76
122 84
161 157
77 35
63 58
88 84
15 4
91 87
144 139
61 28
87 5
151 99
87 76
29 25
90 87
70 2
73 70
149 99
112 76
115 78
129 125
120 88
162 113
96 92
143 123
64 31
65 61
46 38
114 54
94 89
119 116
87 74
85 82
157 88
151 91
145 97
101 28
56 18
63 59
117 81
118 80
53 50
83 79
47 44
122 116
64 23
142 38
143 49
74 70
54 37
83 76
52 43
27 22
68 18
157 19
51 45
67 62
14 11
64 26
89 86
48 44
50 44
52 44
111 76
156 83
151 101
70 36
160 127
39 33
61 31
32 28
57 54
66 59
90 10
38 34
11 4
145 61
150 59
87 7
147 124
73 69
57 19
139 102
90 83
71 17
111 25
121 66
50 27
53 49
153 22
116 88
158 123
123 29
113 110
33 30
60 23
92 71
38 33
10 5
102 98
68 27
122 119
58 54
152 66
51 38
42 34
119 26
122 88
151 139
161 68
106 74
112 105
163 159
57 53
60 24
84 57
82 64
143 39
60 19
150 147
61 44
