10 6
116 84
58 31
158 154
44 37
46 34
36 32
33 29
149 67
50 33
11 3
54 34
50 30
142 39
50 47
57 31
44 33
53 30
117 114
46 37
90 86
40 35
30 27
160 152
115 79
160 139
140 38
143 38
101 84
39 35
83 78
161 158
50 46
86 82
141 38
22 17
86 83
111 79
149 69
124 116
12 6
159 127
74 71
118 81
89 85
145 35
161 18
64 60
157 152
83 80
129 38
159 128
154 13
122 101
57 24
146 98
87 84
23 19
44 40
114 110
53 24
154 72
142 35
68 63
52 48
55 38
129 126
39 36
114 79
17 2
152 4
109 75
56 24
141 34
115 80
60 26
146 142
43 40
91 5
141 51
57 26
57 27
11 5
6 10
84 116
31 58
154 158
37 44
34 46
32 36
29 33
67 149
33 50
3 11
34 54
30 50
39 142
47 50
31 57
33 44
30 53
114 117
37 46
86 90
35 40
27 30
152 160
79 115
139 160
38 140
38 143
84 101
35 39
78 83
158 161
46 50
82 86
38 141
17 22
83 86
79 111
69 149
116 124
6 12
127 159
71 74
81 118
85 89
35 145
18 161
60 64
152 157
80 83
38 129
128 159
13 154
101 122
24 57
98 146
84 87
19 23
40 44
110 114
24 53
72 154
35 142
63 68
48 52
38 55
126 129
36 39
79 114
2 17
4 152
75 109
24 56
34 141
80 115
26 60
142 146
40 43
5 91
51 141
26 57
27 57
5 11
