89 86
87 84
161 158
88 85
86 83
88 84
37 34
162 159
30 27
89 85
33 30
32 29
36 33
31 28
90 87
37 33
34 31
87 83
39 36
50 47
36 32
117 114
33 29
39 35
90 86
34 30
21 18
35 32
65 62
160 157
64 61
32 28
86 82
161 157
35 31
85 82
114 111
162 158
113 110
38 35
160 156
51 48
22 19
63 60
38 34
64 60
16 2
31 27
115 112
118 115
119 116
57 54
158 155
65 61
159 156
158 154
163 160
83 80
10 6
84 81
11 5
66 62
74 71
23 20
115 79
114 110
52 49
129 126
50 46
14 2
52 48
22 18
44 37
11 3
163 159
62 59
40 36
11 6
10 7
24 21
10 5
57 31
118 81
86 89
84 87
158 161
85 88
83 86
84 88
34 37
159 162
27 30
85 89
30 33
29 32
33 36
28 31
87 90
33 37
31 34
83 87
36 39
47 50
32 36
114 117
29 33
35 39
86 90
30 34
18 21
32 35
62 65
157 160
61 64
28 32
82 86
157 161
31 35
82 85
111 114
158 162
110 113
35 38
156 160
48 51
19 22
60 63
34 38
60 64
2 16
27 31
112 115
115 118
116 119
54 57
155 158
61 65
156 159
154 158
160 163
80 83
6 10
81 84
5 11
62 66
71 74
20 23
79 115
110 114
49 52
126 129
46 50
2 14
48 52
18 22
37 44
3 11
159 163
59 62
36 40
6 11
7 10
21 24
5 10
31 57
81 118
