126 105
67 64
108 77
144 99
141 34
74 7
51 30
121 96
117 81
55 52
150 67
141 31
110 106
11 3
149 97
115 84
51 48
73 6
128 105
23 20
112 79
63 60
89 86
151 70
119 85
14 2
122 100
15 2
157 17
147 122
141 55
123 100
154 71
151 98
65 61
126 104
40 37
60 56
158 155
60 25
159 155
159 134
56 20
11 6
150 68
33 30
86 82
152 68
148 96
34 31
92 89
148 144
124 102
136 127
112 74
94 91
13 4
141 58
69 5
71 6
127 102
97 93
57 27
74 71
55 51
163 134
123 116
119 115
123 117
39 36
111 80
139 125
109 103
60 22
157 153
110 105
114 111
123 99
120 117
112 76
156 102
139 136
109 106
56 22
114 80
153 70
93 88
128 103
53 27
37 33
108 76
118 115
58 54
59 23
126 110
147 99
122 97
157 70
61 26
94 85
11 4
111 77
32 29
90 87
54 51
87 83
124 113
22 17
115 81
54 26
153 73
151 101
90 7
162 134
90 8
23 19
57 21
54 27
54 32
125 100
138 127
149 99
150 98
16 2
63 59
9 5
12 3
126 101
83 80
21 18
59 56
51 47
48 45
109 75
56 53
123 98
61 57
72 12
161 18
70 4
31 26
54 31
85 81
159 156
163 160
115 112
45 41
50 47
140 137
31 28
69 3
115 79
59 21
49 46
144 58
157 152
12 4
53 50
151 68
12 6
138 129
135 128
137 128
57 24
161 21
22 19
69 2
155 103
53 30
72 6
149 144
151 71
147 144
55 31
70 5
109 104
113 109
56 26
31 27
150 99
60 57
21 17
126 109
162 158
67 62
145 142
44 41
157 154
15 4
50 46
116 84
124 116
14 4
39 35
111 107
150 144
48 44
33 29
138 125
135 127
149 62
92 9
96 93
146 143
141 54
126 113
136 128
127 101
159 136
60 21
155 73
17 2
161 17
119 81
123 120
137 129
64 60
83 79
128 104
10 6
85 82
14 3
61 58
159 135
89 85
9 6
138 126
60 26
47 43
147 97
102 74
35 31
151 100
154 70
57 53
138 128
109 76
153 72
93 90
149 96
23 18
147 98
123 113
119 116
45 42
122 98
52 48
122 99
156 152
122 117
154 73
117 113
163 136
125 102
66 62
54 34
147 143
70 3
88 85
152 71
87 8
126 102
143 139
38 34
87 9
24 19
13 5
58 31
115 83
70 2
136 103
46 42
111 76
84 81
152 102
148 99
153 103
112 108
154 72
161 158
126 103
149 68
148 67
139 101
160 156
95 92
51 34
152 69
114 110
91 88
144 139
137 127
147 121
153 71
125 113
94 88
71 5
114 79
50 30
121 98
107 77
156 103
163 135
22 18
8 5
61 22
129 126
35 32
68 62
160 136
124 112
63 22
115 82
145 58
122 116
148 98
149 67
152 101
86 83
125 101
57 25
153 102
158 154
36 32
92 88
154 4
116 112
68 63
124 100
52 49
152 70
148 145
115 80
108 74
57 22
57 31
12 5
87 84
116 81
30 27
112 84
112 75
113 110
153 101
160 157
109 105
129 105
94 89
142 35
124 101
34 30
151 69
57 28
149 69
67 63
57 26
139 127
122 119
156 153
144 62
71 7
150 100
111 79
117 114
118 81
141 35
72 4
150 101
114 81
64 23
90 9
108 75
151 99
32 28
150 62
124 99
79 76
40 36
112 109
163 159
11 5
91 87
125 99
91 8
73 7
144 59
149 98
109 102
87 7
15 3
38 35
159 103
90 86
53 31
24 21
24 20
150 69
156 101
84 80
69 4
98 93
65 62
68 65
59 22
110 107
57 54
64 61
53 49
59 55
58 26
91 9
121 97
10 5
127 103
71 4
111 78
150 147
143 99
56 21
83 76
145 141
91 7
88 84
152 100
148 97
162 159
54 50
111 75
111 108
60 24
144 141
62 59
10 7
144 140
142 38
93 89
120 116
58 55
146 142
56 24
116 113
37 34
66 63
13 3
115 111
127 104
143 140
47 44
54 30
161 157
49 45
46 43
60 23
109 74
72 5
153 74
140 55
108 78
62 58
36 33
56 52
63 23
105 126
64 67
77 108
99 144
34 141
7 74
30 51
96 121
81 117
52 55
67 150
31 141
106 110
3 11
97 149
84 115
48 51
6 73
105 128
20 23
79 112
60 63
86 89
70 151
85 119
2 14
100 122
2 15
17 157
122 147
55 141
100 123
71 154
98 151
61 65
104 126
37 40
56 60
155 158
25 60
155 159
134 159
20 56
6 11
68 150
30 33
82 86
68 152
96 148
31 34
89 92
144 148
102 124
127 136
74 112
91 94
4 13
58 141
5 69
6 71
102 127
93 97
27 57
71 74
51 55
134 163
116 123
115 119
117 123
36 39
80 111
125 139
103 109
22 60
153 157
105 110
111 114
99 123
117 120
76 112
102 156
136 139
106 109
22 56
80 114
70 153
88 93
103 128
27 53
33 37
76 108
115 118
54 58
23 59
110 126
99 147
97 122
70 157
26 61
85 94
4 11
77 111
29 32
87 90
51 54
83 87
113 124
17 22
81 115
26 54
73 153
101 151
7 90
134 162
8 90
19 23
21 57
27 54
32 54
100 125
127 138
99 149
98 150
2 16
59 63
5 9
3 12
101 126
80 83
18 21
56 59
47 51
45 48
75 109
53 56
98 123
57 61
12 72
18 161
4 70
26 31
31 54
81 85
156 159
160 163
112 115
41 45
47 50
137 140
28 31
3 69
79 115
21 59
46 49
58 144
152 157
4 12
50 53
68 151
6 12
129 138
128 135
128 137
24 57
21 161
19 22
2 69
103 155
30 53
6 72
144 149
71 151
144 147
31 55
5 70
104 109
109 113
26 56
27 31
99 150
57 60
17 21
109 126
158 162
62 67
142 145
41 44
154 157
4 15
46 50
84 116
116 124
4 14
35 39
107 111
144 150
44 48
29 33
125 138
127 135
62 149
9 92
93 96
143 146
54 141
113 126
128 136
101 127
136 159
21 60
73 155
2 17
17 161
81 119
120 123
129 137
60 64
79 83
104 128
6 10
82 85
3 14
58 61
135 159
85 89
6 9
126 138
26 60
43 47
97 147
74 102
31 35
100 151
70 154
53 57
128 138
76 109
72 153
90 93
96 149
18 23
98 147
113 123
116 119
42 45
98 122
48 52
99 122
152 156
117 122
73 154
113 117
136 163
102 125
62 66
34 54
143 147
3 70
85 88
71 152
8 87
102 126
139 143
34 38
9 87
19 24
5 13
31 58
83 115
2 70
103 136
42 46
76 111
81 84
102 152
99 148
103 153
108 112
72 154
158 161
103 126
68 149
67 148
101 139
156 160
92 95
34 51
69 152
110 114
88 91
139 144
127 137
121 147
71 153
113 125
88 94
5 71
79 114
30 50
98 121
77 107
103 156
135 163
18 22
5 8
22 61
126 129
32 35
62 68
136 160
112 124
22 63
82 115
58 145
116 122
98 148
67 149
101 152
83 86
101 125
25 57
102 153
154 158
32 36
88 92
4 154
112 116
63 68
100 124
49 52
70 152
145 148
80 115
74 108
22 57
31 57
5 12
84 87
81 116
27 30
84 112
75 112
110 113
101 153
157 160
105 109
105 129
89 94
35 142
101 124
30 34
69 151
28 57
69 149
63 67
26 57
127 139
119 122
153 156
62 144
7 71
100 150
79 111
114 117
81 118
35 141
4 72
101 150
81 114
23 64
9 90
75 108
99 151
28 32
62 150
99 124
76 79
36 40
109 112
159 163
5 11
87 91
99 125
8 91
7 73
59 144
98 149
102 109
7 87
3 15
35 38
103 159
86 90
31 53
21 24
20 24
69 150
101 156
80 84
4 69
93 98
62 65
65 68
22 59
107 110
54 57
61 64
49 53
55 59
26 58
9 91
97 121
5 10
103 127
4 71
78 111
147 150
99 143
21 56
76 83
141 145
7 91
84 88
100 152
97 148
159 162
50 54
75 111
108 111
24 60
141 144
59 62
7 10
140 144
38 142
89 93
116 120
55 58
142 146
24 56
113 116
34 37
63 66
3 13
111 115
104 127
140 143
44 47
30 54
157 161
45 49
43 46
23 60
74 109
5 72
74 153
55 140
78 108
58 62
33 36
52 56
23 63
