10 6
116 84
58 31
158 154
44 37
46 34
36 32
33 29
149 67
50 33
11 3
54 34
50 30
142 39
50 47
57 31
44 33
53 30
117 114
46 37
90 86
40 35
30 27
160 152
115 79
160 139
140 38
143 38
101 84
39 35
83 78
161 158
50 46
86 82
141 38
22 17
86 83
111 79
149 69
124 116
12 6
159 127
74 71
118 81
89 85
145 35
161 18
64 60
157 152
83 80
129 38
159 128
154 13
122 101
57 24
146 98
87 84
23 19
44 40
114 110
53 24
154 72
142 35
68 63
52 48
55 38
129 126
39 36
114 79
17 2
152 4
109 75
56 24
141 34
115 80
60 26
146 142
43 40
91 5
141 51
57 26
57 27
11 5
44 36
159 106
149 97
64 61
14 3
147 123
60 22
152 68
145 31
155 106
124 108
116 101
144 58
150 62
96 93
150 125
21 18
31 28
55 34
162 159
37 34
141 35
32 29
119 85
119 81
37 33
141 58
114 111
72 6
158 155
143 140
36 33
51 37
157 15
152 102
91 9
155 73
93 68
162 158
148 97
151 93
56 39
152 59
148 98
125 38
115 76
122 84
161 157
77 35
63 58
88 84
15 4
91 87
144 139
61 28
87 5
151 99
87 76
29 25
90 87
70 2
73 70
149 99
112 76
115 78
129 125
120 88
162 113
96 92
143 123
64 31
65 61
46 38
114 54
94 89
119 116
87 74
85 82
157 88
151 91
145 97
101 28
56 18
6 10
84 116
31 58
154 158
37 44
34 46
32 36
29 33
67 149
33 50
3 11
34 54
30 50
39 142
47 50
31 57
33 44
30 53
114 117
37 46
86 90
35 40
27 30
152 160
79 115
139 160
38 140
38 143
84 101
35 39
78 83
158 161
46 50
82 86
38 141
17 22
83 86
79 111
69 149
116 124
6 12
127 159
71 74
81 118
85 89
35 145
18 161
60 64
152 157
80 83
38 129
128 159
13 154
101 122
24 57
98 146
84 87
19 23
40 44
110 114
24 53
72 154
35 142
63 68
48 52
38 55
126 129
36 39
79 114
2 17
4 152
75 109
24 56
34 141
80 115
26 60
142 146
40 43
5 91
51 141
26 57
27 57
5 11
36 44
106 159
97 149
61 64
3 14
123 147
22 60
68 152
31 145
106 155
108 124
101 116
58 144
62 150
93 96
125 150
18 21
28 31
34 55
159 162
34 37
35 141
29 32
85 119
81 119
33 37
58 141
111 114
6 72
155 158
140 143
33 36
37 51
15 157
102 152
9 91
73 155
68 93
158 162
97 148
93 151
39 56
59 152
98 148
38 125
76 115
84 122
157 161
35 77
58 63
84 88
4 15
87 91
139 144
28 61
5 87
99 151
76 87
25 29
87 90
2 70
70 73
99 149
76 112
78 115
125 129
88 120
113 162
92 96
123 143
31 64
61 65
38 46
54 114
89 94
116 119
74 87
82 85
88 157
91 151
97 145
28 101
18 56
