161 158
116 84
87 84
89 85
88 84
88 85
89 86
162 159
37 34
36 32
33 29
86 83
36 33
32 29
31 28
90 86
87 83
33 30
50 47
39 35
32 28
39 36
86 82
37 33
35 32
114 111
90 87
11 3
10 6
161 157
162 158
58 31
35 31
64 60
85 82
160 157
34 31
117 114
54 34
64 61
160 156
149 67
50 33
158 154
57 54
44 37
44 33
57 31
46 34
30 27
142 39
38 35
118 81
114 110
51 48
83 80
159 156
34 30
21 18
50 30
115 79
65 62
38 34
113 110
31 27
50 46
84 81
158 155
65 61
135 132
160 139
118 115
52 48
11 5
63 60
115 112
119 116
53 30
160 152
22 19
163 160
22 17
40 35
159 127
46 37
101 84
85 81
129 126
91 87
141 38
74 71
136 133
23 19
23 20
143 38
146 98
66 62
163 159
22 18
62 59
124 116
63 59
149 69
14 3
12 6
57 24
11 4
52 49
57 53
15 2
161 18
61 58
14 2
111 79
24 21
40 36
96 93
114 79
115 80
83 78
58 55
159 155
140 38
91 88
148 98
118 114
17 2
159 128
40 37
141 35
68 63
10 5
119 115
112 109
137 134
53 50
51 47
56 53
145 35
30 26
21 17
53 49
55 38
154 13
122 101
74 70
113 109
43 40
142 35
129 125
115 111
73 70
44 40
48 44
117 81
60 26
16 2
157 152
56 24
44 36
142 38
48 45
154 72
11 6
59 56
141 51
158 161
84 116
84 87
85 89
84 88
85 88
86 89
159 162
34 37
32 36
29 33
83 86
33 36
29 32
28 31
86 90
83 87
30 33
47 50
35 39
28 32
36 39
82 86
33 37
32 35
111 114
87 90
3 11
6 10
157 161
158 162
31 58
31 35
60 64
82 85
157 160
31 34
114 117
34 54
61 64
156 160
67 149
33 50
154 158
54 57
37 44
33 44
31 57
34 46
27 30
39 142
35 38
81 118
110 114
48 51
80 83
156 159
30 34
18 21
30 50
79 115
62 65
34 38
110 113
27 31
46 50
81 84
155 158
61 65
132 135
139 160
115 118
48 52
5 11
60 63
112 115
116 119
30 53
152 160
19 22
160 163
17 22
35 40
127 159
37 46
84 101
81 85
126 129
87 91
38 141
71 74
133 136
19 23
20 23
38 143
98 146
62 66
159 163
18 22
59 62
116 124
59 63
69 149
3 14
6 12
24 57
4 11
49 52
53 57
2 15
18 161
58 61
2 14
79 111
21 24
36 40
93 96
79 114
80 115
78 83
55 58
155 159
38 140
88 91
98 148
114 118
2 17
128 159
37 40
35 141
63 68
5 10
115 119
109 112
134 137
50 53
47 51
53 56
35 145
26 30
17 21
49 53
38 55
13 154
101 122
70 74
109 113
40 43
35 142
125 129
111 115
70 73
40 44
44 48
81 117
26 60
2 16
152 157
24 56
36 44
38 142
45 48
72 154
6 11
56 59
51 141
