101 98
94 91
103 100
102 99
104 101
100 97
113 110
102 98
86 83
131 128
103 99
101 97
49 46
104 100
59 56
88 85
87 84
112 109
130 127
88 41
66 48
105 102
23 20
102 97
85 82
77 46
95 92
35 26
46 37
105 101
101 46
95 91
58 24
111 108
89 86
128 125
113 86
121 108
55 40
33 30
122 108
14 11
116 113
15 12
93 90
80 38
8 5
107 104
68 32
56 36
34 31
61 58
90 87
92 89
17 12
103 98
114 111
91 88
117 114
77 38
35 15
40 37
59 25
21 18
43 20
52 35
56 23
98 101
91 94
100 103
99 102
101 104
97 100
110 113
98 102
83 86
128 131
99 103
97 101
46 49
100 104
56 59
85 88
84 87
109 112
127 130
41 88
48 66
102 105
20 23
97 102
82 85
46 77
92 95
26 35
37 46
101 105
46 101
91 95
24 58
108 111
86 89
125 128
86 113
108 121
40 55
30 33
108 122
11 14
113 116
12 15
90 93
38 80
5 8
104 107
32 68
36 56
31 34
58 61
87 90
89 92
12 17
98 103
111 114
88 91
114 117
38 77
15 35
37 40
25 59
18 21
20 43
35 52
23 56
