66 48
77 46
50 17
26 5
68 32
52 35
131 65
41 6
89 46
116 8
55 40
112 23
102 98
56 36
116 41
35 15
127 80
86 27
110 47
26 15
113 86
68 12
125 24
59 56
73 3
73 16
120 80
130 23
43 20
46 37
52 31
126 30
58 24
88 41
35 26
89 48
94 91
108 91
51 23
48 17
100 97
35 27
86 16
130 26
76 22
80 68
91 80
129 92
59 38
121 108
77 56
68 17
80 38
119 80
59 25
77 74
36 23
125 67
75 48
106 19
118 14
56 23
63 9
17 12
65 40
72 6
122 18
126 6
42 31
117 87
67 44
64 26
51 7
94 86
131 125
60 51
124 75
86 80
77 38
42 33
30 3
73 9
25 7
129 123
130 55
87 43
129 5
71 48
109 100
47 5
119 115
95 56
119 41
71 45
44 33
33 15
77 37
88 43
68 25
43 12
114 78
129 22
46 38
127 111
86 83
40 9
51 25
90 63
101 98
126 68
79 55
123 107
95 27
115 97
73 19
127 86
34 26
101 97
101 46
66 7
107 85
126 99
63 35
44 13
108 82
94 15
59 36
72 33
29 16
103 97
88 40
119 21
94 11
102 97
48 66
46 77
17 50
5 26
32 68
35 52
65 131
6 41
46 89
8 116
40 55
23 112
98 102
36 56
41 116
15 35
80 127
27 86
47 110
15 26
86 113
12 68
24 125
56 59
3 73
16 73
80 120
23 130
20 43
37 46
31 52
30 126
24 58
41 88
26 35
48 89
91 94
91 108
23 51
17 48
97 100
27 35
16 86
26 130
22 76
68 80
80 91
92 129
38 59
108 121
56 77
17 68
38 80
80 119
25 59
74 77
23 36
67 125
48 75
19 106
14 118
23 56
9 63
12 17
40 65
6 72
18 122
6 126
31 42
87 117
44 67
26 64
7 51
86 94
125 131
51 60
75 124
80 86
38 77
33 42
3 30
9 73
7 25
123 129
55 130
43 87
5 129
48 71
100 109
5 47
115 119
56 95
41 119
45 71
33 44
15 33
37 77
43 88
25 68
12 43
78 114
22 129
38 46
111 127
83 86
9 40
25 51
63 90
98 101
68 126
55 79
107 123
27 95
97 115
19 73
86 127
26 34
97 101
46 101
7 66
85 107
99 126
35 63
13 44
82 108
15 94
36 59
33 72
16 29
97 103
40 88
21 119
11 94
97 102
