55 40
94 91
66 48
77 46
89 46
68 32
101 97
26 5
56 36
50 17
102 98
26 15
88 41
113 86
52 31
52 35
127 80
103 100
100 97
116 8
80 38
104 101
68 12
65 40
101 98
59 25
86 83
89 86
41 6
112 109
77 38
102 99
88 85
116 41
56 23
59 38
85 82
121 108
23 20
51 23
49 46
131 65
35 26
58 24
103 99
43 20
104 100
35 15
86 27
35 27
129 123
113 110
59 56
95 91
88 40
112 23
100 45
119 80
46 37
42 33
131 128
17 12
48 17
103 97
34 31
73 16
94 86
123 108
130 23
58 25
111 108
123 107
130 127
15 12
101 46
77 37
76 22
46 38
41 20
77 56
87 84
120 80
34 15
108 91
49 45
122 108
105 101
71 45
15 11
75 48
117 87
33 30
33 15
101 45
21 18
102 97
126 6
36 23
119 115
34 26
130 55
86 80
67 44
98 15
99 45
8 5
95 92
115 112
89 48
124 121
131 41
80 68
110 47
103 98
63 9
113 109
125 67
126 80
93 90
91 88
51 7
113 85
16 13
119 41
60 51
87 43
94 90
116 113
79 38
92 89
52 34
89 85
118 14
32 29
