66 48
77 46
50 17
26 5
68 32
52 35
131 65
41 6
89 46
116 8
55 40
112 23
102 98
56 36
116 41
35 15
127 80
86 27
110 47
26 15
113 86
68 12
125 24
59 56
73 3
73 16
120 80
130 23
43 20
46 37
52 31
126 30
58 24
88 41
35 26
89 48
94 91
108 91
51 23
48 17
100 97
35 27
86 16
130 26
76 22
80 68
91 80
129 92
59 38
121 108
77 56
68 17
80 38
119 80
59 25
77 74
36 23
125 67
75 48
106 19
118 14
56 23
63 9
17 12
65 40
72 6
122 18
48 66
46 77
17 50
5 26
32 68
35 52
65 131
6 41
46 89
8 116
40 55
23 112
98 102
36 56
41 116
15 35
80 127
27 86
47 110
15 26
86 113
12 68
24 125
56 59
3 73
16 73
80 120
23 130
20 43
37 46
31 52
30 126
24 58
41 88
26 35
48 89
91 94
91 108
23 51
17 48
97 100
27 35
16 86
26 130
22 76
68 80
80 91
92 129
38 59
108 121
56 77
17 68
38 80
80 119
25 59
74 77
23 36
67 125
48 75
19 106
14 118
23 56
9 63
12 17
40 65
6 72
18 122
