77 56
28 13
107 100
107 63
32 16
95 86
106 66
77 43
112 82
98 15
88 79
76 57
46 39
108 56
90 75
130 2
49 36
63 57
99 11
22 19
74 71
103 99
115 100
129 125
118 7
109 94
45 38
48 33
34 18
25 15
106 15
48 38
66 23
35 16
24 15
44 40
65 56
78 74
117 10
116 86
118 87
36 32
64 56
106 96
108 96
76 55
118 8
70 44
127 85
37 15
121 4
53 47
36 3
115 99
114 8
95 82
60 56
90 80
32 26
77 54
120 7
130 127
52 20
86 82
67 17
70 53
131 128
108 94
69 53
108 59
95 89
50 17
107 64
71 68
67 53
51 46
11 8
96 89
38 4
71 53
116 97
108 62
120 6
25 13
12 9
130 38
34 26
67 47
51 47
107 98
63 59
54 46
22 17
68 52
39 2
112 93
37 17
90 43
74 55
125 119
13 7
105 64
48 36
67 55
126 85
115 8
87 81
111 95
89 56
35 15
59 56
35 28
106 24
50 19
76 59
109 61
35 26
92 89
121 14
25 16
54 44
14 7
85 81
28 5
51 48
127 79
47 36
75 59
94 60
119 85
38 2
127 119
110 94
23 17
94 63
96 79
47 23
47 37
108 61
92 59
116 109
111 97
95 88
47 34
121 28
109 100
105 66
115 98
91 80
24 18
110 95
35 14
76 58
67 52
109 62
26 13
66 56
72 41
115 109
124 119
105 24
126 120
54 47
118 6
119 8
68 53
107 65
92 88
22 18
49 33
29 14
46 37
25 8
115 11
28 7
79 44
125 120
77 70
14 6
105 22
106 25
70 52
112 86
13 8
118 15
23 18
127 120
121 5
26 14
127 81
112 95
109 97
95 87
70 40
66 19
131 39
129 126
78 43
117 113
66 20
127 6
86 83
35 32
116 112
68 20
72 44
12 8
25 11
96 87
26 16
78 44
35 17
89 79
106 23
45 39
53 46
24 16
64 57
128 80
53 40
127 118
77 53
36 5
46 38
122 5
27 14
37 6
37 3
116 87
50 20
120 4
106 65
65 54
77 44
63 56
107 97
130 39
117 85
108 95
67 21
94 89
54 23
98 25
89 59
123 120
126 81
126 84
44 41
88 82
80 43
28 12
118 85
98 11
27 13
108 64
113 86
104 25
94 88
131 127
87 82
49 17
94 59
46 40
29 26
65 23
42 39
78 75
38 3
108 60
114 10
53 44
53 45
107 62
106 64
126 118
35 5
98 8
115 10
47 17
108 97
98 13
66 55
28 14
103 98
117 87
49 34
23 15
76 56
90 79
130 120
110 61
35 30
66 54
65 55
103 100
79 54
87 80
45 37
106 98
100 97
25 14
23 16
119 9
131 42
117 8
70 51
52 47
87 79
117 86
37 4
118 96
67 54
35 6
66 21
116 88
119 7
116 95
130 4
37 5
108 89
88 80
108 65
94 61
108 63
117 114
127 45
45 40
122 119
109 95
36 33
89 78
63 58
130 125
107 103
121 30
36 4
14 5
117 9
54 45
114 9
105 65
90 78
129 120
117 84
67 19
32 29
121 7
74 68
77 71
104 24
54 37
116 113
70 46
116 96
64 23
105 23
77 55
14 8
127 87
68 54
127 4
89 80
15 5
96 88
123 119
79 45
125 85
52 46
126 119
106 97
48 37
15 6
34 16
68 55
44 39
126 87
88 81
77 74
116 111
34 17
86 81
115 97
110 93
66 22
67 20
50 47
48 3
69 52
67 50
108 88
128 81
122 7
129 123
120 5
121 6
96 65
76 68
77 68
35 29
67 23
30 5
63 60
79 43
56 77
13 28
100 107
63 107
16 32
86 95
66 106
43 77
82 112
15 98
79 88
57 76
39 46
56 108
75 90
2 130
36 49
57 63
11 99
19 22
71 74
99 103
100 115
125 129
7 118
94 109
38 45
33 48
18 34
15 25
15 106
38 48
23 66
16 35
15 24
40 44
56 65
74 78
10 117
86 116
87 118
32 36
56 64
96 106
96 108
55 76
8 118
44 70
85 127
15 37
4 121
47 53
3 36
99 115
8 114
82 95
56 60
80 90
26 32
54 77
7 120
127 130
20 52
82 86
17 67
53 70
128 131
94 108
53 69
59 108
89 95
17 50
64 107
68 71
53 67
46 51
8 11
89 96
4 38
53 71
97 116
62 108
6 120
13 25
9 12
38 130
26 34
47 67
47 51
98 107
59 63
46 54
17 22
52 68
2 39
93 112
17 37
43 90
55 74
119 125
7 13
64 105
36 48
55 67
85 126
8 115
81 87
95 111
56 89
15 35
56 59
28 35
24 106
19 50
59 76
61 109
26 35
89 92
14 121
16 25
44 54
7 14
81 85
5 28
48 51
79 127
36 47
59 75
60 94
85 119
2 38
119 127
94 110
17 23
63 94
79 96
23 47
37 47
61 108
59 92
109 116
97 111
88 95
34 47
28 121
100 109
66 105
98 115
80 91
18 24
95 110
14 35
58 76
52 67
62 109
13 26
56 66
41 72
109 115
119 124
24 105
120 126
47 54
6 118
8 119
53 68
65 107
88 92
18 22
33 49
14 29
37 46
8 25
11 115
7 28
44 79
120 125
70 77
6 14
22 105
25 106
52 70
86 112
8 13
15 118
18 23
120 127
5 121
14 26
81 127
95 112
97 109
87 95
40 70
19 66
39 131
126 129
43 78
113 117
20 66
6 127
83 86
32 35
112 116
20 68
44 72
8 12
11 25
87 96
16 26
44 78
17 35
79 89
23 106
39 45
46 53
16 24
57 64
80 128
40 53
118 127
53 77
5 36
38 46
5 122
14 27
6 37
3 37
87 116
20 50
4 120
65 106
54 65
44 77
56 63
97 107
39 130
85 117
95 108
21 67
89 94
23 54
25 98
59 89
120 123
81 126
84 126
41 44
82 88
43 80
12 28
85 118
11 98
13 27
64 108
86 113
25 104
88 94
127 131
82 87
17 49
59 94
40 46
26 29
23 65
39 42
75 78
3 38
60 108
10 114
44 53
45 53
62 107
64 106
118 126
5 35
8 98
10 115
17 47
97 108
13 98
55 66
14 28
98 103
87 117
34 49
15 23
56 76
79 90
120 130
61 110
30 35
54 66
55 65
100 103
54 79
80 87
37 45
98 106
97 100
14 25
16 23
9 119
42 131
8 117
51 70
47 52
79 87
86 117
4 37
96 118
54 67
6 35
21 66
88 116
7 119
95 116
4 130
5 37
89 108
80 88
65 108
61 94
63 108
114 117
45 127
40 45
119 122
95 109
33 36
78 89
58 63
125 130
103 107
30 121
4 36
5 14
9 117
45 54
9 114
65 105
78 90
120 129
84 117
19 67
29 32
7 121
68 74
71 77
24 104
37 54
113 116
46 70
96 116
23 64
23 105
55 77
8 14
87 127
54 68
4 127
80 89
5 15
88 96
119 123
45 79
85 125
46 52
119 126
97 106
37 48
6 15
16 34
55 68
39 44
87 126
81 88
74 77
111 116
17 34
81 86
97 115
93 110
22 66
20 67
47 50
3 48
52 69
50 67
88 108
81 128
7 122
123 129
5 120
6 121
65 96
68 76
68 77
29 35
23 67
5 30
60 63
43 79
