66 48
77 46
50 17
26 5
68 32
52 35
131 65
41 6
89 46
116 8
55 40
112 23
102 98
56 36
116 41
35 15
127 80
86 27
110 47
26 15
113 86
68 12
125 24
59 56
73 3
73 16
120 80
130 23
43 20
46 37
52 31
126 30
58 24
88 41
35 26
89 48
94 91
108 91
51 23
48 17
100 97
35 27
86 16
130 26
76 22
80 68
91 80
129 92
59 38
121 108
77 56
68 17
80 38
119 80
59 25
77 74
36 23
125 67
75 48
106 19
118 14
56 23
63 9
17 12
65 40
72 6
122 18
126 6
42 31
117 87
67 44
64 26
51 7
94 86
131 125
60 51
124 75
86 80
77 38
42 33
30 3
73 9
25 7
129 123
130 55
87 43
129 5
71 48
109 100
47 5
119 115
95 56
119 41
71 45
44 33
33 15
77 37
88 43
68 25
43 12
114 78
129 22
46 38
127 111
86 83
40 9
51 25
90 63
101 98
126 68
79 55
123 107
95 27
115 97
73 19
127 86
34 26
101 97
101 46
66 7
107 85
126 99
63 35
44 13
108 82
94 15
59 36
72 33
29 16
103 97
88 40
119 21
94 11
102 97
52 18
91 83
92 56
54 36
103 100
121 47
75 32
15 11
131 24
131 41
122 108
83 32
98 13
29 9
123 41
75 66
127 83
78 34
82 29
108 8
32 25
49 37
94 83
119 36
78 24
126 116
127 6
120 87
107 65
63 15
117 8
106 101
98 15
61 26
117 52
60 45
75 49
94 21
67 61
47 11
116 74
105 87
125 94
105 30
52 22
48 30
123 108
77 8
126 80
115 104
23 2
49 10
121 84
116 76
76 17
108 13
99 45
129 7
96 91
111 100
92 58
80 21
111 6
113 94
131 50
38 25
34 13
