53 48
17 13
29 25
75 51
49 11
79 47
60 56
10 3
54 49
78 64
12 5
56 17
80 76
50 9
38 35
56 13
57 48
12 3
41 38
83 72
65 6
7 4
42 10
27 22
27 24
35 25
54 51
59 24
47 44
42 3
60 17
71 51
40 37
30 26
83 45
81 77
73 69
51 48
28 25
18 2
84 25
31 27
47 8
58 21
66 49
80 77
8 5
76 71
84 31
79 51
19 4
27 21
45 6
56 52
45 36
39 4
59 45
79 8
42 5
54 48
81 55
35 7
49 9
76 54
75 68
76 51
18 13
60 57
44 5
72 66
24 21
39 3
67 58
61 51
84 81
34 9
22 3
71 54
81 78
82 7
81 74
83 35
77 66
83 55
82 25
65 27
17 4
77 61
17 14
61 47
82 35
14 7
26 20
73 68
70 65
84 27
39 33
84 69
39 28
70 50
42 37
76 55
32 18
77 74
69 58
70 64
31 28
43 33
49 45
71 67
63 20
57 51
52 48
37 9
43 23
13 4
33 25
39 36
42 38
32 15
84 28
45 34
37 4
74 64
32 28
73 67
58 43
41 4
53 11
30 15
