53 48
17 13
29 25
75 51
49 11
79 47
60 56
10 3
54 49
78 64
12 5
56 17
80 76
50 9
38 35
56 13
57 48
12 3
41 38
83 72
65 6
7 4
42 10
27 22
27 24
35 25
54 51
59 24
47 44
42 3
60 17
71 51
40 37
30 26
83 45
81 77
73 69
51 48
28 25
18 2
84 25
31 27
47 8
58 21
66 49
80 77
8 5
76 71
84 31
79 51
19 4
27 21
45 6
56 52
45 36
39 4
59 45
79 8
42 5
54 48
81 55
35 7
49 9
76 54
75 68
76 51
18 13
60 57
44 5
72 66
24 21
39 3
67 58
61 51
84 81
34 9
22 3
71 54
81 78
82 7
81 74
83 35
77 66
83 55
82 25
65 27
17 4
48 53
13 17
25 29
51 75
11 49
47 79
56 60
3 10
49 54
64 78
5 12
17 56
76 80
9 50
35 38
13 56
48 57
3 12
38 41
72 83
6 65
4 7
10 42
22 27
24 27
25 35
51 54
24 59
44 47
3 42
17 60
51 71
37 40
26 30
45 83
77 81
69 73
48 51
25 28
2 18
25 84
27 31
8 47
21 58
49 66
77 80
5 8
71 76
31 84
51 79
4 19
21 27
6 45
52 56
36 45
4 39
45 59
8 79
5 42
48 54
55 81
7 35
9 49
54 76
68 75
51 76
13 18
57 60
5 44
66 72
21 24
3 39
58 67
51 61
81 84
9 34
3 22
54 71
78 81
7 82
74 81
35 83
66 77
55 83
25 82
27 65
4 17
