29 25
17 13
81 78
29 26
60 56
80 77
30 26
55 52
53 48
28 25
30 27
80 76
81 77
75 51
10 3
82 79
83 72
27 24
31 28
12 5
12 3
31 27
54 49
60 57
41 38
83 80
79 47
78 64
40 37
84 81
54 51
49 11
56 17
17 14
52 48
28 24
56 53
56 13
39 36
57 48
41 37
27 23
38 35
25 29
13 17
78 81
26 29
56 60
77 80
26 30
52 55
48 53
25 28
27 30
76 80
77 81
51 75
3 10
79 82
72 83
24 27
28 31
5 12
3 12
27 31
49 54
57 60
38 41
80 83
47 79
64 78
37 40
81 84
51 54
11 49
17 56
14 17
48 52
24 28
53 56
13 56
36 39
48 57
37 41
23 27
35 38
