84 81
31 26
55 51
59 26
59 21
45 35
18 13
82 78
27 20
49 7
80 55
45 6
84 23
11 4
68 51
65 54
26 21
58 55
75 72
43 5
57 54
79 47
63 21
28 25
82 25
80 77
40 3
68 54
9 6
63 59
78 75
84 24
42 4
66 57
27 23
19 15
64 58
42 5
59 55
20 16
17 14
17 13
52 47
9 5
48 7
26 18
79 76
62 59
15 2
10 5
32 25
75 51
63 58
32 18
71 54
43 4
32 28
24 18
77 73
43 37
22 19
44 37
64 57
49 6
54 51
71 67
52 45
27 22
64 61
20 17
76 68
40 37
60 56
71 51
84 31
43 35
44 40
45 7
83 79
83 25
47 7
28 22
55 52
10 4
63 20
62 58
27 24
76 72
76 67
56 52
52 49
66 54
32 29
44 5
81 77
58 54
11 3
31 28
42 2
51 48
80 76
59 18
61 57
32 27
18 2
48 6
81 78
82 79
79 52
56 53
11 5
75 71
84 25
68 53
68 50
56 13
66 61
83 55
60 13
14 2
79 55
76 71
75 48
32 26
83 80
66 58
42 36
59 20
71 50
59 56
45 5
31 27
53 50
11 6
31 24
12 4
35 32
46 7
57 53
18 15
67 54
24 21
42 3
13 2
26 4
49 9
21 18
70 50
28 24
52 4
79 51
76 51
65 58
76 73
42 37
47 6
83 24
52 6
60 17
60 57
12 3
56 11
43 32
10 6
80 65
79 71
42 10
56 4
27 18
62 20
43 3
59 17
79 75
36 32
8 5
58 21
52 48
43 2
52 11
27 21
79 48
77 74
51 47
12 2
31 25
44 35
76 54
19 16
41 3
49 8
43 36
13 4
71 68
40 5
43 26
41 38
36 33
27 19
18 14
33 29
52 9
33 30
78 74
82 47
71 48
83 26
59 13
28 23
41 37
37 5
45 4
73 67
61 58
10 3
34 31
81 84
26 31
51 55
26 59
21 59
35 45
13 18
78 82
20 27
7 49
55 80
6 45
23 84
4 11
51 68
54 65
21 26
55 58
72 75
5 43
54 57
47 79
21 63
25 28
25 82
77 80
3 40
54 68
6 9
59 63
75 78
24 84
4 42
57 66
23 27
15 19
58 64
5 42
55 59
16 20
14 17
13 17
47 52
5 9
7 48
18 26
76 79
59 62
2 15
5 10
25 32
51 75
58 63
18 32
54 71
4 43
28 32
18 24
73 77
37 43
19 22
37 44
57 64
6 49
51 54
67 71
45 52
22 27
61 64
17 20
68 76
37 40
56 60
51 71
31 84
35 43
40 44
7 45
79 83
25 83
7 47
22 28
52 55
4 10
20 63
58 62
24 27
72 76
67 76
52 56
49 52
54 66
29 32
5 44
77 81
54 58
3 11
28 31
2 42
48 51
76 80
18 59
57 61
27 32
2 18
6 48
78 81
79 82
52 79
53 56
5 11
71 75
25 84
53 68
50 68
13 56
61 66
55 83
13 60
2 14
55 79
71 76
48 75
26 32
80 83
58 66
36 42
20 59
50 71
56 59
5 45
27 31
50 53
6 11
24 31
4 12
32 35
7 46
53 57
15 18
54 67
21 24
3 42
2 13
4 26
9 49
18 21
50 70
24 28
4 52
51 79
51 76
58 65
73 76
37 42
6 47
24 83
6 52
17 60
57 60
3 12
11 56
32 43
6 10
65 80
71 79
10 42
4 56
18 27
20 62
3 43
17 59
75 79
32 36
5 8
21 58
48 52
2 43
11 52
21 27
48 79
74 77
47 51
2 12
25 31
35 44
54 76
16 19
3 41
8 49
36 43
4 13
68 71
5 40
26 43
38 41
33 36
19 27
14 18
29 33
9 52
30 33
74 78
47 82
48 71
26 83
13 59
23 28
37 41
5 37
4 45
67 73
58 61
3 10
31 34
