30 27
29 25
30 26
29 26
27 24
55 52
80 77
81 78
28 25
41 38
81 77
60 57
31 28
83 80
82 79
40 37
17 13
31 27
84 81
28 24
39 36
80 76
54 51
60 56
54 49
52 48
82 78
79 76
27 23
8 5
12 5
12 2
56 52
56 53
53 48
10 3
53 49
52 49
38 35
41 37
17 14
11 3
83 79
73 70
51 48
27 22
18 15
74 71
12 3
32 29
73 69
75 51
54 50
58 55
12 4
55 51
13 3
32 28
78 64
47 44
54 48
7 4
25 22
72 69
40 36
57 54
84 80
78 75
59 56
13 2
75 71
83 72
42 39
53 50
71 68
14 2
71 51
9 6
10 4
61 57
24 21
42 3
33 30
75 72
16 13
22 19
8 4
27 30
25 29
26 30
26 29
24 27
52 55
77 80
78 81
25 28
38 41
77 81
57 60
28 31
80 83
79 82
37 40
13 17
27 31
81 84
24 28
36 39
76 80
51 54
56 60
49 54
48 52
78 82
76 79
23 27
5 8
5 12
2 12
52 56
53 56
48 53
3 10
49 53
49 52
35 38
37 41
14 17
3 11
79 83
70 73
48 51
22 27
15 18
71 74
3 12
29 32
69 73
51 75
50 54
55 58
4 12
51 55
3 13
28 32
64 78
44 47
48 54
4 7
22 25
69 72
36 40
54 57
80 84
75 78
56 59
2 13
71 75
72 83
39 42
50 53
68 71
2 14
51 71
6 9
4 10
57 61
21 24
3 42
30 33
72 75
13 16
19 22
4 8
