87 84
92 89
93 90
94 90
94 91
93 89
91 88
91 87
90 86
89 85
90 87
88 85
92 88
88 84
86 83
89 86
87 83
95 92
95 91
99 96
38 35
98 95
96 93
99 95
31 23
32 23
97 94
98 94
100 97
32 24
16 12
41 38
30 23
31 25
43 32
97 93
30 25
21 10
42 34
87 81
86 82
17 12
81 8
44 41
56 53
41 33
96 92
78 69
33 24
45 30
18 12
31 24
23 8
51 48
36 5
15 12
22 7
50 47
41 34
29 26
30 24
22 6
22 5
81 9
61 58
16 13
32 22
31 26
80 66
42 39
77 69
16 11
20 7
22 8
30 26
18 15
19 12
18 11
62 59
15 11
100 96
39 36
55 52
19 16
26 3
67 64
57 54
21 7
59 56
42 33
19 11
17 11
43 33
21 9
40 37
80 9
20 10
49 46
72 50
63 60
32 21
29 25
69 66
38 34
64 61
10 6
44 30
21 18
53 50
33 23
39 35
58 55
17 13
20 17
76 71
10 7
86 81
17 14
32 10
42 32
41 32
43 40
54 51
46 29
22 19
75 72
45 31
19 15
60 57
44 32
87 82
89 4
80 8
76 69
93 4
74 71
19 9
99 91
21 17
30 27
85 82
9 6
68 65
91 68
84 66
78 68
46 30
44 31
52 49
19 10
20 8
20 9
80 67
57 53
84 87
89 92
90 93
90 94
91 94
89 93
88 91
87 91
86 90
85 89
87 90
85 88
88 92
84 88
83 86
86 89
83 87
92 95
91 95
96 99
35 38
95 98
93 96
95 99
23 31
23 32
94 97
94 98
97 100
24 32
12 16
38 41
23 30
25 31
32 43
93 97
25 30
10 21
34 42
81 87
82 86
12 17
8 81
41 44
53 56
33 41
92 96
69 78
24 33
30 45
12 18
24 31
8 23
48 51
5 36
12 15
7 22
47 50
34 41
26 29
24 30
6 22
5 22
9 81
58 61
13 16
22 32
26 31
66 80
39 42
69 77
11 16
7 20
8 22
26 30
15 18
12 19
11 18
59 62
11 15
96 100
36 39
52 55
16 19
3 26
64 67
54 57
7 21
56 59
33 42
11 19
11 17
33 43
9 21
37 40
9 80
10 20
46 49
50 72
60 63
21 32
25 29
66 69
34 38
61 64
6 10
30 44
18 21
50 53
23 33
35 39
55 58
13 17
17 20
71 76
7 10
81 86
14 17
10 32
32 42
32 41
40 43
51 54
29 46
19 22
72 75
31 45
15 19
57 60
32 44
82 87
4 89
8 80
69 76
4 93
71 74
9 19
91 99
17 21
27 30
82 85
6 9
65 68
68 91
66 84
68 78
30 46
31 44
49 52
10 19
8 20
9 20
67 80
53 57
