89 4
81 8
23 8
79 23
43 32
32 10
86 83
32 23
87 81
21 10
36 5
91 68
38 35
32 21
93 4
42 34
82 20
80 66
17 12
87 84
10 6
84 66
94 90
45 30
22 5
30 25
89 85
93 25
93 89
88 84
78 69
92 88
20 7
30 23
33 24
41 33
36 7
99 95
26 3
77 43
72 50
41 38
77 45
99 91
70 50
80 9
86 6
31 26
16 11
75 12
100 83
79 32
86 4
27 3
87 66
86 82
50 47
80 67
42 16
91 87
19 12
94 78
79 50
55 52
19 15
97 93
69 54
41 31
44 41
87 55
48 39
80 64
76 71
75 13
24 5
79 70
56 53
15 12
22 6
64 18
46 29
18 11
89 86
53 50
22 7
70 66
77 68
50 31
49 46
75 10
35 7
34 18
39 22
72 45
23 19
31 3
95 91
97 35
34 25
70 40
24 18
38 34
36 22
38 2
98 70
69 38
86 73
42 21
76 69
46 28
73 28
94 68
75 46
17 9
21 17
43 33
54 48
40 18
43 21
38 5
42 28
90 81
69 36
15 11
97 27
72 26
17 11
67 64
73 24
63 37
82 75
87 68
96 93
99 96
54 51
96 88
78 40
20 9
72 28
94 25
93 51
88 55
97 3
92 89
74 31
94 45
78 18
86 21
71 27
98 46
73 16
44 29
84 39
39 28
