98 47
26 3
71 53
59 56
22 5
31 23
87 68
70 30
81 67
47 30
46 28
68 53
94 47
100 96
27 3
78 64
42 33
97 3
67 59
91 54
15 12
79 68
90 53
18 11
48 28
33 22
70 45
62 58
79 69
71 50
91 53
78 62
71 51
62 56
86 81
88 85
35 22
19 12
41 31
86 82
17 12
93 89
69 55
88 84
23 8
76 72
63 60
78 11
90 87
79 9
30 24
90 81
81 66
97 47
30 23
87 66
41 24
50 30
20 9
53 50
94 91
78 10
71 54
75 13
68 55
72 50
44 29
96 93
35 21
70 53
94 53
97 25
62 59
94 4
99 96
94 50
71 52
100 27
64 56
96 92
41 32
67 56
23 6
42 32
94 30
89 81
36 5
29 26
32 8
67 58
50 46
32 23
33 21
83 66
90 8
79 23
80 8
81 8
98 95
19 9
79 67
23 5
41 33
36 33
21 9
93 25
77 11
90 23
17 14
47 28
80 64
94 25
92 89
32 24
87 55
23 7
38 34
41 38
93 4
82 8
43 31
87 81
67 55
78 69
89 4
29 25
33 24
32 10
70 52
98 50
84 81
69 53
50 47
84 65
86 66
90 25
81 68
33 23
95 92
19 10
31 24
91 88
24 6
45 29
80 66
34 22
97 26
64 9
90 86
80 18
76 70
80 9
72 49
32 22
68 54
82 7
49 46
64 59
38 33
25 5
76 71
17 11
79 10
42 21
20 8
87 67
86 83
24 4
97 93
72 51
16 12
26 2
89 86
87 84
91 55
94 90
5 2
30 26
45 31
36 6
22 6
44 30
77 69
25 2
21 7
50 45
67 64
67 62
16 13
90 4
87 83
75 72
30 25
79 8
97 94
59 55
72 45
94 70
42 34
70 50
20 7
77 72
25 3
21 8
82 66
93 90
38 22
87 80
69 54
91 68
73 51
25 4
97 27
18 12
68 56
47 29
86 8
40 33
32 21
21 10
77 70
77 10
49 45
24 5
95 91
43 32
95 53
73 49
80 65
92 88
18 9
18 10
69 52
100 97
61 58
46 29
34 21
77 45
76 69
44 31
78 56
90 79
36 22
31 25
89 85
79 70
99 95
23 4
24 2
44 41
98 53
78 67
91 87
98 94
36 7
80 10
65 59
93 3
62 11
90 68
42 31
69 56
84 66
16 11
66 59
80 67
45 30
22 7
38 35
64 18
47 98
3 26
53 71
56 59
5 22
23 31
68 87
30 70
67 81
30 47
28 46
53 68
47 94
96 100
3 27
64 78
33 42
3 97
59 67
54 91
12 15
68 79
53 90
11 18
28 48
22 33
45 70
58 62
69 79
50 71
53 91
62 78
51 71
56 62
81 86
85 88
22 35
12 19
31 41
82 86
12 17
89 93
55 69
84 88
8 23
72 76
60 63
11 78
87 90
9 79
24 30
81 90
66 81
47 97
23 30
66 87
24 41
30 50
9 20
50 53
91 94
10 78
54 71
13 75
55 68
50 72
29 44
93 96
21 35
53 70
53 94
25 97
59 62
4 94
96 99
50 94
52 71
27 100
56 64
92 96
32 41
56 67
6 23
32 42
30 94
81 89
5 36
26 29
8 32
58 67
46 50
23 32
21 33
66 83
8 90
23 79
8 80
8 81
95 98
9 19
67 79
5 23
33 41
33 36
9 21
25 93
11 77
23 90
14 17
28 47
64 80
25 94
89 92
24 32
55 87
7 23
34 38
38 41
4 93
8 82
31 43
81 87
55 67
69 78
4 89
25 29
24 33
10 32
52 70
50 98
81 84
53 69
47 50
65 84
66 86
25 90
68 81
23 33
92 95
10 19
24 31
88 91
6 24
29 45
66 80
22 34
26 97
9 64
86 90
18 80
70 76
9 80
49 72
22 32
54 68
7 82
46 49
59 64
33 38
5 25
71 76
11 17
10 79
21 42
8 20
67 87
83 86
4 24
93 97
51 72
12 16
2 26
86 89
84 87
55 91
90 94
2 5
26 30
31 45
6 36
6 22
30 44
69 77
2 25
7 21
45 50
64 67
62 67
13 16
4 90
83 87
72 75
25 30
8 79
94 97
55 59
45 72
70 94
34 42
50 70
7 20
72 77
3 25
8 21
66 82
90 93
22 38
80 87
54 69
68 91
51 73
4 25
27 97
12 18
56 68
29 47
8 86
33 40
21 32
10 21
70 77
10 77
45 49
5 24
91 95
32 43
53 95
49 73
65 80
88 92
9 18
10 18
52 69
97 100
58 61
29 46
21 34
45 77
69 76
31 44
56 78
79 90
22 36
25 31
85 89
70 79
95 99
4 23
2 24
41 44
53 98
67 78
87 91
94 98
7 36
10 80
59 65
3 93
11 62
68 90
31 42
56 69
66 84
11 16
59 66
67 80
30 45
7 22
35 38
18 64
