89 4
81 8
23 8
79 23
43 32
32 10
86 83
32 23
87 81
21 10
36 5
91 68
38 35
32 21
93 4
42 34
82 20
80 66
17 12
87 84
10 6
84 66
94 90
45 30
22 5
30 25
89 85
93 25
93 89
88 84
78 69
92 88
20 7
30 23
33 24
41 33
36 7
99 95
26 3
77 43
72 50
41 38
77 45
99 91
70 50
80 9
86 6
31 26
16 11
75 12
100 83
79 32
86 4
27 3
87 66
86 82
50 47
80 67
42 16
91 87
19 12
94 78
79 50
55 52
19 15
97 93
69 54
41 31
44 41
87 55
48 39
80 64
76 71
75 13
24 5
79 70
56 53
15 12
22 6
64 18
46 29
18 11
89 86
53 50
22 7
70 66
77 68
50 31
49 46
75 10
35 7
34 18
39 22
72 45
23 19
31 3
95 91
97 35
34 25
70 40
24 18
38 34
36 22
4 89
8 81
8 23
23 79
32 43
10 32
83 86
23 32
81 87
10 21
5 36
68 91
35 38
21 32
4 93
34 42
20 82
66 80
12 17
84 87
6 10
66 84
90 94
30 45
5 22
25 30
85 89
25 93
89 93
84 88
69 78
88 92
7 20
23 30
24 33
33 41
7 36
95 99
3 26
43 77
50 72
38 41
45 77
91 99
50 70
9 80
6 86
26 31
11 16
12 75
83 100
32 79
4 86
3 27
66 87
82 86
47 50
67 80
16 42
87 91
12 19
78 94
50 79
52 55
15 19
93 97
54 69
31 41
41 44
55 87
39 48
64 80
71 76
13 75
5 24
70 79
53 56
12 15
6 22
18 64
29 46
11 18
86 89
50 53
7 22
66 70
68 77
31 50
46 49
10 75
7 35
18 34
22 39
45 72
19 23
3 31
91 95
35 97
25 34
40 70
18 24
34 38
22 36
