87 84
92 89
93 90
94 90
94 91
93 89
91 88
91 87
90 86
89 85
90 87
88 85
92 88
88 84
86 83
89 86
87 83
95 92
95 91
99 96
38 35
98 95
96 93
99 95
31 23
32 23
97 94
98 94
100 97
32 24
16 12
41 38
30 23
31 25
43 32
97 93
30 25
21 10
42 34
87 81
86 82
17 12
81 8
44 41
56 53
41 33
96 92
78 69
33 24
45 30
18 12
84 87
89 92
90 93
90 94
91 94
89 93
88 91
87 91
86 90
85 89
87 90
85 88
88 92
84 88
83 86
86 89
83 87
92 95
91 95
96 99
35 38
95 98
93 96
95 99
23 31
23 32
94 97
94 98
97 100
24 32
12 16
38 41
23 30
25 31
32 43
93 97
25 30
10 21
34 42
81 87
82 86
12 17
8 81
41 44
53 56
33 41
92 96
69 78
24 33
30 45
12 18
