89 4
81 8
23 8
79 23
43 32
32 10
86 83
32 23
87 81
21 10
36 5
91 68
38 35
32 21
93 4
42 34
82 20
80 66
17 12
87 84
10 6
84 66
94 90
45 30
22 5
30 25
89 85
93 25
93 89
88 84
78 69
92 88
20 7
30 23
33 24
41 33
36 7
99 95
26 3
77 43
72 50
41 38
77 45
99 91
70 50
80 9
86 6
31 26
16 11
75 12
100 83
4 89
8 81
8 23
23 79
32 43
10 32
83 86
23 32
81 87
10 21
5 36
68 91
35 38
21 32
4 93
34 42
20 82
66 80
12 17
84 87
6 10
66 84
90 94
30 45
5 22
25 30
85 89
25 93
89 93
84 88
69 78
88 92
7 20
23 30
24 33
33 41
7 36
95 99
3 26
43 77
50 72
38 41
45 77
91 99
50 70
9 80
6 86
26 31
11 16
12 75
83 100
