81 78
80 77
82 79
81 77
148 145
10 7
146 143
148 144
82 78
149 145
78 75
80 76
147 144
147 143
8 5
79 76
9 6
77 74
146 142
149 146
145 142
76 73
83 80
62 59
79 75
63 60
108 105
8 4
7 4
6 3
10 6
144 141
143 140
176 153
11 8
34 31
77 73
150 146
13 10
163 160
20 17
78 74
145 141
164 161
150 147
47 44
151 148
98 95
165 162
83 79
129 125
163 159
105 102
167 164
64 61
9 5
75 72
173 132
111 107
164 160
15 12
12 9
22 19
174 155
33 30
23 20
14 11
174 156
175 155
95 29
169 163
14 10
19 13
109 106
53 50
152 125
115 112
175 154
61 58
107 104
165 161
51 36
167 163
129 126
18 12
151 147
64 60
46 43
63 59
111 108
78 81
77 80
79 82
77 81
145 148
7 10
143 146
144 148
78 82
145 149
75 78
76 80
144 147
143 147
5 8
76 79
6 9
74 77
142 146
146 149
142 145
73 76
80 83
59 62
75 79
60 63
105 108
4 8
4 7
3 6
6 10
141 144
140 143
153 176
8 11
31 34
73 77
146 150
10 13
160 163
17 20
74 78
141 145
161 164
147 150
44 47
148 151
95 98
162 165
79 83
125 129
159 163
102 105
164 167
61 64
5 9
72 75
132 173
107 111
160 164
12 15
9 12
19 22
155 174
30 33
20 23
11 14
156 174
155 175
29 95
163 169
10 14
13 19
106 109
50 53
125 152
112 115
154 175
58 61
104 107
161 165
36 51
163 167
126 129
12 18
147 151
60 64
43 46
59 63
108 111
