173 132
42 13
126 89
92 39
38 6
51 30
131 117
88 26
163 159
34 3
38 10
152 125
63 36
158 12
51 36
95 29
129 125
176 153
49 43
174 148
75 68
158 16
120 70
18 12
57 30
82 64
67 56
117 28
136 99
42 14
135 114
151 122
123 80
77 73
148 118
173 158
98 55
57 51
175 130
10 6
79 26
81 78
148 144
41 10
171 162
65 36
14 10
175 156
155 148
63 40
147 122
38 13
62 40
130 19
175 154
39 25
37 2
169 163
149 145
157 145
105 102
79 52
64 48
90 18
133 114
43 25
171 96
170 137
80 76
78 74
116 71
82 78
143 140
63 60
20 17
138 107
156 16
147 115
88 83
169 164
172 148
120 26
132 12
111 107
108 105
92 19
172 135
90 22
47 43
130 18
141 107
63 51
53 49
19 13
81 77
119 116
144 128
117 95
173 16
47 25
23 19
171 3
57 2
124 120
152 129
146 142
13 10
42 19
42 10
175 16
36 30
173 68
115 112
150 146
65 30
158 132
93 29
168 110
36 27
157 141
86 24
170 135
30 27
68 5
171 110
90 23
165 128
92 66
65 51
174 155
76 70
124 80
6 3
41 20
111 3
135 16
110 97
117 93
120 52
168 163
131 91
110 99
91 84
34 30
173 12
62 59
157 148
167 106
167 162
106 35
10 7
88 24
37 6
151 147
8 4
146 143
110 104
65 60
47 44
172 145
61 18
132 16
80 77
171 34
34 6
163 5
172 161
168 99
84 48
124 88
79 50
124 26
92 45
163 160
88 50
20 15
124 87
78 66
154 150
136 97
132 173
13 42
89 126
39 92
6 38
30 51
117 131
26 88
159 163
3 34
10 38
125 152
36 63
12 158
36 51
29 95
125 129
153 176
43 49
148 174
68 75
16 158
70 120
12 18
30 57
64 82
56 67
28 117
99 136
14 42
114 135
122 151
80 123
73 77
118 148
158 173
55 98
51 57
130 175
6 10
26 79
78 81
144 148
10 41
162 171
36 65
10 14
156 175
148 155
40 63
122 147
13 38
40 62
19 130
154 175
25 39
2 37
163 169
145 149
145 157
102 105
52 79
48 64
18 90
114 133
25 43
96 171
137 170
76 80
74 78
71 116
78 82
140 143
60 63
17 20
107 138
16 156
115 147
83 88
164 169
148 172
26 120
12 132
107 111
105 108
19 92
135 172
22 90
43 47
18 130
107 141
51 63
49 53
13 19
77 81
116 119
128 144
95 117
16 173
25 47
19 23
3 171
2 57
120 124
129 152
142 146
10 13
19 42
10 42
16 175
30 36
68 173
112 115
146 150
30 65
132 158
29 93
110 168
27 36
141 157
24 86
135 170
27 30
5 68
110 171
23 90
128 165
66 92
51 65
155 174
70 76
80 124
3 6
20 41
3 111
16 135
97 110
93 117
52 120
163 168
91 131
99 110
84 91
30 34
12 173
59 62
148 157
106 167
162 167
35 106
7 10
24 88
6 37
147 151
4 8
143 146
104 110
60 65
44 47
145 172
18 61
16 132
77 80
34 171
6 34
5 163
161 172
99 168
48 84
88 124
50 79
26 124
45 92
160 163
50 88
15 20
87 124
66 78
150 154
97 136
