81 78
148 144
80 77
81 77
149 146
146 143
80 76
10 7
173 132
145 142
82 78
148 145
82 79
8 5
42 13
149 145
147 143
163 159
176 153
147 144
77 73
129 125
79 76
10 6
51 30
9 6
77 74
146 142
34 3
38 10
152 125
78 75
95 29
158 12
63 36
163 160
158 16
143 140
126 89
7 4
144 141
78 74
92 39
76 73
131 117
63 60
145 141
120 70
13 10
20 17
18 12
38 6
51 36
62 59
75 68
57 30
108 105
150 146
79 75
135 114
83 80
165 162
164 161
151 122
11 8
8 4
6 3
173 158
49 43
174 148
14 10
117 28
165 161
88 26
136 99
174 155
155 148
105 102
53 49
82 64
150 147
175 154
115 112
156 16
123 80
175 156
14 11
83 79
42 14
47 43
53 50
133 114
164 160
64 61
9 5
98 95
111 108
37 2
67 56
75 72
98 55
151 147
76 72
15 12
41 10
171 162
172 148
47 25
169 164
57 51
19 13
138 107
175 130
170 137
47 44
167 163
34 30
111 107
34 31
22 19
110 107
64 48
151 148
167 164
109 106
46 43
64 60
169 163
116 113
65 36
119 116
170 135
144 128
108 104
107 104
23 20
39 25
130 18
129 126
109 105
174 156
171 96
62 40
172 133
167 162
23 19
168 163
12 8
157 145
90 22
88 83
117 114
18 13
32 29
63 40
148 118
152 149
33 30
143 139
37 6
61 58
124 120
124 87
38 13
175 153
173 156
7 3
57 54
12 9
93 29
79 52
79 26
43 25
63 59
62 58
106 103
174 154
147 122
13 9
60 57
78 81
144 148
77 80
77 81
146 149
143 146
76 80
7 10
132 173
142 145
78 82
145 148
79 82
5 8
13 42
145 149
143 147
159 163
153 176
144 147
73 77
125 129
76 79
6 10
30 51
6 9
74 77
142 146
3 34
10 38
125 152
75 78
29 95
12 158
36 63
160 163
16 158
140 143
89 126
4 7
141 144
74 78
39 92
73 76
117 131
60 63
141 145
70 120
10 13
17 20
12 18
6 38
36 51
59 62
68 75
30 57
105 108
146 150
75 79
114 135
80 83
162 165
161 164
122 151
8 11
4 8
3 6
158 173
43 49
148 174
10 14
28 117
161 165
26 88
99 136
155 174
148 155
102 105
49 53
64 82
147 150
154 175
112 115
16 156
80 123
156 175
11 14
79 83
14 42
43 47
50 53
114 133
160 164
61 64
5 9
95 98
108 111
2 37
56 67
72 75
55 98
147 151
72 76
12 15
10 41
162 171
148 172
25 47
164 169
51 57
13 19
107 138
130 175
137 170
44 47
163 167
30 34
107 111
31 34
19 22
107 110
48 64
148 151
164 167
106 109
43 46
60 64
163 169
113 116
36 65
116 119
135 170
128 144
104 108
104 107
20 23
25 39
18 130
126 129
105 109
156 174
96 171
40 62
133 172
162 167
19 23
163 168
8 12
145 157
22 90
83 88
114 117
13 18
29 32
40 63
118 148
149 152
30 33
139 143
6 37
58 61
120 124
87 124
13 38
153 175
156 173
3 7
54 57
9 12
29 93
52 79
26 79
25 43
59 63
58 62
103 106
154 174
122 147
9 13
57 60
