173 132
42 13
126 89
92 39
38 6
51 30
131 117
88 26
163 159
34 3
38 10
152 125
63 36
158 12
51 36
95 29
129 125
176 153
49 43
174 148
75 68
158 16
120 70
18 12
57 30
82 64
67 56
117 28
136 99
42 14
135 114
151 122
123 80
77 73
148 118
173 158
98 55
57 51
175 130
10 6
79 26
81 78
148 144
41 10
171 162
65 36
14 10
175 156
155 148
63 40
147 122
38 13
62 40
130 19
175 154
39 25
37 2
169 163
149 145
157 145
105 102
79 52
64 48
90 18
133 114
43 25
171 96
170 137
80 76
78 74
116 71
82 78
143 140
63 60
20 17
138 107
156 16
147 115
88 83
169 164
172 148
120 26
132 12
111 107
108 105
92 19
172 135
90 22
47 43
130 18
141 107
63 51
53 49
19 13
81 77
119 116
144 128
117 95
173 16
47 25
23 19
171 3
57 2
124 120
152 129
146 142
13 10
42 19
42 10
175 16
36 30
173 68
115 112
150 146
65 30
158 132
93 29
168 110
36 27
157 141
86 24
170 135
30 27
68 5
171 110
90 23
165 128
92 66
65 51
174 155
76 70
124 80
6 3
41 20
111 3
135 16
110 97
117 93
120 52
168 163
131 91
110 99
91 84
34 30
173 12
62 59
157 148
167 106
167 162
106 35
10 7
88 24
37 6
151 147
8 4
146 143
110 104
65 60
47 44
172 145
61 18
132 16
80 77
171 34
34 6
163 5
172 161
168 99
84 48
124 88
79 50
124 26
92 45
163 160
88 50
20 15
124 87
78 66
154 150
136 97
173 121
167 164
18 13
165 161
144 133
47 22
44 22
169 134
98 95
92 87
166 107
66 50
87 83
63 49
118 7
140 107
59 2
70 29
107 51
176 128
172 133
114 39
103 98
127 87
90 39
130 90
74 46
69 54
131 121
95 70
122 41
144 111
76 71
83 72
123 76
126 24
86 48
161 153
75 52
7 3
156 90
166 99
114 95
153 78
139 108
145 141
37 34
136 30
57 36
146 81
65 57
167 53
175 20
153 48
138 93
145 137
136 96
53 50
98 54
49 40
177 60
141 137
57 40
124 91
23 20
118 97
96 2
174 109
128 122
89 23
167 163
108 104
144 114
174 21
40 36
25 22
173 61
164 134
109 105
53 35
134 8
54 51
82 77
163 63
147 42
86 50
57 53
144 131
159 114
9 4
