173 132
42 13
126 89
92 39
38 6
51 30
131 117
88 26
163 159
34 3
38 10
152 125
63 36
158 12
51 36
95 29
129 125
176 153
49 43
174 148
75 68
158 16
120 70
18 12
57 30
82 64
67 56
117 28
136 99
42 14
135 114
151 122
123 80
77 73
148 118
173 158
98 55
57 51
175 130
10 6
79 26
81 78
148 144
41 10
171 162
65 36
14 10
175 156
155 148
63 40
147 122
38 13
62 40
130 19
175 154
39 25
37 2
169 163
149 145
157 145
105 102
79 52
64 48
90 18
133 114
43 25
171 96
170 137
80 76
78 74
116 71
82 78
143 140
63 60
20 17
138 107
156 16
147 115
88 83
169 164
172 148
120 26
132 12
111 107
108 105
92 19
172 135
90 22
47 43
130 18
