110 96
51 28
169 163
175 153
172 157
63 50
13 10
35 30
116 112
47 23
120 79
82 64
144 114
175 18
124 80
170 163
65 52
70 28
79 66
141 138
177 121
65 60
66 51
151 122
37 33
37 6
43 25
129 126
48 25
57 33
176 153
18 13
75 68
133 93
61 40
42 38
75 72
174 152
176 129
172 144
117 95
16 12
63 49
136 107
57 51
14 10
54 29
135 110
64 48
139 107
57 30
47 24
79 75
9 5
171 8
81 77
115 112
129 89
49 25
33 5
167 164
94 29
92 26
35 27
12 8
173 132
163 160
174 151
120 26
136 111
162 8
86 83
83 80
60 36
134 93
106 100
7 2
172 155
134 114
52 28
72 69
83 24
171 160
122 119
63 60
120 28
62 49
160 11
76 70
49 40
176 152
136 106
36 33
144 115
171 163
75 71
37 2
112 109
167 163
106 103
39 27
65 53
92 18
130 91
33 3
93 29
34 2
158 16
162 10
49 26
6 2
155 152
148 118
139 103
111 107
110 97
113 97
43 19
53 30
66 50
65 51
145 135
177 174
143 140
79 26
162 11
132 18
38 9
133 92
47 40
12 9
153 128
118 115
95 28
17 13
67 53
144 135
65 30
60 33
23 19
117 28
120 91
155 148
144 118
114 110
116 71
67 57
172 156
174 155
126 88
42 20
45 22
113 93
16 13
67 52
90 25
131 121
130 18
65 59
131 92
34 6
132 9
62 48
39 19
48 45
38 13
50 24
173 16
171 133
75 70
80 76
110 99
67 55
72 68
120 117
173 158
66 52
42 13
43 20
174 148
119 115
67 56
60 49
33 30
132 91
148 144
90 23
54 31
172 132
134 94
79 52
158 11
34 9
177 153
109 106
44 40
48 43
51 30
175 16
171 157
36 27
110 106
78 66
114 93
39 9
105 102
169 134
90 18
88 83
8 4
125 122
105 101
131 91
49 36
106 101
152 131
170 136
117 70
17 14
172 158
177 151
117 113
121 118
83 50
99 96
124 120
84 81
144 111
50 25
158 15
175 130
15 11
38 10
106 99
53 29
120 76
176 130
44 21
46 21
25 19
108 105
114 111
112 108
89 20
129 125
48 24
70 54
121 117
65 36
125 89
175 155
94 35
38 2
35 9
68 54
117 93
78 74
63 59
151 147
114 95
44 22
134 96
128 89
82 79
94 5
112 71
51 26
147 143
38 34
133 117
132 12
164 4
170 157
47 21
171 134
141 137
56 31
55 32
56 53
51 33
34 5
79 50
92 28
43 40
86 24
169 136
151 148
156 16
91 88
60 51
135 114
174 130
163 8
49 43
177 126
155 145
108 104
132 93
141 135
174 149
113 96
109 99
77 73
89 24
58 33
149 145
88 25
175 129
176 154
23 20
63 51
124 121
70 52
162 7
141 136
40 37
75 66
47 22
150 146
89 25
39 36
63 27
11 8
173 130
64 50
76 72
168 137
132 92
173 155
109 97
8 5
147 144
130 90
58 32
131 125
51 27
39 25
57 32
62 40
43 21
163 4
111 108
124 88
133 114
117 91
88 24
120 116
77 74
116 113
173 18
47 43
57 31
63 40
83 79
45 40
91 25
9 6
170 134
124 83
34 30
109 98
90 19
43 39
138 107
126 87
172 145
38 35
87 24
150 147
129 90
146 142
170 158
42 39
125 91
145 141
124 91
61 45
133 118
171 135
57 53
49 39
65 57
148 133
138 103
106 97
148 131
19 13
130 89
168 138
177 131
177 128
105 100
37 34
125 121
158 12
106 102
60 40
14 11
75 52
169 137
95 70
177 130
63 30
51 36
161 11
124 26
107 104
63 48
139 108
169 135
7 4
86 48
52 27
116 70
115 111
147 118
78 75
132 16
82 50
123 119
93 28
152 148
175 154
92 39
83 26
62 45
41 37
62 47
149 146
10 6
92 25
10 7
91 26
11 7
144 140
131 118
172 135
64 51
170 137
177 125
174 131
162 4
47 44
172 148
68 53
125 88
139 104
6 3
135 111
173 15
174 132
52 30
75 69
168 136
119 116
117 114
175 128
88 26
177 127
136 110
18 12
67 54
140 107
7 3
40 36
110 107
49 27
63 36
107 103
157 145
51 29
123 80
91 28
132 90
175 152
64 49
174 154
123 120
90 26
173 12
60 37
131 90
173 157
89 23
80 77
36 30
76 73
170 135
121 91
177 152
173 156
92 35
38 6
140 111
42 19
113 71
113 95
46 22
139 111
156 15
94 27
35 6
113 110
160 12
43 22
79 76
92 27
109 105
55 31
113 70
70 29
30 27
129 88
47 25
169 96
49 24
82 78
41 38
95 29
112 97
163 159
155 149
144 141
171 159
43 23
126 89
92 9
172 133
82 66
113 109
152 149
90 39
94 28
94 30
170 159
174 156
145 142
176 128
35 5
134 95
42 21
171 158
160 7
81 78
52 29
171 12
173 131
44 41
39 35
172 131
130 16
84 80
122 118
32 3
15 12
130 125
69 54
148 145
50 27
46 43
146 143
125 90
68 52
177 129
13 9
160 8
34 3
118 114
53 31
50 26
171 132
96 110
28 51
163 169
153 175
157 172
50 63
10 13
30 35
112 116
23 47
79 120
64 82
114 144
18 175
80 124
163 170
52 65
28 70
66 79
138 141
121 177
60 65
51 66
122 151
33 37
6 37
25 43
126 129
25 48
33 57
153 176
13 18
68 75
93 133
40 61
38 42
72 75
152 174
129 176
144 172
95 117
12 16
49 63
107 136
51 57
10 14
29 54
110 135
48 64
107 139
30 57
24 47
75 79
5 9
8 171
77 81
112 115
89 129
25 49
5 33
164 167
29 94
26 92
27 35
8 12
132 173
160 163
151 174
26 120
111 136
8 162
83 86
80 83
36 60
93 134
100 106
2 7
155 172
114 134
28 52
69 72
24 83
160 171
119 122
60 63
28 120
49 62
11 160
70 76
40 49
152 176
106 136
33 36
115 144
163 171
71 75
2 37
109 112
163 167
103 106
27 39
53 65
18 92
91 130
3 33
29 93
2 34
16 158
10 162
26 49
2 6
152 155
118 148
103 139
107 111
97 110
97 113
19 43
30 53
50 66
51 65
135 145
174 177
140 143
26 79
11 162
18 132
9 38
92 133
40 47
9 12
128 153
115 118
28 95
13 17
53 67
135 144
30 65
33 60
19 23
28 117
91 120
148 155
118 144
110 114
71 116
57 67
156 172
155 174
88 126
20 42
22 45
93 113
13 16
52 67
25 90
121 131
18 130
59 65
92 131
6 34
9 132
48 62
19 39
45 48
13 38
24 50
16 173
133 171
70 75
76 80
99 110
55 67
68 72
117 120
158 173
52 66
13 42
20 43
148 174
115 119
56 67
49 60
30 33
91 132
144 148
23 90
31 54
132 172
94 134
52 79
11 158
9 34
153 177
106 109
40 44
43 48
30 51
16 175
157 171
27 36
106 110
66 78
93 114
9 39
102 105
134 169
18 90
83 88
4 8
122 125
101 105
91 131
36 49
101 106
131 152
136 170
70 117
14 17
158 172
151 177
113 117
118 121
50 83
96 99
120 124
81 84
111 144
25 50
15 158
130 175
11 15
10 38
99 106
29 53
76 120
130 176
21 44
21 46
19 25
105 108
111 114
108 112
20 89
125 129
24 48
54 70
117 121
36 65
89 125
155 175
35 94
2 38
9 35
54 68
93 117
74 78
59 63
147 151
95 114
22 44
96 134
89 128
79 82
5 94
71 112
26 51
143 147
34 38
117 133
12 132
4 164
157 170
21 47
134 171
137 141
31 56
32 55
53 56
33 51
5 34
50 79
28 92
40 43
24 86
136 169
148 151
16 156
88 91
51 60
114 135
130 174
8 163
43 49
126 177
145 155
104 108
93 132
135 141
149 174
96 113
99 109
73 77
24 89
33 58
145 149
25 88
129 175
154 176
20 23
51 63
121 124
52 70
7 162
136 141
37 40
66 75
22 47
146 150
25 89
36 39
27 63
8 11
130 173
50 64
72 76
137 168
92 132
155 173
97 109
5 8
144 147
90 130
32 58
125 131
27 51
25 39
32 57
40 62
21 43
4 163
108 111
88 124
114 133
91 117
24 88
116 120
74 77
113 116
18 173
43 47
31 57
40 63
79 83
40 45
25 91
6 9
134 170
83 124
30 34
98 109
19 90
39 43
107 138
87 126
145 172
35 38
24 87
147 150
90 129
142 146
158 170
39 42
91 125
141 145
91 124
45 61
118 133
135 171
53 57
39 49
57 65
133 148
103 138
97 106
131 148
13 19
89 130
138 168
131 177
128 177
100 105
34 37
121 125
12 158
102 106
40 60
11 14
52 75
137 169
70 95
130 177
30 63
36 51
11 161
26 124
104 107
48 63
108 139
135 169
4 7
48 86
27 52
70 116
111 115
118 147
75 78
16 132
50 82
119 123
28 93
148 152
154 175
39 92
26 83
45 62
37 41
47 62
146 149
6 10
25 92
7 10
26 91
7 11
140 144
118 131
135 172
51 64
137 170
125 177
131 174
4 162
44 47
148 172
53 68
88 125
104 139
3 6
111 135
15 173
132 174
30 52
69 75
136 168
116 119
114 117
128 175
26 88
127 177
110 136
12 18
54 67
107 140
3 7
36 40
107 110
27 49
36 63
103 107
145 157
29 51
80 123
28 91
90 132
152 175
49 64
154 174
120 123
26 90
12 173
37 60
90 131
157 173
23 89
77 80
30 36
73 76
135 170
91 121
152 177
156 173
35 92
6 38
111 140
19 42
71 113
95 113
22 46
111 139
15 156
27 94
6 35
110 113
12 160
22 43
76 79
27 92
105 109
31 55
70 113
29 70
27 30
88 129
25 47
96 169
24 49
78 82
38 41
29 95
97 112
159 163
149 155
141 144
159 171
23 43
89 126
9 92
133 172
66 82
109 113
149 152
39 90
28 94
30 94
159 170
156 174
142 145
128 176
5 35
95 134
21 42
158 171
7 160
78 81
29 52
12 171
131 173
41 44
35 39
131 172
16 130
80 84
118 122
3 32
12 15
125 130
54 69
145 148
27 50
43 46
143 146
90 125
52 68
129 177
9 13
8 160
3 34
114 118
31 53
26 50
132 171
