81 78
148 144
80 77
81 77
149 146
146 143
80 76
10 7
173 132
145 142
82 78
148 145
82 79
8 5
42 13
149 145
147 143
163 159
176 153
147 144
77 73
129 125
79 76
10 6
51 30
9 6
77 74
146 142
34 3
38 10
152 125
78 75
95 29
158 12
63 36
163 160
158 16
143 140
126 89
7 4
144 141
78 74
92 39
76 73
131 117
63 60
145 141
120 70
13 10
20 17
18 12
38 6
51 36
62 59
75 68
57 30
108 105
150 146
79 75
135 114
83 80
165 162
164 161
151 122
11 8
8 4
6 3
173 158
49 43
174 148
14 10
117 28
165 161
88 26
136 99
174 155
155 148
105 102
53 49
82 64
150 147
175 154
115 112
156 16
123 80
175 156
14 11
83 79
42 14
47 43
53 50
133 114
164 160
64 61
9 5
98 95
111 108
37 2
67 56
75 72
98 55
151 147
76 72
15 12
41 10
171 162
172 148
47 25
169 164
57 51
19 13
138 107
175 130
170 137
47 44
167 163
34 30
111 107
34 31
22 19
110 107
64 48
151 148
167 164
109 106
46 43
64 60
169 163
116 113
65 36
119 116
170 135
144 128
108 104
107 104
23 20
39 25
130 18
129 126
109 105
174 156
171 96
62 40
172 133
167 162
23 19
168 163
12 8
157 145
90 22
88 83
117 114
18 13
32 29
63 40
148 118
152 149
33 30
143 139
37 6
61 58
124 120
124 87
38 13
175 153
173 156
7 3
57 54
12 9
93 29
79 52
79 26
43 25
63 59
62 58
106 103
174 154
147 122
13 9
60 57
88 24
112 109
115 111
54 51
130 19
22 18
35 32
141 107
15 11
30 27
172 132
120 26
21 18
90 18
21 17
144 140
152 129
123 120
6 2
170 162
87 84
87 83
11 7
162 159
20 16
117 113
86 83
136 97
110 97
20 15
113 110
168 164
41 38
45 42
128 125
84 81
173 16
153 150
90 23
169 134
42 19
48 25
36 30
154 150
58 55
63 49
114 111
113 109
57 53
116 71
48 43
33 29
86 24
166 163
72 69
48 24
172 135
31 28
110 106
170 136
124 80
116 112
172 157
36 27
63 51
46 42
42 10
157 148
20 14
79 50
123 119
168 137
173 157
84 80
161 158
105 101
171 133
54 50
171 134
169 136
107 103
142 139
173 133
154 151
47 22
171 132
72 68
175 155
66 50
75 71
