116 45
35 32
71 56
112 6
21 7
104 28
136 59
90 84
128 10
75 53
100 38
24 6
107 104
133 9
95 41
91 43
80 49
132 64
111 55
92 47
25 5
86 17
116 51
26 4
137 111
111 68
107 28
78 50
134 61
70 56
65 10
25 22
72 54
133 24
124 14
98 37
59 56
39 26
103 30
135 5
68 56
114 52
23 7
11 8
81 48
136 109
110 56
98 38
26 3
38 27
36 29
67 64
136 111
112 4
89 17
131 14
132 114
130 116
110 59
37 29
63 60
79 42
137 55
35 30
92 85
91 45
102 34
107 55
116 49
129 126
129 118
28 3
92 44
106 103
110 72
114 40
124 13
133 115
137 112
73 55
99 37
134 112
39 28
51 42
45 23
24 5
113 56
116 50
113 65
119 47
114 42
93 45
67 63
43 23
94 82
114 51
131 117
134 113
109 59
123 120
115 54
124 120
68 64
129 117
134 64
93 44
94 43
82 48
90 87
23 6
130 118
42 6
102 36
103 35
95 40
78 51
53 38
100 75
133 6
92 48
112 26
93 81
111 59
134 6
132 115
96 80
121 117
69 56
97 37
64 9
137 28
94 41
137 109
131 12
93 42
36 32
124 121
22 6
37 28
46 14
135 4
68 57
128 121
98 77
114 6
113 54
53 40
114 53
43 24
15 11
114 79
65 56
110 57
40 27
112 54
41 24
104 29
121 118
28 2
79 52
92 83
113 68
135 112
116 47
20 17
38 28
21 8
104 2
37 31
93 83
112 55
67 58
21 9
68 61
72 56
103 34
135 113
92 46
135 61
120 14
81 51
45 15
128 125
91 84
102 35
128 12
111 60
113 53
40 24
135 6
134 114
79 50
85 44
68 59
39 29
91 85
80 51
132 8
128 124
74 71
27 3
12 8
97 39
133 23
94 80
16 13
93 84
133 113
71 55
89 86
129 121
69 60
115 52
136 61
36 31
40 26
115 51
103 33
108 105
64 10
73 54
125 122
69 57
131 115
133 21
89 46
92 42
101 34
97 40
68 60
93 43
126 121
107 2
94 42
126 122
106 102
131 116
133 114
86 44
81 45
72 57
98 53
94 83
75 38
110 55
96 79
61 9
68 65
99 36
114 24
130 117
112 53
104 30
25 4
108 2
72 55
38 26
71 57
95 42
124 12
131 15
131 118
100 36
82 49
25 6
75 54
110 58
134 65
42 24
94 81
36 28
136 110
118 14
28 4
98 75
103 36
65 9
71 54
45 42
96 77
98 40
91 44
107 36
99 35
87 84
137 26
15 12
35 31
92 84
123 13
133 7
92 49
111 61
69 58
113 55
135 7
68 58
132 113
115 65
89 44
97 38
137 110
130 115
135 111
63 9
75 52
67 61
128 118
81 42
91 46
91 86
40 25
137 107
36 30
91 17
70 57
90 86
107 103
90 46
100 35
44 23
111 56
74 54
79 40
25 3
136 112
118 47
80 50
114 23
99 38
22 5
134 56
67 62
130 65
22 7
37 30
99 31
66 63
102 73
131 45
93 85
96 40
136 4
51 45
133 8
134 4
132 10
95 79
23 8
26 6
116 52
134 9
81 50
134 68
131 47
111 4
111 58
134 7
132 9
131 46
132 65
104 36
46 12
39 27
108 104
134 111
110 107
89 16
125 121
42 23
47 14
137 4
124 118
94 79
46 15
137 2
92 81
79 51
93 41
92 45
85 43
81 49
137 3
78 52
133 45
101 35
67 60
100 73
41 25
107 102
15 8
92 82
123 14
84 48
44 17
137 108
64 61
79 53
