132 46
96 40
112 28
40 26
110 107
93 88
130 116
136 59
103 36
71 54
38 28
86 50
119 78
126 123
95 41
93 90
78 71
120 84
107 28
87 51
79 72
67 60
81 71
126 121
102 36
78 74
128 123
67 62
124 121
125 121
69 58
97 38
109 59
128 125
137 55
96 26
110 65
36 30
110 72
94 85
110 106
137 28
119 71
111 59
113 68
98 37
85 82
129 125
39 29
78 54
119 52
67 59
6 2
51 46
87 49
127 123
78 53
99 77
41 29
83 77
93 43
111 68
131 68
120 73
92 48
38 26
62 43
119 54
6 3
134 131
46 132
40 96
28 112
26 40
107 110
88 93
116 130
59 136
36 103
54 71
28 38
50 86
78 119
123 126
41 95
90 93
71 78
84 120
28 107
51 87
72 79
60 67
71 81
121 126
36 102
74 78
123 128
62 67
121 124
121 125
58 69
38 97
59 109
125 128
55 137
26 96
65 110
30 36
72 110
85 94
106 110
28 137
71 119
59 111
68 113
37 98
82 85
125 129
29 39
54 78
52 119
59 67
2 6
46 51
49 87
123 127
53 78
77 99
29 41
77 83
43 93
68 111
68 131
73 120
48 92
26 38
43 62
54 119
3 6
131 134
