40 26
40 27
38 28
95 41
93 90
41 26
39 28
110 107
36 30
96 40
39 27
39 26
93 88
38 26
38 27
38 29
6 3
78 71
126 123
95 40
40 25
78 73
109 59
130 116
92 89
78 74
39 29
67 60
125 122
37 30
78 72
79 72
7 4
87 49
110 106
77 74
128 125
41 25
127 124
94 41
93 89
66 63
97 38
96 41
34 31
78 75
37 29
92 88
111 59
37 28
5 2
94 88
71 54
79 73
66 62
128 124
110 59
67 63
108 105
119 78
107 28
125 121
14 11
86 50
6 2
109 60
79 74
15 12
41 27
93 87
26 40
27 40
28 38
41 95
90 93
26 41
28 39
107 110
30 36
40 96
27 39
26 39
88 93
26 38
27 38
29 38
3 6
71 78
123 126
40 95
25 40
73 78
59 109
116 130
89 92
74 78
29 39
60 67
122 125
30 37
72 78
72 79
4 7
49 87
106 110
74 77
125 128
25 41
124 127
41 94
89 93
63 66
38 97
41 96
31 34
75 78
29 37
88 92
59 111
28 37
2 5
88 94
54 71
73 79
62 66
124 128
59 110
63 67
105 108
78 119
28 107
121 125
11 14
50 86
2 6
60 109
74 79
12 15
27 41
87 93
