40 26
132 46
38 28
93 88
109 59
78 71
71 54
130 116
95 41
96 40
39 27
79 72
120 84
39 29
38 26
93 90
78 74
41 25
36 30
107 28
87 49
86 50
112 28
119 78
41 27
136 59
67 60
110 107
95 40
66 63
98 37
103 36
87 51
37 28
81 71
39 26
97 38
119 52
111 59
69 58
78 73
78 72
110 106
102 36
92 89
137 55
6 3
77 74
110 59
67 59
42 24
38 27
125 121
37 29
78 75
94 41
36 29
127 124
40 25
94 85
129 126
96 26
37 31
113 68
6 2
79 76
67 62
78 54
134 131
79 74
94 88
38 29
40 27
41 29
94 40
83 77
94 87
126 121
79 75
39 28
92 48
111 68
41 26
37 30
79 73
7 4
128 125
130 115
109 60
109 106
129 125
110 65
85 82
35 30
124 121
135 45
78 53
124 120
111 107
127 123
108 105
34 30
98 35
119 71
111 108
112 26
80 71
65 62
49 46
77 73
96 41
126 122
137 28
93 89
5 2
93 87
110 72
64 61
109 67
67 63
126 123
125 122
48 45
120 73
92 88
81 78
93 43
128 124
99 77
17 14
123 120
102 99
86 49
76 73
97 37
66 62
95 86
121 84
14 11
69 51
