40 26
132 46
38 28
93 88
109 59
78 71
71 54
130 116
95 41
96 40
39 27
79 72
120 84
39 29
38 26
93 90
78 74
41 25
36 30
107 28
87 49
86 50
112 28
119 78
41 27
136 59
67 60
110 107
95 40
66 63
98 37
103 36
87 51
37 28
81 71
39 26
97 38
119 52
111 59
69 58
78 73
78 72
110 106
102 36
92 89
137 55
6 3
77 74
110 59
67 59
42 24
38 27
125 121
37 29
78 75
94 41
36 29
127 124
40 25
94 85
129 126
96 26
37 31
113 68
6 2
79 76
67 62
78 54
134 131
79 74
94 88
38 29
40 27
41 29
94 40
83 77
94 87
126 121
79 75
39 28
92 48
111 68
41 26
37 30
79 73
7 4
128 125
130 115
109 60
109 106
129 125
110 65
85 82
35 30
124 121
135 45
78 53
124 120
111 107
127 123
108 105
34 30
98 35
119 71
111 108
112 26
80 71
65 62
49 46
77 73
96 41
126 122
137 28
93 89
5 2
93 87
110 72
64 61
109 67
67 63
126 123
125 122
48 45
120 73
92 88
81 78
93 43
128 124
99 77
17 14
123 120
102 99
86 49
76 73
97 37
66 62
95 86
121 84
14 11
69 51
88 49
131 68
34 31
36 28
119 54
81 74
11 8
120 78
9 6
110 67
65 61
15 12
63 60
39 25
96 39
131 115
108 104
7 3
8 5
128 123
23 20
96 38
91 88
13 10
51 46
37 26
121 83
38 30
111 70
10 7
94 86
82 52
95 39
87 44
39 30
126 120
94 42
87 46
108 60
48 44
94 26
49 45
67 64
108 28
16 13
89 44
35 31
109 105
35 32
41 24
47 44
106 103
110 58
81 73
40 29
64 60
80 73
86 51
101 85
81 54
72 55
81 52
83 78
132 116
36 33
84 81
111 44
118 115
12 9
131 116
26 40
46 132
28 38
88 93
59 109
71 78
54 71
116 130
41 95
40 96
27 39
72 79
84 120
29 39
26 38
90 93
74 78
25 41
30 36
28 107
49 87
50 86
28 112
78 119
27 41
59 136
60 67
107 110
40 95
63 66
37 98
36 103
51 87
28 37
71 81
26 39
38 97
52 119
59 111
58 69
73 78
72 78
106 110
36 102
89 92
55 137
3 6
74 77
59 110
59 67
24 42
27 38
121 125
29 37
75 78
41 94
29 36
124 127
25 40
85 94
126 129
26 96
31 37
68 113
2 6
76 79
62 67
54 78
131 134
74 79
88 94
29 38
27 40
29 41
40 94
77 83
87 94
121 126
75 79
28 39
48 92
68 111
26 41
30 37
73 79
4 7
125 128
115 130
60 109
106 109
125 129
65 110
82 85
30 35
121 124
45 135
53 78
120 124
107 111
123 127
105 108
30 34
35 98
71 119
108 111
26 112
71 80
62 65
46 49
73 77
41 96
122 126
28 137
89 93
2 5
87 93
72 110
61 64
67 109
63 67
123 126
122 125
45 48
73 120
88 92
78 81
43 93
124 128
77 99
14 17
120 123
99 102
49 86
73 76
37 97
62 66
86 95
84 121
11 14
51 69
49 88
68 131
31 34
28 36
54 119
74 81
8 11
78 120
6 9
67 110
61 65
12 15
60 63
25 39
39 96
115 131
104 108
3 7
5 8
123 128
20 23
38 96
88 91
10 13
46 51
26 37
83 121
30 38
70 111
7 10
86 94
52 82
39 95
44 87
30 39
120 126
42 94
46 87
60 108
44 48
26 94
45 49
64 67
28 108
13 16
44 89
31 35
105 109
32 35
24 41
44 47
103 106
58 110
73 81
29 40
60 64
73 80
51 86
85 101
54 81
55 72
52 81
78 83
116 132
33 36
81 84
44 111
115 118
9 12
116 131
