132 46
96 40
112 28
40 26
110 107
93 88
130 116
136 59
103 36
71 54
38 28
86 50
119 78
126 123
95 41
93 90
78 71
120 84
107 28
87 51
79 72
67 60
81 71
126 121
102 36
78 74
128 123
67 62
124 121
125 121
69 58
97 38
109 59
128 125
137 55
96 26
110 65
36 30
110 72
94 85
110 106
137 28
119 71
111 59
113 68
98 37
85 82
129 125
39 29
78 54
119 52
67 59
6 2
51 46
87 49
127 123
78 53
99 77
41 29
83 77
93 43
111 68
131 68
120 73
92 48
38 26
62 43
119 54
6 3
134 131
135 45
123 120
128 124
98 35
111 70
111 44
129 126
87 46
94 88
126 120
39 27
81 54
78 73
126 78
102 99
82 52
127 124
69 51
41 25
94 87
41 27
37 29
132 116
35 30
110 75
79 75
79 74
125 122
83 65
88 49
131 115
109 67
121 83
43 39
37 31
112 26
108 104
112 55
89 44
99 82
92 89
115 68
94 45
108 60
121 59
81 78
115 56
126 113
95 40
102 82
98 86
131 71
120 78
121 84
114 42
76 57
130 21
104 26
69 49
80 71
5 2
110 62
101 85
115 71
124 120
64 60
81 74
108 105
85 77
66 63
46 132
40 96
28 112
26 40
107 110
88 93
116 130
59 136
36 103
54 71
28 38
50 86
78 119
123 126
41 95
90 93
71 78
84 120
28 107
51 87
72 79
60 67
71 81
121 126
36 102
74 78
123 128
62 67
121 124
121 125
58 69
38 97
59 109
125 128
55 137
26 96
65 110
30 36
72 110
85 94
106 110
28 137
71 119
59 111
68 113
37 98
82 85
125 129
29 39
54 78
52 119
59 67
2 6
46 51
49 87
123 127
53 78
77 99
29 41
77 83
43 93
68 111
68 131
73 120
48 92
26 38
43 62
54 119
3 6
131 134
45 135
120 123
124 128
35 98
70 111
44 111
126 129
46 87
88 94
120 126
27 39
54 81
73 78
78 126
99 102
52 82
124 127
51 69
25 41
87 94
27 41
29 37
116 132
30 35
75 110
75 79
74 79
122 125
65 83
49 88
115 131
67 109
83 121
39 43
31 37
26 112
104 108
55 112
44 89
82 99
89 92
68 115
45 94
60 108
59 121
78 81
56 115
113 126
40 95
82 102
86 98
71 131
78 120
84 121
42 114
57 76
21 130
26 104
49 69
71 80
2 5
62 110
85 101
71 115
120 124
60 64
74 81
105 108
77 85
63 66
