160 157
164 161
162 159
161 158
159 156
158 155
23 20
160 156
162 158
159 155
161 157
163 159
163 160
22 18
137 134
21 18
139 135
138 135
145 113
164 160
96 93
157 154
23 19
22 19
97 94
139 136
134 131
146 114
144 112
101 98
91 88
165 162
144 113
111 80
135 131
102 99
102 98
133 130
24 20
158 154
138 134
95 92
140 136
94 91
146 113
99 96
136 132
156 153
93 90
100 97
98 95
135 132
136 133
24 21
111 79
89 86
100 96
145 114
103 100
147 113
137 133
155 152
134 130
113 80
13 10
113 82
20 17
145 112
103 99
143 112
166 163
140 137
114 83
114 81
79 7
97 93
112 81
101 97
114 84
21 17
20 16
112 79
113 81
115 82
113 79
157 160
161 164
159 162
158 161
156 159
155 158
20 23
156 160
158 162
155 159
157 161
159 163
160 163
18 22
134 137
18 21
135 139
135 138
113 145
160 164
93 96
154 157
19 23
19 22
94 97
136 139
131 134
114 146
112 144
98 101
88 91
162 165
113 144
80 111
131 135
99 102
98 102
130 133
20 24
154 158
134 138
92 95
136 140
91 94
113 146
96 99
132 136
153 156
90 93
97 100
95 98
132 135
133 136
21 24
79 111
86 89
96 100
114 145
100 103
113 147
133 137
152 155
130 134
80 113
10 13
82 113
17 20
112 145
99 103
112 143
163 166
137 140
83 114
81 114
7 79
93 97
81 112
97 101
84 114
17 21
16 20
79 112
81 113
82 115
79 113
