160 157
161 158
162 159
161 157
159 156
160 156
162 158
164 161
23 20
163 159
163 160
158 155
22 18
164 160
159 155
138 135
22 19
157 154
23 19
96 93
161 145
137 134
146 114
21 18
145 113
115 81
81 18
144 112
134 131
137 133
113 79
139 135
138 134
165 162
147 113
158 154
161 143
111 79
102 99
146 117
19 7
99 96
158 113
95 92
101 98
54 4
136 133
13 10
75 6
135 132
79 7
102 98
98 95
100 97
92 10
20 16
152 21
155 18
139 136
112 80
136 132
24 20
149 17
133 130
21 17
101 97
100 96
145 111
132 87
114 84
140 136
97 94
149 115
158 147
112 82
165 161
143 112
103 99
91 88
111 80
113 82
113 81
135 131
103 100
134 130
24 21
145 112
20 17
144 82
114 82
117 84
89 86
52 45
94 91
96 92
52 43
113 80
78 6
77 5
144 114
146 113
67 64
97 93
166 162
133 129
115 83
98 94
162 77
163 51
140 137
158 18
147 115
162 79
93 90
110 97
116 83
143 111
97 80
166 163
152 149
142 112
93 80
145 114
54 43
25 21
132 129
115 82
77 6
99 95
161 111
13 9
119 116
147 114
111 77
119 85
90 87
153 117
86 83
144 133
64 61
92 89
19 16
110 80
166 3
104 100
148 118
38 35
110 78
149 18
114 81
148 115
109 78
109 77
131 128
50 45
116 84
37 34
126 123
65 62
130 126
111 78
54 5
132 128
72 69
139 94
68 64
68 65
39 36
51 45
72 68
157 160
158 161
159 162
157 161
156 159
156 160
158 162
161 164
20 23
159 163
160 163
155 158
18 22
160 164
155 159
135 138
19 22
154 157
19 23
93 96
145 161
134 137
114 146
18 21
113 145
81 115
18 81
112 144
131 134
133 137
79 113
135 139
134 138
162 165
113 147
154 158
143 161
79 111
99 102
117 146
7 19
96 99
113 158
92 95
98 101
4 54
133 136
10 13
6 75
132 135
7 79
98 102
95 98
97 100
10 92
16 20
21 152
18 155
136 139
80 112
132 136
20 24
17 149
130 133
17 21
97 101
96 100
111 145
87 132
84 114
136 140
94 97
115 149
147 158
82 112
161 165
112 143
99 103
88 91
80 111
82 113
81 113
131 135
100 103
130 134
21 24
112 145
17 20
82 144
82 114
84 117
86 89
45 52
91 94
92 96
43 52
80 113
6 78
5 77
114 144
113 146
64 67
93 97
162 166
129 133
83 115
94 98
77 162
51 163
137 140
18 158
115 147
79 162
90 93
97 110
83 116
111 143
80 97
163 166
149 152
112 142
80 93
114 145
43 54
21 25
129 132
82 115
6 77
95 99
111 161
9 13
116 119
114 147
77 111
85 119
87 90
117 153
83 86
133 144
61 64
89 92
16 19
80 110
3 166
100 104
118 148
35 38
78 110
18 149
81 114
115 148
78 109
77 109
128 131
45 50
84 116
34 37
123 126
62 65
126 130
78 111
5 54
128 132
69 72
94 139
64 68
65 68
36 39
45 51
68 72
