92 9
52 2
55 19
144 137
89 86
67 64
158 155
93 81
81 13
72 56
159 155
130 84
86 82
162 143
79 8
158 147
20 17
115 84
78 72
26 21
96 80
65 61
71 56
108 77
145 114
100 78
95 91
166 163
147 113
141 137
28 17
139 136
101 97
75 4
23 20
71 67
18 15
149 17
126 85
155 18
55 7
147 115
96 92
83 13
59 11
33 11
27 17
15 7
147 18
94 91
104 73
154 146
127 86
155 147
22 19
17 14
153 146
99 96
40 19
89 9
55 40
71 6
53 3
144 113
108 105
97 93
114 84
111 80
138 135
162 109
58 7
64 34
120 117
78 8
133 130
146 84
137 134
148 116
92 89
142 112
53 40
163 44
103 99
149 14
57 39
80 9
112 82
119 85
162 5
79 6
165 162
71 37
72 8
98 94
92 10
108 76
120 84
107 76
164 160
144 134
114 82
23 19
110 100
81 8
150 29
75 72
64 59
155 148
112 93
142 138
149 27
104 78
140 136
50 44
70 67
93 89
15 9
115 81
150 17
158 145
154 148
34 16
149 116
33 12
59 36
90 87
96 8
161 143
56 7
143 112
147 117
89 13
140 137
142 136
117 84
145 112
48 45
133 90
76 5
152 21
162 3
67 58
105 74
31 28
158 111
159 156
55 23
134 131
89 82
103 69
82 10
60 8
151 148
58 9
73 70
56 5
165 143
57 7
52 42
104 75
59 37
159 22
111 77
71 68
49 46
13 10
56 39
165 161
163 3
166 109
163 160
102 99
109 77
141 110
21 18
104 101
124 120
149 20
152 27
57 19
98 95
93 80
108 100
57 38
21 17
56 6
71 58
110 97
166 162
148 117
68 64
105 76
34 15
61 11
154 145
89 81
60 34
54 5
51 43
79 7
60 9
57 34
75 71
156 22
110 80
126 84
159 44
81 7
163 77
59 34
55 6
137 133
157 154
116 84
151 118
78 7
125 120
72 6
96 93
150 116
56 37
129 126
140 97
116 85
76 3
128 84
143 110
143 109
52 41
50 45
54 39
108 72
162 158
42 22
57 15
88 10
136 132
79 18
99 95
55 5
26 20
64 60
144 133
126 120
119 116
81 9
18 14
104 72
25 21
136 93
133 129
128 87
109 76
133 112
113 79
119 84
76 4
105 75
75 6
93 90
134 130
57 16
145 113
149 115
59 33
41 23
162 77
110 77
77 4
72 68
53 2
158 18
77 3
53 43
158 22
146 115
53 42
57 40
146 130
51 3
104 99
100 96
108 104
124 85
110 78
95 92
31 14
113 82
113 81
165 109
27 21
161 158
153 118
160 156
54 2
40 23
121 118
153 148
148 115
38 16
158 143
115 83
62 11
144 111
127 85
97 94
28 20
53 5
64 37
22 18
136 133
166 77
163 46
92 88
75 5
141 138
51 44
144 138
65 60
67 37
74 4
61 33
68 8
58 34
114 83
158 113
54 3
27 20
166 3
140 101
160 44
115 82
142 80
58 15
156 152
90 83
81 14
158 154
89 10
153 117
91 88
83 12
113 18
72 69
97 80
38 34
93 10
124 119
86 83
140 110
38 19
72 58
142 110
132 128
73 69
67 36
67 59
19 16
24 21
93 82
19 15
64 61
120 85
116 14
103 72
132 90
79 15
128 82
135 132
75 56
132 129
105 73
135 131
155 149
60 11
100 8
64 58
122 118
60 15
68 58
160 157
58 6
89 83
125 85
50 43
152 148
140 112
122 119
113 80
127 84
116 83
150 27
127 87
64 35
152 149
57 37
112 80
59 35
155 152
111 79
13 9
146 114
128 90
91 87
49 45
166 76
20 16
54 41
104 100
18 7
142 137
100 97
53 44
149 18
145 111
86 10
154 147
55 42
147 114
96 9
139 135
51 45
152 147
65 62
110 79
136 112
115 17
117 114
149 21
58 36
157 145
82 9
114 81
162 111
112 97
115 14
163 159
90 86
146 117
24 20
55 41
142 111
68 65
86 13
115 18
158 79
136 97
77 5
78 6
69 66
93 9
92 82
159 53
78 5
31 17
31 16
94 90
115 13
101 98
138 134
108 78
15 8
103 100
55 39
83 10
54 4
81 15
123 119
82 13
111 78
79 5
31 20
128 114
143 137
137 112
52 43
136 94
51 46
144 136
156 44
102 98
116 13
56 4
133 128
160 46
53 41
114 13
56 38
100 72
58 8
78 75
77 6
81 18
109 78
164 161
161 111
133 114
37 34
144 112
58 37
60 10
42 23
163 51
148 118
100 80
52 3
150 118
142 97
108 75
153 147
80 8
64 36
161 157
159 5
19 7
146 113
159 42
155 21
143 111
162 159
83 14
164 46
155 22
90 82
9 92
2 52
19 55
137 144
86 89
64 67
155 158
81 93
13 81
56 72
155 159
84 130
82 86
143 162
8 79
147 158
17 20
84 115
72 78
21 26
80 96
61 65
56 71
77 108
114 145
78 100
91 95
163 166
113 147
137 141
17 28
136 139
97 101
4 75
20 23
67 71
15 18
17 149
85 126
18 155
7 55
115 147
92 96
13 83
11 59
11 33
17 27
7 15
18 147
91 94
73 104
146 154
86 127
147 155
19 22
14 17
146 153
96 99
19 40
9 89
40 55
6 71
3 53
113 144
105 108
93 97
84 114
80 111
135 138
109 162
7 58
34 64
117 120
8 78
130 133
84 146
134 137
116 148
89 92
112 142
40 53
44 163
99 103
14 149
39 57
9 80
82 112
85 119
5 162
6 79
162 165
37 71
8 72
94 98
10 92
76 108
84 120
76 107
160 164
134 144
82 114
19 23
100 110
8 81
29 150
72 75
59 64
148 155
93 112
138 142
27 149
78 104
136 140
44 50
67 70
89 93
9 15
81 115
17 150
145 158
148 154
16 34
116 149
12 33
36 59
87 90
8 96
143 161
7 56
112 143
117 147
13 89
137 140
136 142
84 117
112 145
45 48
90 133
5 76
21 152
3 162
58 67
74 105
28 31
111 158
156 159
23 55
131 134
82 89
69 103
10 82
8 60
148 151
9 58
70 73
5 56
143 165
7 57
42 52
75 104
37 59
22 159
77 111
68 71
46 49
10 13
39 56
161 165
3 163
109 166
160 163
99 102
77 109
110 141
18 21
101 104
120 124
20 149
27 152
19 57
95 98
80 93
100 108
38 57
17 21
6 56
58 71
97 110
162 166
117 148
64 68
76 105
15 34
11 61
145 154
81 89
34 60
5 54
43 51
7 79
9 60
34 57
71 75
22 156
80 110
84 126
44 159
7 81
77 163
34 59
6 55
133 137
154 157
84 116
118 151
7 78
120 125
6 72
93 96
116 150
37 56
126 129
97 140
85 116
3 76
84 128
110 143
109 143
41 52
45 50
39 54
72 108
158 162
22 42
15 57
10 88
132 136
18 79
95 99
5 55
20 26
60 64
133 144
120 126
116 119
9 81
14 18
72 104
21 25
93 136
129 133
87 128
76 109
112 133
79 113
84 119
4 76
75 105
6 75
90 93
130 134
16 57
113 145
115 149
33 59
23 41
77 162
77 110
4 77
68 72
2 53
18 158
3 77
43 53
22 158
115 146
42 53
40 57
130 146
3 51
99 104
96 100
104 108
85 124
78 110
92 95
14 31
82 113
81 113
109 165
21 27
158 161
118 153
156 160
2 54
23 40
118 121
148 153
115 148
16 38
143 158
83 115
11 62
111 144
85 127
94 97
20 28
5 53
37 64
18 22
133 136
77 166
46 163
88 92
5 75
138 141
44 51
138 144
60 65
37 67
4 74
33 61
8 68
34 58
83 114
113 158
3 54
20 27
3 166
101 140
44 160
82 115
80 142
15 58
152 156
83 90
14 81
154 158
10 89
117 153
88 91
12 83
18 113
69 72
80 97
34 38
10 93
119 124
83 86
110 140
19 38
58 72
110 142
128 132
69 73
36 67
59 67
16 19
21 24
82 93
15 19
61 64
85 120
14 116
72 103
90 132
15 79
82 128
132 135
56 75
129 132
73 105
131 135
149 155
11 60
8 100
58 64
118 122
15 60
58 68
157 160
6 58
83 89
85 125
43 50
148 152
112 140
119 122
80 113
84 127
83 116
27 150
87 127
35 64
149 152
37 57
80 112
35 59
152 155
79 111
9 13
114 146
90 128
87 91
45 49
76 166
16 20
41 54
100 104
7 18
137 142
97 100
44 53
18 149
111 145
10 86
147 154
42 55
114 147
9 96
135 139
45 51
147 152
62 65
79 110
112 136
17 115
114 117
21 149
36 58
145 157
9 82
81 114
111 162
97 112
14 115
159 163
86 90
117 146
20 24
41 55
111 142
65 68
13 86
18 115
79 158
97 136
5 77
6 78
66 69
9 93
82 92
53 159
5 78
17 31
16 31
90 94
13 115
98 101
134 138
78 108
8 15
100 103
39 55
10 83
4 54
15 81
119 123
13 82
78 111
5 79
20 31
114 128
137 143
112 137
43 52
94 136
46 51
136 144
44 156
98 102
13 116
4 56
128 133
46 160
41 53
13 114
38 56
72 100
8 58
75 78
6 77
18 81
78 109
161 164
111 161
114 133
34 37
112 144
37 58
10 60
23 42
51 163
118 148
80 100
3 52
118 150
97 142
75 108
147 153
8 80
36 64
157 161
5 159
7 19
113 146
42 159
21 155
111 143
159 162
14 83
46 164
22 155
82 90
