152 21
161 145
92 10
114 84
115 81
158 113
81 18
147 113
164 161
161 143
113 79
146 117
75 6
149 115
149 17
146 114
165 161
117 84
157 154
19 7
153 117
155 18
144 82
132 87
134 130
158 147
158 18
137 133
138 134
89 86
79 7
145 111
162 79
54 4
163 53
162 77
139 135
112 82
119 85
155 21
160 157
161 111
86 83
102 98
36 31
60 57
149 18
97 80
144 114
111 79
93 80
163 51
110 97
101 97
140 136
144 133
164 160
52 45
166 3
119 116
158 79
77 5
116 83
22 18
148 118
13 10
165 143
114 82
24 20
91 88
101 98
34 31
52 43
145 113
161 157
152 149
64 61
35 32
111 77
159 22
160 156
132 129
159 155
31 28
135 132
21 152
145 161
10 92
84 114
81 115
113 158
18 81
113 147
161 164
143 161
79 113
117 146
6 75
115 149
17 149
114 146
161 165
84 117
154 157
7 19
117 153
18 155
82 144
87 132
130 134
147 158
18 158
133 137
134 138
86 89
7 79
111 145
79 162
4 54
53 163
77 162
135 139
82 112
85 119
21 155
157 160
111 161
83 86
98 102
31 36
57 60
18 149
80 97
114 144
79 111
80 93
51 163
97 110
97 101
136 140
133 144
160 164
45 52
3 166
116 119
79 158
5 77
83 116
18 22
118 148
10 13
143 165
82 114
20 24
88 91
98 101
31 34
43 52
113 145
157 161
149 152
61 64
32 35
77 111
22 159
156 160
129 132
155 159
28 31
132 135
