160 157
161 158
162 159
161 157
159 156
160 156
162 158
164 161
23 20
163 159
163 160
158 155
22 18
164 160
159 155
138 135
22 19
157 154
23 19
96 93
161 145
137 134
146 114
21 18
145 113
115 81
81 18
144 112
134 131
137 133
113 79
139 135
138 134
165 162
147 113
158 154
161 143
111 79
102 99
146 117
19 7
99 96
158 113
95 92
101 98
54 4
136 133
13 10
75 6
135 132
79 7
102 98
98 95
100 97
92 10
20 16
152 21
155 18
139 136
112 80
136 132
24 20
149 17
133 130
21 17
101 97
100 96
145 111
132 87
114 84
140 136
97 94
149 115
158 147
112 82
165 161
143 112
103 99
91 88
111 80
113 82
113 81
135 131
103 100
134 130
24 21
145 112
20 17
144 82
114 82
117 84
89 86
52 45
94 91
96 92
52 43
113 80
78 6
77 5
144 114
146 113
67 64
97 93
166 162
133 129
115 83
98 94
162 77
163 51
140 137
158 18
147 115
162 79
93 90
110 97
116 83
143 111
97 80
166 163
152 149
142 112
93 80
145 114
54 43
25 21
132 129
115 82
77 6
99 95
161 111
13 9
119 116
147 114
111 77
119 85
90 87
153 117
86 83
144 133
64 61
92 89
19 16
110 80
166 3
104 100
148 118
38 35
110 78
149 18
114 81
148 115
109 78
109 77
131 128
50 45
116 84
37 34
126 123
65 62
130 126
111 78
54 5
132 128
72 69
139 94
68 64
68 65
39 36
51 45
72 68
69 66
95 91
117 114
91 87
129 126
93 89
130 127
163 53
94 90
154 145
54 41
55 5
151 148
66 63
115 84
92 88
60 57
62 59
71 68
36 33
110 77
73 70
58 6
61 11
108 78
33 30
15 9
143 110
40 37
67 63
42 39
53 43
18 15
141 137
52 3
53 44
90 86
165 143
56 6
53 5
76 5
104 101
64 60
32 29
41 38
154 148
55 19
56 4
112 79
155 21
35 32
52 44
158 111
148 116
34 31
142 110
31 28
14 9
144 111
75 4
144 113
25 22
157 153
69 65
17 14
51 3
159 22
72 6
74 4
79 8
165 109
141 138
167 163
158 145
153 148
52 2
158 79
154 147
75 5
155 147
44 40
120 84
131 127
105 102
56 5
