152 21
161 145
92 10
114 84
115 81
158 113
81 18
147 113
164 161
161 143
113 79
146 117
75 6
149 115
149 17
146 114
165 161
117 84
157 154
19 7
153 117
155 18
144 82
132 87
134 130
158 147
158 18
137 133
138 134
89 86
79 7
145 111
162 79
54 4
163 53
162 77
139 135
112 82
119 85
155 21
160 157
161 111
86 83
102 98
36 31
60 57
149 18
97 80
144 114
111 79
93 80
163 51
110 97
101 97
140 136
144 133
164 160
52 45
166 3
119 116
158 79
77 5
116 83
22 18
148 118
13 10
165 143
114 82
24 20
91 88
101 98
34 31
52 43
145 113
161 157
152 149
64 61
35 32
111 77
159 22
160 156
132 129
159 155
31 28
135 132
162 159
139 94
36 32
142 112
137 134
154 145
102 99
162 158
54 41
38 35
55 19
99 96
144 112
133 129
14 9
135 131
151 148
58 6
138 135
146 126
78 6
50 45
54 43
94 91
74 4
42 39
25 21
36 33
115 83
95 92
37 34
98 95
158 77
68 65
147 81
51 3
61 11
154 151
166 77
96 80
112 80
56 4
126 123
129 126
108 78
158 111
15 9
30 27
154 148
40 37
163 48
134 131
53 5
136 94
112 93
133 82
130 126
86 10
109 77
133 130
149 21
154 117
143 111
42 22
99 72
20 16
136 133
72 6
146 130
110 80
71 58
67 64
117 114
62 59
150 147
78 75
75 72
163 160
120 84
158 155
55 5
92 88
23 20
44 40
68 64
103 99
162 5
59 11
52 2
155 22
165 109
157 145
71 56
41 38
99 95
39 35
163 159
27 20
70 67
155 152
72 68
78 8
142 110
140 137
54 2
37 33
147 115
165 111
91 87
146 143
98 94
146 133
96 93
131 127
50 47
127 87
39 36
38 34
155 147
23 19
163 47
13 9
147 17
38 32
106 73
96 10
72 8
37 32
159 156
33 30
137 132
123 90
147 18
165 77
113 18
32 28
9 5
16 13
92 89
64 60
150 27
48 45
29 20
100 78
95 91
20 17
105 102
151 21
158 145
53 46
67 63
31 27
131 128
125 121
68 63
44 41
21 17
147 21
32 29
35 30
39 34
40 36
56 16
142 137
73 70
115 18
17 14
159 47
153 150
42 38
21 152
145 161
10 92
84 114
81 115
113 158
18 81
113 147
161 164
143 161
79 113
117 146
6 75
115 149
17 149
114 146
161 165
84 117
154 157
7 19
117 153
18 155
82 144
87 132
130 134
147 158
18 158
133 137
134 138
86 89
7 79
111 145
79 162
4 54
53 163
77 162
135 139
82 112
85 119
21 155
157 160
111 161
83 86
98 102
31 36
57 60
18 149
80 97
114 144
79 111
80 93
51 163
97 110
97 101
136 140
133 144
160 164
45 52
3 166
116 119
79 158
5 77
83 116
18 22
118 148
10 13
143 165
82 114
20 24
88 91
98 101
31 34
43 52
113 145
157 161
149 152
61 64
32 35
77 111
22 159
156 160
129 132
155 159
28 31
132 135
159 162
94 139
32 36
112 142
134 137
145 154
99 102
158 162
41 54
35 38
19 55
96 99
112 144
129 133
9 14
131 135
148 151
6 58
135 138
126 146
6 78
45 50
43 54
91 94
4 74
39 42
21 25
33 36
83 115
92 95
34 37
95 98
77 158
65 68
81 147
3 51
11 61
151 154
77 166
80 96
80 112
4 56
123 126
126 129
78 108
111 158
9 15
27 30
148 154
37 40
48 163
131 134
5 53
94 136
93 112
82 133
126 130
10 86
77 109
130 133
21 149
117 154
111 143
22 42
72 99
16 20
133 136
6 72
130 146
80 110
58 71
64 67
114 117
59 62
147 150
75 78
72 75
160 163
84 120
155 158
5 55
88 92
20 23
40 44
64 68
99 103
5 162
11 59
2 52
22 155
109 165
145 157
56 71
38 41
95 99
35 39
159 163
20 27
67 70
152 155
68 72
8 78
110 142
137 140
2 54
33 37
115 147
111 165
87 91
143 146
94 98
133 146
93 96
127 131
47 50
87 127
36 39
34 38
147 155
19 23
47 163
9 13
17 147
32 38
73 106
10 96
8 72
32 37
156 159
30 33
132 137
90 123
18 147
77 165
18 113
28 32
5 9
13 16
89 92
60 64
27 150
45 48
20 29
78 100
91 95
17 20
102 105
21 151
145 158
46 53
63 67
27 31
128 131
121 125
63 68
41 44
17 21
21 147
29 32
30 35
34 39
36 40
16 56
137 142
70 73
18 115
14 17
47 159
150 153
38 42
