152 21
161 145
92 10
114 84
115 81
158 113
81 18
147 113
164 161
161 143
113 79
146 117
75 6
149 115
149 17
146 114
165 161
117 84
157 154
19 7
153 117
155 18
144 82
132 87
134 130
158 147
158 18
137 133
138 134
89 86
79 7
145 111
162 79
54 4
163 53
162 77
139 135
112 82
119 85
155 21
160 157
161 111
86 83
102 98
36 31
60 57
149 18
97 80
144 114
111 79
93 80
163 51
110 97
101 97
140 136
144 133
164 160
52 45
166 3
119 116
158 79
77 5
116 83
22 18
148 118
13 10
165 143
114 82
24 20
91 88
101 98
34 31
52 43
145 113
161 157
152 149
64 61
35 32
111 77
159 22
160 156
132 129
159 155
31 28
135 132
162 159
139 94
36 32
142 112
137 134
154 145
102 99
162 158
54 41
38 35
55 19
99 96
144 112
133 129
14 9
135 131
151 148
58 6
138 135
146 126
78 6
50 45
54 43
94 91
74 4
42 39
25 21
36 33
115 83
95 92
37 34
98 95
158 77
68 65
147 81
51 3
61 11
154 151
166 77
96 80
112 80
56 4
126 123
129 126
108 78
158 111
15 9
30 27
154 148
40 37
163 48
134 131
53 5
136 94
112 93
133 82
130 126
86 10
109 77
133 130
149 21
154 117
143 111
42 22
99 72
20 16
136 133
72 6
146 130
110 80
71 58
67 64
117 114
62 59
150 147
78 75
75 72
163 160
120 84
158 155
55 5
92 88
23 20
44 40
68 64
