170 167
168 165
169 166
171 168
172 169
167 164
168 164
170 166
92 88
169 165
166 163
32 29
33 29
171 167
33 30
91 88
172 168
95 92
173 169
96 93
92 89
94 91
167 163
126 123
127 124
152 108
128 124
165 162
32 28
173 170
152 109
153 108
90 87
154 109
97 93
129 125
126 122
93 90
93 89
151 108
31 28
128 125
97 94
153 109
124 121
123 120
98 95
95 91
154 110
129 126
127 123
125 122
96 92
34 30
98 94
94 90
51 44
125 121
31 27
23 20
110 78
91 87
34 31
109 75
153 110
110 79
110 77
124 120
86 83
107 74
106 74
30 27
155 109
153 107
87 84
89 86
130 126
109 77
152 107
111 78
166 162
53 14
30 26
140 137
107 73
111 76
108 76
110 76
167 170
165 168
166 169
168 171
169 172
164 167
164 168
166 170
88 92
165 169
163 166
29 32
29 33
167 171
30 33
88 91
168 172
92 95
169 173
93 96
89 92
91 94
163 167
123 126
124 127
108 152
124 128
162 165
28 32
170 173
109 152
108 153
87 90
109 154
93 97
125 129
122 126
90 93
89 93
108 151
28 31
125 128
94 97
109 153
121 124
120 123
95 98
91 95
110 154
126 129
123 127
122 125
92 96
30 34
94 98
90 94
44 51
121 125
27 31
20 23
78 110
87 91
31 34
75 109
110 153
79 110
77 110
120 124
83 86
74 107
74 106
27 30
109 155
107 153
84 87
86 89
126 130
77 109
107 152
78 111
162 166
14 53
26 30
137 140
73 107
76 111
76 108
76 110
