109 74
166 162
163 157
35 32
124 79
128 89
155 109
51 44
129 126
148 103
106 73
57 20
152 108
98 95
50 46
39 27
170 105
154 110
74 15
59 20
35 31
162 157
53 15
157 112
87 59
110 77
170 167
97 94
78 22
168 7
150 108
76 18
107 73
69 14
149 106
28 25
160 31
117 79
155 112
160 156
75 18
86 83
70 15
53 17
124 121
168 164
148 105
155 110
113 79
52 45
169 139
73 18
150 136
151 107
102 96
134 130
85 82
93 90
91 19
151 135
101 68
105 71
123 120
170 72
57 19
162 153
58 21
105 72
33 29
109 76
156 113
89 85
50 15
29 26
55 16
157 111
96 93
31 27
173 149
128 125
7 3
101 96
49 10
153 107
92 75
127 124
118 112
51 13
150 134
9 6
88 20
173 142
92 89
85 77
164 6
157 24
120 79
102 99
150 135
73 70
55 17
173 141
52 16
50 12
170 166
152 125
161 158
43 40
85 81
100 68
147 103
119 80
166 109
126 123
165 153
56 41
49 46
29 25
148 106
152 109
85 79
57 21
59 21
32 29
90 87
25 22
171 168
163 160
119 113
157 31
165 162
53 45
118 115
165 6
171 8
151 136
108 76
162 154
140 137
109 75
52 46
89 86
23 20
73 15
133 130
150 133
71 15
101 67
170 106
56 20
119 82
84 81
76 24
43 29
171 167
130 127
77 20
53 43
111 76
76 23
104 73
161 155
108 77
118 80
156 112
33 30
51 14
149 145
48 12
169 165
134 131
147 135
74 17
54 25
169 138
54 16
48 10
11 8
8 3
159 114
8 4
106 74
163 153
94 91
100 67
8 5
133 129
148 102
32 2
68 65
81 78
64 61
87 84
23 19
52 29
57 18
52 14
9 4
65 62
172 169
102 97
51 46
155 111
112 78
166 152
164 161
67 63
113 110
30 27
118 113
73 16
50 14
73 17
104 70
76 20
151 108
166 153
54 26
87 20
172 141
156 114
128 124
145 140
151 106
152 134
127 123
109 77
52 44
167 107
5 2
93 89
149 135
58 20
54 18
153 108
101 95
146 142
156 111
157 27
123 119
88 77
112 80
113 80
88 84
56 18
70 13
105 73
168 5
144 140
163 155
92 19
173 105
167 7
25 18
107 75
158 112
50 8
71 13
172 139
110 79
131 126
72 15
130 125
144 141
55 18
91 87
116 113
55 42
49 12
153 109
54 42
125 121
154 121
34 30
149 104
148 135
54 17
27 24
145 141
88 19
52 15
96 92
91 88
92 88
45 29
107 72
168 6
150 105
167 6
50 11
124 119
170 149
97 93
154 113
149 103
88 85
54 44
158 28
25 19
129 125
95 92
75 19
163 154
75 17
25 17
167 164
76 19
173 170
106 75
145 135
12 8
70 16
74 18
104 72
151 137
153 121
145 142
146 143
91 57
55 43
56 19
53 42
157 28
43 26
110 78
154 109
149 142
67 64
149 105
168 165
162 156
40 26
35 30
152 107
148 104
153 110
159 156
49 13
72 14
31 28
115 112
55 19
112 79
82 79
50 47
49 11
54 29
172 168
30 26
152 121
111 77
149 134
51 47
53 14
125 122
77 23
39 26
124 120
104 101
107 74
147 142
110 76
53 16
166 163
95 91
34 31
78 24
54 43
106 72
9 3
111 80
154 111
167 163
111 23
152 110
140 136
24 21
150 107
34 2
53 44
118 81
70 67
70 66
171 7
32 28
70 14
118 78
161 157
121 110
69 66
51 45
166 107
74 16
150 106
116 80
98 94
51 15
41 21
55 41
118 114
52 17
163 109
6 3
45 33
163 156
101 98
104 71
102 98
6 2
170 107
42 26
171 6
94 90
56 42
76 25
78 23
117 80
90 86
28 24
164 5
50 13
108 74
56 21
76 17
119 79
7 4
162 155
169 137
169 166
111 24
151 134
160 157
54 41
71 14
115 80
155 113
77 19
111 78
47 3
66 63
148 145
158 27
131 125
63 55
108 75
111 79
126 122
161 156
124 110
85 78
91 58
72 16
168 8
118 79
130 126
74 109
162 166
157 163
32 35
79 124
89 128
109 155
44 51
126 129
103 148
73 106
20 57
108 152
95 98
46 50
27 39
105 170
110 154
15 74
20 59
31 35
157 162
15 53
112 157
59 87
77 110
167 170
94 97
22 78
7 168
108 150
18 76
73 107
14 69
106 149
25 28
31 160
79 117
112 155
156 160
18 75
83 86
15 70
17 53
121 124
164 168
105 148
110 155
79 113
45 52
139 169
18 73
136 150
107 151
96 102
130 134
82 85
90 93
19 91
135 151
68 101
71 105
120 123
72 170
19 57
153 162
21 58
72 105
29 33
76 109
113 156
85 89
15 50
26 29
16 55
111 157
93 96
27 31
149 173
125 128
3 7
96 101
10 49
107 153
75 92
124 127
112 118
13 51
134 150
6 9
20 88
142 173
89 92
77 85
6 164
24 157
79 120
99 102
135 150
70 73
17 55
141 173
16 52
12 50
166 170
125 152
158 161
40 43
81 85
68 100
103 147
80 119
109 166
123 126
153 165
41 56
46 49
25 29
106 148
109 152
79 85
21 57
21 59
29 32
87 90
22 25
168 171
160 163
113 119
31 157
162 165
45 53
115 118
6 165
8 171
136 151
76 108
154 162
137 140
75 109
46 52
86 89
20 23
15 73
130 133
133 150
15 71
67 101
106 170
20 56
82 119
81 84
24 76
29 43
167 171
127 130
20 77
43 53
76 111
23 76
73 104
155 161
77 108
80 118
112 156
30 33
14 51
145 149
12 48
165 169
131 134
135 147
17 74
25 54
138 169
16 54
10 48
8 11
3 8
114 159
4 8
74 106
153 163
91 94
67 100
5 8
129 133
102 148
2 32
65 68
78 81
61 64
84 87
19 23
29 52
18 57
14 52
4 9
62 65
169 172
97 102
46 51
111 155
78 112
152 166
161 164
63 67
110 113
27 30
113 118
16 73
14 50
17 73
70 104
20 76
108 151
153 166
26 54
20 87
141 172
114 156
124 128
140 145
106 151
134 152
123 127
77 109
44 52
107 167
2 5
89 93
135 149
20 58
18 54
108 153
95 101
142 146
111 156
27 157
119 123
77 88
80 112
80 113
84 88
18 56
13 70
73 105
5 168
140 144
155 163
19 92
105 173
7 167
18 25
75 107
112 158
8 50
13 71
139 172
79 110
126 131
15 72
125 130
141 144
18 55
87 91
113 116
42 55
12 49
109 153
42 54
121 125
121 154
30 34
104 149
135 148
17 54
24 27
141 145
19 88
15 52
92 96
88 91
88 92
29 45
72 107
6 168
105 150
6 167
11 50
119 124
149 170
93 97
113 154
103 149
85 88
44 54
28 158
19 25
125 129
92 95
19 75
154 163
17 75
17 25
164 167
19 76
170 173
75 106
135 145
8 12
16 70
18 74
72 104
137 151
121 153
142 145
143 146
57 91
43 55
19 56
42 53
28 157
26 43
78 110
109 154
142 149
64 67
105 149
165 168
156 162
26 40
30 35
107 152
104 148
110 153
156 159
13 49
14 72
28 31
112 115
19 55
79 112
79 82
47 50
11 49
29 54
168 172
26 30
121 152
77 111
134 149
47 51
14 53
122 125
23 77
26 39
120 124
101 104
74 107
142 147
76 110
16 53
163 166
91 95
31 34
24 78
43 54
72 106
3 9
80 111
111 154
163 167
23 111
110 152
136 140
21 24
107 150
2 34
44 53
81 118
67 70
66 70
7 171
28 32
14 70
78 118
157 161
110 121
66 69
45 51
107 166
16 74
106 150
80 116
94 98
15 51
21 41
41 55
114 118
17 52
109 163
3 6
33 45
156 163
98 101
71 104
98 102
2 6
107 170
26 42
6 171
90 94
42 56
25 76
23 78
80 117
86 90
24 28
5 164
13 50
74 108
21 56
17 76
79 119
4 7
155 162
137 169
166 169
24 111
134 151
157 160
41 54
14 71
80 115
113 155
19 77
78 111
3 47
63 66
145 148
27 158
125 131
55 63
75 108
79 111
122 126
156 161
110 124
78 85
58 91
16 72
8 168
79 118
126 130
