168 165
170 167
169 166
170 166
172 169
171 168
168 164
169 165
167 164
32 28
171 167
167 163
91 88
33 30
127 124
153 109
172 168
166 163
173 169
95 92
128 124
154 110
152 108
32 29
173 170
129 125
169 151
94 91
92 88
111 76
95 91
128 125
96 93
109 74
124 121
126 123
97 94
125 121
110 79
33 29
123 120
76 28
93 90
155 109
70 16
165 162
107 74
53 14
96 92
153 108
51 44
31 28
90 87
151 108
153 107
127 123
30 26
34 30
108 77
92 89
161 113
97 93
125 122
154 113
157 111
166 162
129 126
74 17
157 27
166 109
126 122
94 90
87 20
30 27
166 28
110 77
124 120
150 108
98 94
109 76
91 87
23 20
93 89
98 95
170 72
108 75
160 31
163 28
169 107
111 78
113 79
151 107
109 77
31 27
160 157
72 15
166 155
73 16
163 160
86 83
34 31
123 82
84 81
152 110
53 44
29 17
130 127
109 75
110 78
87 84
107 75
154 121
53 42
88 75
51 46
152 109
111 77
49 46
115 112
153 110
155 110
67 64
105 73
154 109
89 86
163 31
23 19
88 85
154 111
105 72
130 126
155 111
52 44
107 72
169 153
107 73
90 86
106 73
112 78
131 127
167 32
55 14
152 77
59 56
42 39
51 12
41 36
106 75
85 82
156 111
50 47
81 78
171 50
148 127
66 57
123 119
28 25
166 107
142 139
68 65
171 52
166 74
87 83
69 14
159 156
50 46
25 19
52 45
156 112
35 31
110 76
88 84
157 28
152 107
51 13
41 38
63 60
85 81
86 82
115 80
39 36
41 37
99 96
26 23
51 45
106 74
52 15
131 128
70 67
53 15
143 140
72 16
106 72
53 43
138 135
40 37
164 160
140 137
52 14
161 156
112 79
29 26
160 156
54 15
73 17
111 79
53 13
104 73
171 49
89 85
99 95
168 47
92 75
156 114
121 118
113 110
150 107
173 151
40 36
66 63
137 134
139 136
150 106
27 24
171 47
163 155
71 14
67 16
162 156
71 15
70 15
144 141
173 105
171 48
141 138
50 13
53 12
155 113
42 38
136 133
55 42
159 31
167 47
108 74
149 146
42 36
66 55
68 64
43 36
24 19
122 119
53 45
155 28
143 139
170 74
119 116
29 25
163 32
162 155
69 66
43 40
52 47
84 77
12 9
165 168
167 170
166 169
166 170
169 172
168 171
164 168
165 169
164 167
28 32
167 171
163 167
88 91
30 33
124 127
109 153
168 172
163 166
169 173
92 95
124 128
110 154
108 152
29 32
170 173
125 129
151 169
91 94
88 92
76 111
91 95
125 128
93 96
74 109
121 124
123 126
94 97
121 125
79 110
29 33
120 123
28 76
90 93
109 155
16 70
162 165
74 107
14 53
92 96
108 153
44 51
28 31
87 90
108 151
107 153
123 127
26 30
30 34
77 108
89 92
113 161
93 97
122 125
113 154
111 157
162 166
126 129
17 74
27 157
109 166
122 126
90 94
20 87
27 30
28 166
77 110
120 124
108 150
94 98
76 109
87 91
20 23
89 93
95 98
72 170
75 108
31 160
28 163
107 169
78 111
79 113
107 151
77 109
27 31
157 160
15 72
155 166
16 73
160 163
83 86
31 34
82 123
81 84
110 152
44 53
17 29
127 130
75 109
78 110
84 87
75 107
121 154
42 53
75 88
46 51
109 152
77 111
46 49
112 115
110 153
110 155
64 67
73 105
109 154
86 89
31 163
19 23
85 88
111 154
72 105
126 130
111 155
44 52
72 107
153 169
73 107
86 90
73 106
78 112
127 131
32 167
14 55
77 152
56 59
39 42
12 51
36 41
75 106
82 85
111 156
47 50
78 81
50 171
127 148
57 66
119 123
25 28
107 166
139 142
65 68
52 171
74 166
83 87
14 69
156 159
46 50
19 25
45 52
112 156
31 35
76 110
84 88
28 157
107 152
13 51
38 41
60 63
81 85
82 86
80 115
36 39
37 41
96 99
23 26
45 51
74 106
15 52
128 131
67 70
15 53
140 143
16 72
72 106
43 53
135 138
37 40
160 164
137 140
14 52
156 161
79 112
26 29
156 160
15 54
17 73
79 111
13 53
73 104
49 171
85 89
95 99
47 168
75 92
114 156
118 121
110 113
107 150
151 173
36 40
63 66
134 137
136 139
106 150
24 27
47 171
155 163
14 71
16 67
156 162
15 71
15 70
141 144
105 173
48 171
138 141
13 50
12 53
113 155
38 42
133 136
42 55
31 159
47 167
74 108
146 149
36 42
55 66
64 68
36 43
19 24
119 122
45 53
28 155
139 143
74 170
116 119
25 29
32 163
155 162
66 69
40 43
47 52
77 84
9 12
