160 31
169 153
110 79
87 20
111 76
166 109
76 28
172 169
109 74
41 38
70 16
155 109
157 27
169 151
125 121
154 113
29 17
41 37
113 79
153 107
157 111
154 110
161 113
165 162
169 107
152 77
128 124
166 28
166 155
173 169
129 125
123 120
41 36
163 28
170 72
154 121
51 44
39 36
123 82
170 74
74 17
84 81
40 36
126 122
108 77
171 52
88 75
166 74
152 110
94 91
63 60
168 165
40 37
34 30
96 92
163 31
171 50
53 14
110 77
157 28
127 124
115 112
107 74
23 20
150 108
86 83
167 163
172 168
167 32
127 123
94 90
53 42
115 80
66 63
126 123
153 109
32 28
35 31
81 78
49 46
65 62
160 157
112 78
168 164
125 122
98 94
169 165
148 127
