160 31
169 153
110 79
87 20
111 76
166 109
76 28
172 169
109 74
41 38
70 16
155 109
157 27
169 151
125 121
154 113
29 17
41 37
113 79
153 107
157 111
154 110
161 113
165 162
169 107
152 77
128 124
166 28
166 155
173 169
129 125
123 120
41 36
163 28
170 72
154 121
51 44
39 36
123 82
170 74
74 17
84 81
40 36
126 122
108 77
171 52
88 75
166 74
152 110
94 91
63 60
168 165
40 37
34 30
96 92
163 31
171 50
53 14
110 77
157 28
127 124
115 112
107 74
23 20
150 108
86 83
167 163
172 168
167 32
127 123
94 90
53 42
115 80
66 63
126 123
153 109
32 28
35 31
81 78
49 46
65 62
160 157
112 78
168 164
125 122
98 94
169 165
148 127
72 15
168 47
107 72
51 46
173 151
90 87
66 62
59 56
152 108
66 57
89 86
92 75
70 67
86 82
53 44
166 107
64 61
105 72
91 87
96 93
24 19
25 19
171 47
67 16
102 68
97 93
162 153
87 83
69 14
89 85
50 13
42 39
159 156
156 114
149 146
55 14
51 12
171 168
155 76
111 78
170 166
166 72
87 84
93 90
96 91
67 63
59 41
84 77
12 9
52 15
97 94
93 89
152 124
68 61
30 26
73 16
33 30
123 119
33 29
162 159
173 105
43 36
88 85
104 73
53 12
171 48
151 107
91 88
95 91
124 77
162 156
66 60
119 116
54 29
161 156
26 20
66 55
58 21
171 49
168 48
155 27
139 135
58 43
106 96
170 15
57 16
156 112
162 113
31 160
153 169
79 110
20 87
76 111
109 166
28 76
169 172
74 109
38 41
16 70
109 155
27 157
151 169
121 125
113 154
17 29
37 41
79 113
107 153
111 157
110 154
113 161
162 165
107 169
77 152
124 128
28 166
155 166
169 173
125 129
120 123
36 41
28 163
72 170
121 154
44 51
36 39
82 123
74 170
17 74
81 84
36 40
122 126
77 108
52 171
75 88
74 166
110 152
91 94
60 63
165 168
37 40
30 34
92 96
31 163
50 171
14 53
77 110
28 157
124 127
112 115
74 107
20 23
108 150
83 86
163 167
168 172
32 167
123 127
90 94
42 53
80 115
63 66
123 126
109 153
28 32
31 35
78 81
46 49
62 65
157 160
78 112
164 168
122 125
94 98
165 169
127 148
15 72
47 168
72 107
46 51
151 173
87 90
62 66
56 59
108 152
57 66
86 89
75 92
67 70
82 86
44 53
107 166
61 64
72 105
87 91
93 96
19 24
19 25
47 171
16 67
68 102
93 97
153 162
83 87
14 69
85 89
13 50
39 42
156 159
114 156
146 149
14 55
12 51
168 171
76 155
78 111
166 170
72 166
84 87
90 93
91 96
63 67
41 59
77 84
9 12
15 52
94 97
89 93
124 152
61 68
26 30
16 73
30 33
119 123
29 33
159 162
105 173
36 43
85 88
73 104
12 53
48 171
107 151
88 91
91 95
77 124
156 162
60 66
116 119
29 54
156 161
20 26
55 66
21 58
49 171
48 168
27 155
135 139
43 58
96 106
15 170
16 57
112 156
113 162
