168 165
170 167
169 166
170 166
172 169
171 168
168 164
169 165
167 164
32 28
171 167
167 163
91 88
33 30
127 124
153 109
172 168
166 163
173 169
95 92
128 124
154 110
152 108
32 29
173 170
129 125
169 151
94 91
92 88
111 76
95 91
128 125
96 93
109 74
124 121
126 123
97 94
125 121
110 79
33 29
123 120
76 28
93 90
155 109
70 16
165 162
107 74
53 14
96 92
153 108
51 44
31 28
90 87
151 108
153 107
127 123
30 26
34 30
108 77
92 89
161 113
97 93
125 122
154 113
157 111
166 162
129 126
74 17
157 27
166 109
126 122
94 90
87 20
30 27
166 28
110 77
124 120
150 108
98 94
109 76
91 87
23 20
93 89
98 95
170 72
108 75
160 31
163 28
169 107
111 78
113 79
151 107
109 77
31 27
160 157
72 15
166 155
73 16
163 160
86 83
34 31
123 82
84 81
152 110
53 44
29 17
130 127
109 75
110 78
87 84
107 75
154 121
53 42
88 75
51 46
152 109
111 77
49 46
115 112
153 110
155 110
67 64
105 73
154 109
89 86
163 31
23 19
88 85
154 111
105 72
130 126
155 111
52 44
107 72
169 153
107 73
90 86
106 73
112 78
131 127
167 32
55 14
152 77
59 56
42 39
51 12
41 36
106 75
85 82
156 111
50 47
81 78
171 50
148 127
66 57
123 119
28 25
166 107
142 139
68 65
171 52
166 74
87 83
69 14
159 156
50 46
25 19
52 45
156 112
35 31
110 76
88 84
157 28
152 107
51 13
41 38
