232 229
69 64
182 142
167 164
77 69
205 87
85 56
77 64
72 69
12 8
187 182
82 78
62 56
202 199
207 132
162 80
80 77
38 33
162 76
38 32
17 13
194 179
72 63
87 77
76 69
37 32
31 27
35 32
38 35
27 24
32 28
232 228
14 8
69 63
36 33
36 32
34 30
193 145
13 10
23 19
32 29
30 27
15 8
26 23
29 21
33 30
88 59
37 33
34 31
64 57
36 31
214 210
11 8
205 201
80 76
154 85
37 29
16 6
28 25
143 95
38 28
76 72
29 26
16 13
37 30
40 32
16 10
40 29
199 195
196 168
34 23
57 53
38 23
35 30
34 29
23 20
26 21
10 2
18 15
37 34
30 23
27 23
31 25
24 15
26 22
38 34
32 27
173 154
35 23
76 67
38 30
40 30
150 92
39 33
40 37
16 8
32 17
17 6
17 9
40 31
16 12
13 8
25 22
13 9
17 10
233 229
11 4
159 156
203 200
21 16
19 16
10 6
34 28
154 63
34 16
64 60
27 20
25 21
22 19
40 21
221 217
39 32
24 18
67 64
176 173
38 31
9 6
15 11
28 24
9 5
81 63
194 169
182 149
35 31
21 9
25 20
145 141
33 29
38 24
26 18
39 35
211 86
29 23
31 17
197 141
31 21
36 23
12 6
202 198
87 69
28 9
19 5
34 27
64 61
20 17
40 33
30 25
37 23
33 23
31 28
195 176
33 25
33 28
26 9
136 114
32 9
96 91
35 22
15 9
37 27
31 23
183 129
13 3
16 9
175 95
74 64
24 9
187 172
36 25
24 19
78 59
37 31
38 26
6 2
147 144
32 22
89 49
145 139
17 11
31 26
33 22
147 134
34 19
36 30
213 209
35 21
37 25
13 7
233 226
18 14
19 15
27 21
17 12
32 21
28 20
13 6
34 20
24 21
30 11
30 16
34 22
15 10
37 22
38 29
22 18
40 28
36 6
141 136
32 23
25 18
40 36
163 75
136 127
163 132
27 19
40 24
155 68
169 161
29 25
28 18
29 24
33 18
39 29
20 13
82 61
62 54
28 7
39 30
228 82
16 7
164 141
38 13
30 8
32 10
201 198
199 145
26 12
23 6
28 19
130 126
60 55
178 84
26 16
163 73
39 31
33 21
29 22
39 36
17 5
30 9
115 108
28 23
87 63
97 62
38 9
28 16
154 80
24 20
151 144
41 36
34 9
35 16
202 153
24 17
30 20
31 22
40 34
32 25
25 17
14 10
12 5
23 18
28 22
37 21
35 19
23 10
28 13
31 24
36 26
27 12
36 22
37 24
31 16
35 28
24 16
81 76
33 17
35 20
35 29
102 96
232 89
19 10
33 27
69 62
15 12
27 10
32 19
31 5
21 18
25 13
33 24
34 6
33 26
23 13
38 22
25 16
39 5
211 208
40 22
151 66
14 11
30 19
18 5
80 69
218 215
10 3
27 9
38 25
24 10
29 10
43 40
17 14
11 7
132 128
33 5
5 2
97 55
39 34
33 19
26 10
28 21
24 11
23 5
36 9
6 3
34 25
18 12
28 15
29 16
27 15
19 2
18 9
25 5
26 6
