81 78
214 211
80 77
82 79
203 200
220 217
218 215
213 210
202 199
80 76
212 209
82 78
232 229
18 15
201 198
81 77
79 76
221 218
216 213
131 128
219 216
217 214
215 212
64 61
83 80
65 62
199 196
167 164
9 6
214 210
14 11
17 14
13 10
16 13
222 219
11 8
203 199
19 16
213 209
215 211
221 217
220 216
69 64
148 145
20 17
216 212
233 230
231 228
78 75
83 79
72 69
10 7
30 27
53 50
218 214
7 4
200 197
66 63
40 37
211 208
12 9
202 198
6 3
197 194
217 213
233 229
38 35
5 2
120 117
130 127
64 60
52 49
118 115
121 118
23 20
199 195
119 116
204 201
208 205
15 12
225 222
87 84
129 126
26 23
122 119
35 32
111 108
29 26
117 114
56 53
198 195
41 38
114 111
112 109
66 62
36 33
65 61
63 60
34 31
12 8
132 129
67 64
27 24
31 28
232 228
201 197
21 18
33 30
48 45
113 110
124 121
58 55
147 144
25 22
206 203
88 85
54 51
8 5
43 40
205 202
50 47
219 215
210 207
22 19
205 201
14 10
28 25
123 120
32 29
222 218
209 206
39 36
200 196
212 208
69 63
37 34
131 127
168 165
182 142
187 182
230 227
132 128
76 73
149 146
13 9
62 59
42 39
17 13
68 64
10 6
68 65
51 48
77 69
223 220
57 54
110 107
231 227
44 41
125 122
189 186
11 7
170 167
145 141
227 224
24 21
79 75
223 219
115 112
76 72
49 46
204 200
18 14
128 125
185 182
72 63
8 4
119 115
19 15
116 113
198 194
45 42
73 70
121 117
55 52
77 64
59 55
191 188
78 74
6 2
184 181
53 49
89 86
9 5
57 53
67 63
74 71
209 205
149 145
224 221
62 56
160 157
84 81
84 80
76 69
41 37
124 120
123 119
207 204
226 223
159 156
77 74
85 56
130 126
228 225
15 11
175 172
113 109
190 187
145 142
187 184
169 166
233 226
39 35
68 63
60 57
30 26
171 168
7 3
75 72
176 173
162 159
188 185
112 108
46 43
126 123
16 12
118 114
20 16
161 158
186 182
186 183
122 118
211 207
196 193
85 82
178 175
179 176
59 56
62 57
168 164
166 163
136 133
229 226
32 28
63 56
148 144
146 143
77 63
165 162
63 59
40 36
60 56
69 66
162 80
73 69
44 40
87 83
21 17
33 29
146 141
147 143
81 76
126 122
77 73
194 179
205 87
120 116
62 58
31 27
109 106
52 48
207 203
87 63
145 139
108 105
54 50
43 39
28 24
183 180
150 147
190 186
107 104
162 76
208 204
102 99
37 33
111 107
133 129
117 113
29 25
98 95
225 221
63 54
133 130
192 189
177 174
64 57
60 55
173 170
89 85
197 193
26 22
199 193
38 34
88 59
103 100
55 51
71 63
69 65
34 30
62 55
145 140
125 121
163 75
71 68
24 20
144 141
61 57
110 106
195 192
169 165
135 132
187 183
23 19
85 81
233 228
74 70
87 77
233 227
67 62
207 132
86 83
27 23
62 54
162 79
58 54
70 67
114 110
74 64
47 44
127 124
61 56
101 98
61 58
78 81
211 214
77 80
79 82
200 203
217 220
215 218
210 213
199 202
76 80
209 212
78 82
229 232
15 18
198 201
77 81
76 79
218 221
213 216
128 131
216 219
214 217
212 215
61 64
80 83
62 65
196 199
164 167
6 9
210 214
11 14
14 17
10 13
13 16
219 222
8 11
199 203
16 19
209 213
211 215
217 221
216 220
64 69
145 148
17 20
212 216
230 233
228 231
75 78
79 83
69 72
7 10
27 30
50 53
214 218
4 7
197 200
63 66
37 40
208 211
9 12
198 202
3 6
194 197
213 217
229 233
35 38
2 5
117 120
127 130
60 64
49 52
115 118
118 121
20 23
195 199
116 119
201 204
205 208
12 15
222 225
84 87
126 129
23 26
119 122
32 35
108 111
26 29
114 117
53 56
195 198
38 41
111 114
109 112
62 66
33 36
61 65
60 63
31 34
8 12
129 132
64 67
24 27
28 31
228 232
197 201
18 21
30 33
45 48
110 113
121 124
55 58
144 147
22 25
203 206
85 88
51 54
5 8
40 43
202 205
47 50
215 219
207 210
19 22
201 205
10 14
25 28
120 123
29 32
218 222
206 209
36 39
196 200
208 212
63 69
34 37
127 131
165 168
142 182
182 187
227 230
128 132
73 76
146 149
9 13
59 62
39 42
13 17
64 68
6 10
65 68
48 51
69 77
220 223
54 57
107 110
227 231
41 44
122 125
186 189
7 11
167 170
141 145
224 227
21 24
75 79
219 223
112 115
72 76
46 49
200 204
14 18
125 128
182 185
63 72
4 8
115 119
15 19
113 116
194 198
42 45
70 73
117 121
52 55
64 77
55 59
188 191
74 78
2 6
181 184
49 53
86 89
5 9
53 57
63 67
71 74
205 209
145 149
221 224
56 62
157 160
81 84
80 84
69 76
37 41
120 124
119 123
204 207
223 226
156 159
74 77
56 85
126 130
225 228
11 15
172 175
109 113
187 190
142 145
184 187
166 169
226 233
35 39
63 68
57 60
26 30
168 171
3 7
72 75
173 176
159 162
185 188
108 112
43 46
123 126
12 16
114 118
16 20
158 161
182 186
183 186
118 122
207 211
193 196
82 85
175 178
176 179
56 59
57 62
164 168
163 166
133 136
226 229
28 32
56 63
144 148
143 146
63 77
162 165
59 63
36 40
56 60
66 69
80 162
69 73
40 44
83 87
17 21
29 33
141 146
143 147
76 81
122 126
73 77
179 194
87 205
116 120
58 62
27 31
106 109
48 52
203 207
63 87
139 145
105 108
50 54
39 43
24 28
180 183
147 150
186 190
104 107
76 162
204 208
99 102
33 37
107 111
129 133
113 117
25 29
95 98
221 225
54 63
130 133
189 192
174 177
57 64
55 60
170 173
85 89
193 197
22 26
193 199
34 38
59 88
100 103
51 55
63 71
65 69
30 34
55 62
140 145
121 125
75 163
68 71
20 24
141 144
57 61
106 110
192 195
165 169
132 135
183 187
19 23
81 85
228 233
70 74
77 87
227 233
62 67
132 207
83 86
23 27
54 62
79 162
54 58
67 70
110 114
64 74
44 47
124 127
56 61
98 101
58 61
