232 229
69 64
182 142
167 164
77 69
205 87
85 56
77 64
72 69
12 8
187 182
82 78
62 56
202 199
207 132
162 80
80 77
38 33
162 76
38 32
17 13
194 179
72 63
87 77
76 69
37 32
31 27
35 32
38 35
27 24
32 28
232 228
14 8
69 63
36 33
36 32
34 30
193 145
13 10
23 19
32 29
30 27
15 8
26 23
29 21
33 30
88 59
37 33
34 31
64 57
36 31
214 210
11 8
205 201
80 76
154 85
37 29
16 6
28 25
143 95
38 28
76 72
29 26
16 13
37 30
40 32
16 10
40 29
199 195
196 168
34 23
57 53
38 23
35 30
34 29
23 20
26 21
10 2
18 15
37 34
30 23
27 23
31 25
24 15
26 22
38 34
32 27
173 154
35 23
76 67
38 30
40 30
150 92
39 33
40 37
16 8
32 17
17 6
17 9
40 31
16 12
13 8
25 22
13 9
17 10
233 229
11 4
159 156
203 200
21 16
19 16
10 6
34 28
154 63
34 16
64 60
27 20
25 21
229 232
64 69
142 182
164 167
69 77
87 205
56 85
64 77
69 72
8 12
182 187
78 82
56 62
199 202
132 207
80 162
77 80
33 38
76 162
32 38
13 17
179 194
63 72
77 87
69 76
32 37
27 31
32 35
35 38
24 27
28 32
228 232
8 14
63 69
33 36
32 36
30 34
145 193
10 13
19 23
29 32
27 30
8 15
23 26
21 29
30 33
59 88
33 37
31 34
57 64
31 36
210 214
8 11
201 205
76 80
85 154
29 37
6 16
25 28
95 143
28 38
72 76
26 29
13 16
30 37
32 40
10 16
29 40
195 199
168 196
23 34
53 57
23 38
30 35
29 34
20 23
21 26
2 10
15 18
34 37
23 30
23 27
25 31
15 24
22 26
34 38
27 32
154 173
23 35
67 76
30 38
30 40
92 150
33 39
37 40
8 16
17 32
6 17
9 17
31 40
12 16
8 13
22 25
9 13
10 17
229 233
4 11
156 159
200 203
16 21
16 19
6 10
28 34
63 154
16 34
60 64
20 27
21 25
