165 159
165 162
11 8
169 156
73 70
179 8
104 98
208 87
134 99
202 199
129 126
64 60
119 116
34 31
107 19
61 57
9 6
231 227
85 81
143 21
182 145
69 64
148 12
65 62
120 117
49 46
136 95
187 184
113 34
15 11
119 33
148 8
153 88
134 130
123 117
232 228
77 70
146 15
186 182
178 4
126 117
204 200
113 102
44 41
120 44
14 11
203 132
122 117
120 45
171 167
70 64
230 53
148 144
233 230
55 52
8 5
126 123
175 148
8 4
123 39
103 98
149 145
76 73
124 118
86 83
155 80
109 27
131 127
144 12
204 91
120 46
151 63
88 84
175 171
184 180
202 198
65 61
91 87
143 16
154 63
67 7
121 48
167 72
212 208
105 22
211 207
147 12
150 146
7 3
207 87
196 193
214 125
74 70
81 60
20 17
45 42
95 92
53 50
47 43
110 28
178 148
178 8
169 157
165 157
218 121
207 203
123 120
117 112
213 209
140 137
146 143
107 25
171 67
121 40
133 130
152 148
89 55
184 181
120 42
69 65
61 58
115 34
77 73
174 4
108 25
111 106
153 149
201 198
14 10
11 7
20 16
54 50
147 143
206 202
72 68
82 78
169 166
198 149
6 3
41 33
179 175
136 132
105 96
144 15
203 199
62 14
61 18
104 93
10 7
85 82
147 11
205 87
186 183
197 139
58 18
145 142
179 149
213 210
85 59
147 14
209 206
121 45
175 7
109 106
88 85
200 197
172 155
161 79
112 103
66 10
154 80
168 72
168 164
168 157
102 99
214 211
130 127
180 177
138 135
176 173
188 184
208 205
96 22
190 184
91 88
221 217
92 88
176 152
57 53
131 128
62 18
89 86
96 93
183 179
178 175
83 79
106 96
167 157
140 136
12 8
181 177
120 48
77 72
25 21
135 131
41 38
110 106
224 219
214 210
179 176
136 94
123 40
211 86
9 5
96 92
230 56
10 6
119 37
112 29
43 32
173 170
123 118
211 125
204 87
175 151
191 187
208 90
5 2
109 28
56 52
156 153
50 47
171 155
133 94
144 11
13 9
151 11
162 75
195 192
19 16
53 49
227 53
67 64
209 205
229 53
199 195
21 16
188 183
226 219
126 118
44 32
13 10
147 144
164 76
57 54
220 217
114 103
196 139
111 105
81 78
233 229
162 159
89 52
154 85
118 40
211 122
52 48
210 207
145 141
137 133
110 27
147 15
172 152
102 97
15 12
225 219
197 149
118 37
116 113
119 44
120 116
168 165
148 11
139 135
34 30
146 142
208 204
219 216
214 123
69 63
78 74
159 156
204 90
95 91
233 82
86 82
93 89
115 112
115 35
172 168
105 97
176 148
174 170
151 148
233 83
163 76
194 184
119 45
162 157
12 9
207 129
151 147
156 80
231 228
133 129
216 213
129 125
226 49
232 229
114 102
119 115
181 178
227 50
208 86
176 172
52 49
178 7
220 216
110 107
115 37
17 13
137 134
117 113
111 29
214 122
105 93
167 164
116 33
191 184
159 83
178 5
178 174
71 68
132 129
135 132
66 62
41 32
193 183
174 171
138 134
62 58
194 191
199 196
60 56
216 212
112 105
125 122
109 105
214 124
72 69
78 75
16 13
65 14
153 84
233 81
56 53
154 151
113 103
51 47
169 155
25 20
141 137
76 72
62 15
201 153
141 136
64 61
223 220
207 128
81 77
111 104
121 117
87 84
111 30
103 99
133 97
219 215
168 155
97 93
155 152
172 169
206 203
17 14
130 94
82 79
197 194
194 179
231 226
123 119
188 185
84 81
210 125
94 90
114 104
96 21
107 20
79 76
198 195
122 118
193 184
37 34
133 95
221 218
134 97
90 86
36 33
230 226
108 27
185 182
227 49
118 38
150 91
126 114
230 52
150 88
90 87
162 76
149 146
200 196
118 115
132 94
154 81
102 98
25 22
196 192
92 89
119 39
104 94
65 10
172 156
79 75
212 209
24 20
205 201
201 149
185 181
106 93
70 67
193 190
148 145
132 128
117 104
139 136
163 75
210 206
55 51
189 184
191 188
229 56
107 51
93 90
190 187
144 8
154 83
168 156
59 18
175 152
198 194
222 42
154 84
218 215
51 48
130 114
84 80
112 30
211 208
66 63
217 213
169 165
155 151
116 37
80 77
221 39
120 41
18 15
232 82
215 212
143 12
89 85
69 66
154 150
16 12
127 124
187 183
173 169
88 59
121 118
108 26
115 36
101 98
111 27
118 114
154 88
217 214
49 45
97 94
59 56
152 149
7 4
177 4
83 80
58 19
177 174
125 118
193 139
77 74
134 131
170 166
48 45
66 14
117 114
159 80
233 86
130 126
233 85
215 211
171 69
65 11
225 222
115 33
119 41
145 12
129 94
179 145
104 96
222 218
62 59
175 172
120 40
110 30
230 227
111 103
119 40
170 167
116 34
162 79
183 180
153 87
218 214
37 33
112 104
80 76
110 105
165 158
46 43
50 46
121 41
109 26
59 55
104 97
171 68
182 178
116 32
156 152
182 179
171 168
153 150
85 56
221 40
164 72
6 2
120 43
207 204
113 101
45 41
143 15
113 104
63 60
166 157
147 16
45 40
150 147
146 141
203 200
63 59
179 148
205 202
183 145
19 15
182 8
151 66
109 25
66 11
106 51
60 57
116 112
105 27
180 176
48 44
122 119
77 69
38 33
159 79
162 80
54 51
119 38
177 173
201 197
126 122
163 73
204 201
111 28
110 29
24 21
197 193
194 183
194 180
94 91
116 44
47 44
58 54
222 219
128 125
58 55
46 42
89 56
103 97
136 133
18 14
159 165
162 165
8 11
156 169
70 73
8 179
98 104
87 208
99 134
199 202
126 129
60 64
116 119
31 34
19 107
57 61
6 9
227 231
81 85
21 143
145 182
64 69
12 148
62 65
117 120
46 49
95 136
184 187
34 113
11 15
33 119
8 148
88 153
130 134
117 123
228 232
70 77
15 146
182 186
4 178
117 126
200 204
102 113
41 44
44 120
11 14
132 203
117 122
45 120
167 171
64 70
53 230
144 148
230 233
52 55
5 8
123 126
148 175
4 8
39 123
98 103
145 149
73 76
118 124
83 86
80 155
27 109
127 131
12 144
91 204
46 120
63 151
84 88
171 175
180 184
198 202
61 65
87 91
16 143
63 154
7 67
48 121
72 167
208 212
22 105
207 211
12 147
146 150
3 7
87 207
193 196
125 214
70 74
60 81
17 20
42 45
92 95
50 53
43 47
28 110
148 178
8 178
157 169
157 165
121 218
203 207
120 123
112 117
209 213
137 140
143 146
25 107
67 171
40 121
130 133
148 152
55 89
181 184
42 120
65 69
58 61
34 115
73 77
4 174
25 108
106 111
149 153
198 201
10 14
7 11
16 20
50 54
143 147
202 206
68 72
78 82
166 169
149 198
3 6
33 41
175 179
132 136
96 105
15 144
199 203
14 62
18 61
93 104
7 10
82 85
11 147
87 205
183 186
139 197
18 58
142 145
149 179
210 213
59 85
14 147
206 209
45 121
7 175
106 109
85 88
197 200
155 172
79 161
103 112
10 66
80 154
72 168
164 168
157 168
99 102
211 214
127 130
177 180
135 138
173 176
184 188
205 208
22 96
184 190
88 91
217 221
88 92
152 176
53 57
128 131
18 62
86 89
93 96
179 183
175 178
79 83
96 106
157 167
136 140
8 12
177 181
48 120
72 77
21 25
131 135
38 41
106 110
219 224
210 214
176 179
94 136
40 123
86 211
5 9
92 96
56 230
6 10
37 119
29 112
32 43
170 173
118 123
125 211
87 204
151 175
187 191
90 208
2 5
28 109
52 56
153 156
47 50
155 171
94 133
11 144
9 13
11 151
75 162
192 195
16 19
49 53
53 227
64 67
205 209
53 229
195 199
16 21
183 188
219 226
118 126
32 44
10 13
144 147
76 164
54 57
217 220
103 114
139 196
105 111
78 81
229 233
159 162
52 89
85 154
40 118
122 211
48 52
207 210
141 145
133 137
27 110
15 147
152 172
97 102
12 15
219 225
149 197
37 118
113 116
44 119
116 120
165 168
11 148
135 139
30 34
142 146
204 208
216 219
123 214
63 69
74 78
156 159
90 204
91 95
82 233
82 86
89 93
112 115
35 115
168 172
97 105
148 176
170 174
148 151
83 233
76 163
184 194
45 119
157 162
9 12
129 207
147 151
80 156
228 231
129 133
213 216
125 129
49 226
229 232
102 114
115 119
178 181
50 227
86 208
172 176
49 52
7 178
216 220
107 110
37 115
13 17
134 137
113 117
29 111
122 214
93 105
164 167
33 116
184 191
83 159
5 178
174 178
68 71
129 132
132 135
62 66
32 41
183 193
171 174
134 138
58 62
191 194
196 199
56 60
212 216
105 112
122 125
105 109
124 214
69 72
75 78
13 16
14 65
84 153
81 233
53 56
151 154
103 113
47 51
155 169
20 25
137 141
72 76
15 62
153 201
136 141
61 64
220 223
128 207
77 81
104 111
117 121
84 87
30 111
99 103
97 133
215 219
155 168
93 97
152 155
169 172
203 206
14 17
94 130
79 82
194 197
179 194
226 231
119 123
185 188
81 84
125 210
90 94
104 114
21 96
20 107
76 79
195 198
118 122
184 193
34 37
95 133
218 221
97 134
86 90
33 36
226 230
27 108
182 185
49 227
38 118
91 150
114 126
52 230
88 150
87 90
76 162
146 149
196 200
115 118
94 132
81 154
98 102
22 25
192 196
89 92
39 119
94 104
10 65
156 172
75 79
209 212
20 24
201 205
149 201
181 185
93 106
67 70
190 193
145 148
128 132
104 117
136 139
75 163
206 210
51 55
184 189
188 191
56 229
51 107
90 93
187 190
8 144
83 154
156 168
18 59
152 175
194 198
42 222
84 154
215 218
48 51
114 130
80 84
30 112
208 211
63 66
213 217
165 169
151 155
37 116
77 80
39 221
41 120
15 18
82 232
212 215
12 143
85 89
66 69
150 154
12 16
124 127
183 187
169 173
59 88
118 121
26 108
36 115
98 101
27 111
114 118
88 154
214 217
45 49
94 97
56 59
149 152
4 7
4 177
80 83
19 58
174 177
118 125
139 193
74 77
131 134
166 170
45 48
14 66
114 117
80 159
86 233
126 130
85 233
211 215
69 171
11 65
222 225
33 115
41 119
12 145
94 129
145 179
96 104
218 222
59 62
172 175
40 120
30 110
227 230
103 111
40 119
167 170
34 116
79 162
180 183
87 153
214 218
33 37
104 112
76 80
105 110
158 165
43 46
46 50
41 121
26 109
55 59
97 104
68 171
178 182
32 116
152 156
179 182
168 171
150 153
56 85
40 221
72 164
2 6
43 120
204 207
101 113
41 45
15 143
104 113
60 63
157 166
16 147
40 45
147 150
141 146
200 203
59 63
148 179
202 205
145 183
15 19
8 182
66 151
25 109
11 66
51 106
57 60
112 116
27 105
176 180
44 48
119 122
69 77
33 38
79 159
80 162
51 54
38 119
173 177
197 201
122 126
73 163
201 204
28 111
29 110
21 24
193 197
183 194
180 194
91 94
44 116
44 47
54 58
219 222
125 128
55 58
42 46
56 89
97 103
133 136
14 18
