81 78
80 77
82 79
214 211
232 229
213 210
82 78
220 217
203 200
214 210
202 199
215 212
201 198
218 215
215 211
233 230
212 209
182 142
11 8
64 61
213 209
221 218
167 164
83 80
131 128
211 208
81 77
80 76
69 64
79 76
16 13
219 216
222 219
17 14
217 214
78 75
216 213
13 10
9 6
20 17
77 69
221 217
202 198
18 15
14 11
216 212
83 79
19 16
187 182
53 50
10 7
85 56
197 194
65 62
199 195
72 69
232 228
12 9
199 196
64 60
219 215
77 64
52 49
205 87
7 4
220 216
15 12
212 208
148 145
67 64
130 127
121 118
23 20
72 63
231 228
26 23
203 199
69 63
207 132
119 116
147 144
200 197
51 48
198 195
29 26
25 22
118 115
112 109
76 69
31 28
162 80
176 173
8 5
66 62
63 60
30 27
5 2
32 29
87 84
218 214
132 129
231 227
22 19
27 24
149 146
39 36
38 35
208 205
28 25
194 179
204 201
114 111
76 72
122 119
76 73
21 18
120 117
48 45
201 197
124 121
56 53
79 75
62 56
50 47
205 201
222 218
41 38
87 77
230 227
132 128
233 229
116 113
113 110
78 74
66 63
168 165
58 55
34 31
123 120
24 21
65 61
57 54
198 194
111 108
187 184
210 207
117 114
162 76
145 141
62 59
131 127
57 53
223 220
209 206
204 200
217 213
40 37
35 32
150 92
55 52
36 33
64 57
186 182
84 80
130 126
67 63
12 8
88 85
37 34
54 51
49 46
184 181
209 205
33 30
68 64
110 107
119 115
160 157
6 3
205 202
154 85
76 67
145 139
191 188
225 222
6 2
60 57
185 182
200 196
159 156
77 74
207 203
62 54
7 3
121 117
226 223
85 82
53 49
233 226
124 120
196 193
170 167
43 40
31 27
175 172
129 126
60 55
71 68
87 63
211 207
188 185
17 13
207 204
63 59
190 187
88 59
113 109
14 10
18 14
73 70
227 224
122 118
96 91
74 64
171 168
183 129
62 58
84 81
173 154
19 15
46 43
60 56
13 9
115 112
51 47
206 203
78 81
77 80
79 82
211 214
229 232
210 213
78 82
217 220
200 203
210 214
199 202
212 215
198 201
215 218
211 215
230 233
209 212
142 182
8 11
61 64
209 213
218 221
164 167
80 83
128 131
208 211
77 81
76 80
64 69
76 79
13 16
216 219
219 222
14 17
214 217
75 78
213 216
10 13
6 9
17 20
69 77
217 221
198 202
15 18
11 14
212 216
79 83
16 19
182 187
50 53
7 10
56 85
194 197
62 65
195 199
69 72
228 232
9 12
196 199
60 64
215 219
64 77
49 52
87 205
4 7
216 220
12 15
208 212
145 148
64 67
127 130
118 121
20 23
63 72
228 231
23 26
199 203
63 69
132 207
116 119
144 147
197 200
48 51
195 198
26 29
22 25
115 118
109 112
69 76
28 31
80 162
173 176
5 8
62 66
60 63
27 30
2 5
29 32
84 87
214 218
129 132
227 231
19 22
24 27
146 149
36 39
35 38
205 208
25 28
179 194
201 204
111 114
72 76
119 122
73 76
18 21
117 120
45 48
197 201
121 124
53 56
75 79
56 62
47 50
201 205
218 222
38 41
77 87
227 230
128 132
229 233
113 116
110 113
74 78
63 66
165 168
55 58
31 34
120 123
21 24
61 65
54 57
194 198
108 111
184 187
207 210
114 117
76 162
141 145
59 62
127 131
53 57
220 223
206 209
200 204
213 217
37 40
32 35
92 150
52 55
33 36
57 64
182 186
80 84
126 130
63 67
8 12
85 88
34 37
51 54
46 49
181 184
205 209
30 33
64 68
107 110
115 119
157 160
3 6
202 205
85 154
67 76
139 145
188 191
222 225
2 6
57 60
182 185
196 200
156 159
74 77
203 207
54 62
3 7
117 121
223 226
82 85
49 53
226 233
120 124
193 196
167 170
40 43
27 31
172 175
126 129
55 60
68 71
63 87
207 211
185 188
13 17
204 207
59 63
187 190
59 88
109 113
10 14
14 18
70 73
224 227
118 122
91 96
64 74
168 171
129 183
58 62
81 84
154 173
15 19
43 46
56 60
9 13
112 115
47 51
203 206
