81 78
214 211
80 77
82 79
203 200
220 217
218 215
213 210
202 199
80 76
212 209
82 78
232 229
18 15
201 198
81 77
79 76
221 218
216 213
131 128
219 216
217 214
215 212
64 61
83 80
65 62
199 196
167 164
9 6
214 210
14 11
17 14
13 10
16 13
222 219
11 8
203 199
19 16
213 209
215 211
221 217
220 216
69 64
148 145
20 17
216 212
233 230
231 228
78 75
83 79
72 69
10 7
30 27
53 50
218 214
7 4
200 197
66 63
40 37
211 208
12 9
202 198
6 3
197 194
217 213
233 229
38 35
5 2
120 117
130 127
64 60
52 49
118 115
121 118
23 20
199 195
119 116
204 201
208 205
15 12
225 222
87 84
129 126
26 23
122 119
35 32
111 108
29 26
117 114
56 53
198 195
41 38
114 111
112 109
66 62
36 33
65 61
63 60
34 31
12 8
132 129
67 64
27 24
31 28
232 228
201 197
21 18
33 30
48 45
113 110
124 121
58 55
147 144
25 22
206 203
88 85
54 51
8 5
78 81
211 214
77 80
79 82
200 203
217 220
215 218
210 213
199 202
76 80
209 212
78 82
229 232
15 18
198 201
77 81
76 79
218 221
213 216
128 131
216 219
214 217
212 215
61 64
80 83
62 65
196 199
164 167
6 9
210 214
11 14
14 17
10 13
13 16
219 222
8 11
199 203
16 19
209 213
211 215
217 221
216 220
64 69
145 148
17 20
212 216
230 233
228 231
75 78
79 83
69 72
7 10
27 30
50 53
214 218
4 7
197 200
63 66
37 40
208 211
9 12
198 202
3 6
194 197
213 217
229 233
35 38
2 5
117 120
127 130
60 64
49 52
115 118
118 121
20 23
195 199
116 119
201 204
205 208
12 15
222 225
84 87
126 129
23 26
119 122
32 35
108 111
26 29
114 117
53 56
195 198
38 41
111 114
109 112
62 66
33 36
61 65
60 63
31 34
8 12
129 132
64 67
24 27
28 31
228 232
197 201
18 21
30 33
45 48
110 113
121 124
55 58
144 147
22 25
203 206
85 88
51 54
5 8
