9 5
28 13
29 26
53 49
8 4
74 33
57 54
69 66
60 18
28 9
67 18
86 53
86 80
53 50
19 15
54 51
55 51
69 65
89 46
16 13
64 17
50 46
75 72
9 6
47 44
73 24
48 39
68 65
21 16
32 9
67 64
51 7
82 53
70 29
32 28
30 27
20 16
63 17
63 19
48 2
31 12
70 67
17 13
31 27
88 46
7 3
14 11
46 42
58 55
84 53
59 55
38 35
66 17
51 2
37 33
18 14
51 6
62 59
5 2
84 57
66 16
10 7
30 26
25 13
71 32
30 9
27 13
24 16
28 25
11 7
22 16
88 49
40 37
59 56
46 43
74 32
20 15
25 12
40 36
52 49
58 54
70 23
56 52
86 82
59 18
47 43
62 17
39 36
66 23
44 40
88 47
76 72
63 18
54 50
37 34
11 8
32 29
66 18
67 17
86 81
31 28
70 66
74 70
48 3
84 56
44 39
67 62
31 9
48 6
75 71
88 50
73 70
72 69
35 9
56 53
55 7
83 56
83 57
74 71
66 63
12 9
35 31
90 87
47 3
73 23
51 48
84 54
20 17
81 78
45 41
76 71
49 46
86 83
15 12
45 39
82 49
55 52
18 15
36 33
76 73
27 12
28 10
6 3
29 24
67 16
83 53
59 14
77 72
6 2
29 25
71 68
57 53
33 29
29 13
19 16
82 68
82 52
28 24
66 19
28 11
33 30
81 68
35 6
48 45
62 18
34 9
77 71
24 21
76 32
31 10
68 64
44 41
48 44
35 32
38 34
61 19
21 15
52 6
51 47
67 63
52 3
70 24
28 12
74 29
39 35
13 10
36 32
78 71
52 48
23 16
62 19
34 30
32 10
73 69
76 33
14 10
59 17
50 47
24 13
76 36
45 40
45 42
34 31
8 5
17 14
61 18
82 56
10 6
7 4
74 24
47 2
49 45
51 3
5 9
13 28
26 29
49 53
4 8
33 74
54 57
66 69
18 60
9 28
18 67
53 86
80 86
50 53
15 19
51 54
51 55
65 69
46 89
13 16
17 64
46 50
72 75
6 9
44 47
24 73
39 48
65 68
16 21
9 32
64 67
7 51
53 82
29 70
28 32
27 30
16 20
17 63
19 63
2 48
12 31
67 70
13 17
27 31
46 88
3 7
11 14
42 46
55 58
53 84
55 59
35 38
17 66
2 51
33 37
14 18
6 51
59 62
2 5
57 84
16 66
7 10
26 30
13 25
32 71
9 30
13 27
16 24
25 28
7 11
16 22
49 88
37 40
56 59
43 46
32 74
15 20
12 25
36 40
49 52
54 58
23 70
52 56
82 86
18 59
43 47
17 62
36 39
23 66
40 44
47 88
72 76
18 63
50 54
34 37
8 11
29 32
18 66
17 67
81 86
28 31
66 70
70 74
3 48
56 84
39 44
62 67
9 31
6 48
71 75
50 88
70 73
69 72
9 35
53 56
7 55
56 83
57 83
71 74
63 66
9 12
31 35
87 90
3 47
23 73
48 51
54 84
17 20
78 81
41 45
71 76
46 49
83 86
12 15
39 45
49 82
52 55
15 18
33 36
73 76
12 27
10 28
3 6
24 29
16 67
53 83
14 59
72 77
2 6
25 29
68 71
53 57
29 33
13 29
16 19
68 82
52 82
24 28
19 66
11 28
30 33
68 81
6 35
45 48
18 62
9 34
71 77
21 24
32 76
10 31
64 68
41 44
44 48
32 35
34 38
19 61
15 21
6 52
47 51
63 67
3 52
24 70
12 28
29 74
35 39
10 13
32 36
71 78
48 52
16 23
19 62
30 34
10 32
69 73
33 76
10 14
17 59
47 50
13 24
36 76
40 45
42 45
31 34
5 8
14 17
18 61
56 82
6 10
4 7
24 74
2 47
45 49
3 51
