46 43
46 42
70 67
86 83
89 50
45 42
90 87
69 66
70 17
45 41
84 81
34 9
44 41
73 66
53 31
50 46
81 38
84 64
87 84
47 44
47 43
62 32
50 47
85 82
11 7
71 67
45 36
7 4
37 34
68 65
8 4
36 33
48 45
55 52
85 81
62 59
88 84
71 68
57 54
77 8
87 83
53 6
30 27
35 32
86 82
49 46
43 46
42 46
67 70
83 86
50 89
42 45
87 90
66 69
17 70
41 45
81 84
9 34
41 44
66 73
31 53
46 50
38 81
64 84
84 87
44 47
43 47
32 62
47 50
82 85
7 11
67 71
36 45
4 7
34 37
65 68
4 8
33 36
45 48
52 55
81 85
59 62
84 88
68 71
54 57
8 77
83 87
6 53
27 30
32 35
82 86
46 49
