46 43
86 83
46 42
45 42
84 81
90 87
70 67
47 44
47 43
69 66
44 41
87 84
50 47
85 82
45 41
62 59
71 68
89 50
86 82
34 9
68 65
61 58
55 52
71 67
7 4
37 34
70 17
36 33
26 23
30 27
24 21
88 84
85 81
23 20
50 46
49 46
38 35
22 19
70 66
87 83
57 54
28 25
88 85
43 40
62 58
25 21
35 32
53 50
72 69
18 11
48 45
8 4
51 48
39 36
73 66
28 24
56 53
6 3
54 51
83 56
53 31
81 38
17 14
11 7
29 26
25 22
83 80
89 86
27 24
11 8
16 13
84 64
41 38
18 15
51 47
62 32
58 55
42 39
18 12
69 17
9 6
53 6
48 44
44 40
69 16
52 49
12 6
81 78
69 65
90 86
14 11
84 67
45 36
43 46
83 86
42 46
42 45
81 84
87 90
67 70
44 47
43 47
66 69
41 44
84 87
47 50
82 85
41 45
59 62
68 71
50 89
82 86
9 34
65 68
58 61
52 55
67 71
4 7
34 37
17 70
33 36
23 26
27 30
21 24
84 88
81 85
20 23
46 50
46 49
35 38
19 22
66 70
83 87
54 57
25 28
85 88
40 43
58 62
21 25
32 35
50 53
69 72
11 18
45 48
4 8
48 51
36 39
66 73
24 28
53 56
3 6
51 54
56 83
31 53
38 81
14 17
7 11
26 29
22 25
80 83
86 89
24 27
8 11
13 16
64 84
38 41
15 18
47 51
32 62
55 58
39 42
12 18
17 69
6 9
6 53
44 48
40 44
16 69
49 52
6 12
78 81
65 69
86 90
11 14
67 84
36 45
