46 43
46 42
70 67
86 83
89 50
45 42
90 87
69 66
70 17
45 41
84 81
34 9
44 41
73 66
53 31
50 46
81 38
84 64
87 84
47 44
47 43
62 32
50 47
85 82
11 7
71 67
45 36
7 4
37 34
68 65
8 4
36 33
48 45
55 52
85 81
62 59
88 84
71 68
57 54
77 8
87 83
53 6
30 27
35 32
86 82
49 46
88 85
75 33
55 17
76 52
18 11
65 35
61 58
83 56
22 19
52 48
69 16
25 22
28 25
26 23
41 38
66 56
67 64
72 69
24 21
43 40
15 10
6 3
70 66
48 44
40 21
70 16
38 35
48 16
76 27
57 53
59 32
84 67
18 14
51 48
44 40
14 11
25 21
36 14
48 35
62 48
42 39
53 50
52 10
82 39
54 51
25 19
71 39
18 15
77 52
68 16
76 32
23 20
28 24
37 33
39 36
30 10
66 63
16 13
69 65
56 53
47 16
19 12
77 7
25 10
68 64
69 20
58 55
84 80
85 80
17 13
69 17
62 58
68 17
66 58
26 22
53 33
29 26
29 13
17 6
38 34
52 49
8 5
34 31
81 78
83 67
49 45
83 80
9 6
85 79
51 47
14 5
45 38
53 32
