90 87
70 17
89 50
46 42
70 67
69 66
53 31
73 66
84 64
62 32
34 9
81 38
45 36
11 7
77 8
50 46
59 32
46 43
40 21
8 4
55 17
83 56
71 67
53 6
47 19
69 20
36 14
65 35
77 52
15 10
61 40
62 48
19 12
71 39
76 52
75 33
37 34
47 16
41 17
70 10
52 10
61 42
25 19
34 26
81 19
47 43
76 27
76 32
84 67
82 39
18 11
38 9
22 19
48 16
60 2
66 56
87 64
76 68
57 53
18 14
25 10
48 35
61 52
68 64
54 34
82 6
83 70
61 56
48 31
17 6
52 2
31 12
65 37
84 72
69 40
30 15
86 83
30 10
78 4
84 81
47 9
12 2
81 77
77 7
68 17
14 5
69 62
83 76
66 58
63 55
75 55
67 17
21 15
