90 87
70 17
89 50
46 42
70 67
69 66
53 31
73 66
84 64
62 32
34 9
81 38
45 36
11 7
77 8
50 46
59 32
46 43
40 21
8 4
55 17
83 56
71 67
53 6
47 19
69 20
36 14
65 35
77 52
15 10
61 40
62 48
19 12
71 39
76 52
75 33
37 34
47 16
41 17
70 10
52 10
61 42
25 19
34 26
81 19
47 43
87 90
17 70
50 89
42 46
67 70
66 69
31 53
66 73
64 84
32 62
9 34
38 81
36 45
7 11
8 77
46 50
32 59
43 46
21 40
4 8
17 55
56 83
67 71
6 53
19 47
20 69
14 36
35 65
52 77
10 15
40 61
48 62
12 19
39 71
52 76
33 75
34 37
16 47
17 41
10 70
10 52
42 61
19 25
26 34
19 81
43 47
