75 39
159 156
52 49
71 40
124 121
77 29
60 5
72 67
123 120
125 121
28 14
111 4
44 17
125 122
140 137
52 48
56 11
151 89
51 48
52 12
40 26
66 40
34 31
122 119
53 49
36 33
61 8
139 127
53 50
88 79
138 127
28 16
60 7
124 120
58 7
114 111
71 26
69 21
153 79
158 132
149 146
30 27
21 18
90 55
54 11
37 33
127 124
97 11
59 29
70 20
148 145
60 6
49 15
149 145
44 21
35 31
44 25
126 123
108 3
157 134
59 7
61 6
24 21
57 29
135 131
126 122
35 32
40 27
143 103
77 59
66 63
123 119
33 30
68 65
52 47
145 99
76 63
74 67
160 157
71 38
68 21
95 92
