75 39
77 29
159 156
28 14
111 4
72 67
71 40
60 5
44 17
52 12
56 11
151 89
88 79
139 127
69 21
40 26
59 29
114 111
71 26
28 16
36 33
52 49
122 119
61 8
51 48
44 21
153 79
90 55
66 40
58 7
53 49
157 134
77 52
49 15
54 11
37 33
70 20
44 25
143 103
30 27
57 29
77 59
76 63
52 48
108 3
137 131
40 27
88 47
158 132
85 46
138 127
140 137
108 100
47 25
97 11
52 47
30 13
161 136
125 121
155 87
94 56
147 99
149 145
34 31
23 12
148 145
66 63
127 5
22 17
118 115
51 34
145 99
76 70
71 38
78 60
120 112
60 7
63 37
21 18
74 67
30 8
124 7
140 128
91 58
135 131
61 6
155 99
151 108
157 130
47 12
68 21
152 93
161 114
77 57
158 82
54 49
38 26
25 17
151 3
68 26
74 35
152 54
71 65
118 110
76 42
126 6
149 92
89 12
45 23
78 7
120 115
48 45
147 140
134 89
112 105
115 111
131 20
68 38
118 6
136 89
24 21
99 95
121 60
61 40
44 26
75 47
138 15
61 31
49 12
127 111
59 39
50 35
71 44
138 126
69 5
148 99
115 110
71 16
28 13
34 15
92 89
149 94
143 135
130 119
61 55
68 53
12 8
101 58
129 95
124 11
91 3
26 21
127 124
153 90
52 29
35 31
116 66
101 91
138 102
40 16
121 105
88 78
129 75
143 121
132 34
81 63
98 62
48 25
132 109
155 51
134 130
75 27
116 69
43 22
122 116
40 30
89 14
21 17
36 31
63 60
156 145
116 111
76 68
75 70
153 47
70 63
79 56
128 40
59 10
61 39
67 44
95 92
58 39
139 106
89 52
122 25
48 23
124 100
154 134
158 154
69 40
150 142
95 9
95 45
154 150
27 10
155 124
69 44
149 28
42 24
124 6
110 6
72 68
74 23
88 72
115 105
71 21
89 72
71 68
31 7
131 85
97 56
101 9
122 117
49 45
39 11
69 23
135 58
157 152
160 83
60 45
120 60
112 94
61 37
111 60
136 66
71 23
58 27
124 120
149 32
117 30
77 68
48 6
128 121
76 65
79 41
