124 121
159 156
52 49
125 122
123 120
51 48
140 137
125 121
36 33
114 111
148 145
53 50
53 49
21 18
28 14
149 146
60 6
126 123
124 120
122 119
72 67
34 31
52 48
60 7
151 89
37 33
40 26
40 27
35 32
24 21
139 127
69 21
149 145
138 127
123 119
150 147
160 157
83 80
69 66
135 131
35 31
61 8
111 4
71 40
127 124
68 65
115 112
60 5
59 7
157 154
56 11
118 115
134 131
126 122
115 111
160 156
54 11
61 6
33 30
30 27
158 132
158 155
82 79
95 92
70 20
52 12
51 47
70 21
120 117
66 40
61 7
37 34
154 151
159 155
75 39
70 67
55 11
157 134
32 29
143 103
153 150
84 81
71 68
44 17
141 138
28 16
77 29
48 45
60 8
161 158
66 63
36 32
21 17
135 132
52 47
116 113
121 118
31 28
56 12
26 16
85 82
133 130
70 66
77 59
152 149
55 12
145 99
71 67
25 22
147 144
158 154
68 21
72 68
28 13
157 130
148 144
41 26
39 26
119 116
151 148
58 7
150 146
74 67
134 130
22 19
44 25
44 21
131 128
59 29
23 20
155 152
42 24
141 137
28 15
157 132
127 123
114 110
50 47
54 51
69 20
122 118
139 136
146 99
158 133
54 12
34 30
136 131
38 26
69 65
156 153
54 49
132 129
94 56
74 68
43 24
27 16
116 111
115 110
57 29
85 46
88 79
26 23
43 22
41 27
42 22
110 107
140 128
49 46
157 133
76 70
75 67
47 44
129 126
44 22
116 112
72 69
71 65
54 13
83 79
69 40
117 114
151 147
157 131
71 26
108 100
22 18
157 153
54 50
147 99
73 67
128 125
76 63
68 38
142 139
22 17
138 126
73 68
140 136
161 157
44 41
20 17
25 21
84 80
98 95
69 23
81 78
71 66
139 128
55 52
42 39
77 60
74 66
112 109
97 11
43 21
67 64
111 108
119 115
147 140
26 17
38 35
76 68
49 15
85 81
99 96
151 90
59 8
31 27
146 143
138 135
75 70
43 25
116 66
47 25
26 22
145 142
148 99
71 21
86 83
78 60
25 17
90 55
159 132
44 26
53 48
108 3
121 124
156 159
49 52
122 125
120 123
48 51
137 140
121 125
33 36
111 114
145 148
50 53
49 53
18 21
14 28
146 149
6 60
123 126
120 124
119 122
67 72
31 34
48 52
7 60
89 151
33 37
26 40
27 40
32 35
21 24
127 139
21 69
145 149
127 138
119 123
147 150
157 160
80 83
66 69
131 135
31 35
8 61
4 111
40 71
124 127
65 68
112 115
5 60
7 59
154 157
11 56
115 118
131 134
122 126
111 115
156 160
11 54
6 61
30 33
27 30
132 158
155 158
79 82
92 95
20 70
12 52
47 51
21 70
117 120
40 66
7 61
34 37
151 154
155 159
39 75
67 70
11 55
134 157
29 32
103 143
150 153
81 84
68 71
17 44
138 141
16 28
29 77
45 48
8 60
158 161
63 66
32 36
17 21
132 135
47 52
113 116
118 121
28 31
12 56
16 26
82 85
130 133
66 70
59 77
149 152
12 55
99 145
67 71
22 25
144 147
154 158
21 68
68 72
13 28
130 157
144 148
26 41
26 39
116 119
148 151
7 58
146 150
67 74
130 134
19 22
25 44
21 44
128 131
29 59
20 23
152 155
24 42
137 141
15 28
132 157
123 127
110 114
47 50
51 54
20 69
118 122
136 139
99 146
133 158
12 54
30 34
131 136
26 38
65 69
153 156
49 54
129 132
56 94
68 74
24 43
16 27
111 116
110 115
29 57
46 85
79 88
23 26
22 43
27 41
22 42
107 110
128 140
46 49
133 157
70 76
67 75
44 47
126 129
22 44
112 116
69 72
65 71
13 54
79 83
40 69
114 117
147 151
131 157
26 71
100 108
18 22
153 157
50 54
99 147
67 73
125 128
63 76
38 68
139 142
17 22
126 138
68 73
136 140
157 161
41 44
17 20
21 25
80 84
95 98
23 69
78 81
66 71
128 139
52 55
39 42
60 77
66 74
109 112
11 97
21 43
64 67
108 111
115 119
140 147
17 26
35 38
68 76
15 49
81 85
96 99
90 151
8 59
27 31
143 146
135 138
70 75
25 43
66 116
25 47
22 26
142 145
99 148
21 71
83 86
60 78
17 25
55 90
132 159
26 44
48 53
3 108
