75 39
77 29
159 156
28 14
111 4
72 67
71 40
60 5
44 17
52 12
56 11
151 89
88 79
139 127
69 21
40 26
59 29
114 111
71 26
28 16
36 33
52 49
122 119
61 8
51 48
44 21
153 79
90 55
66 40
58 7
53 49
157 134
77 52
49 15
54 11
37 33
70 20
44 25
143 103
30 27
57 29
77 59
76 63
52 48
108 3
137 131
40 27
88 47
158 132
85 46
138 127
140 137
108 100
47 25
97 11
52 47
30 13
161 136
125 121
155 87
94 56
147 99
149 145
34 31
23 12
148 145
66 63
127 5
22 17
118 115
51 34
145 99
76 70
71 38
78 60
120 112
60 7
63 37
21 18
74 67
30 8
124 7
