115 111
99 91
43 25
44 17
76 39
97 9
30 13
113 63
124 5
53 15
152 133
39 27
128 125
159 87
58 10
156 80
145 101
127 124
153 136
49 17
154 90
74 39
130 80
152 143
59 31
59 8
102 3
100 9
90 57
124 121
77 43
41 24
152 130
72 65
44 22
157 133
89 79
40 27
135 130
160 128
28 12
73 38
26 16
61 37
55 12
56 9
78 58
143 7
107 104
72 68
42 24
73 66
60 7
85 82
36 30
153 134
151 92
70 20
151 89
23 18
136 130
86 43
47 43
152 90
141 106
56 12
57 29
114 62
77 57
147 144
143 58
75 63
150 136
98 33
148 92
137 129
27 13
138 128
151 143
54 11
136 78
134 130
119 116
57 10
123 120
45 42
61 7
158 132
38 26
151 135
110 4
96 32
148 91
59 39
99 95
127 2
121 4
73 68
136 58
51 48
148 93
139 105
159 153
157 134
134 131
138 106
156 130
85 81
57 11
141 105
114 63
155 134
76 59
75 39
61 8
143 138
73 67
88 43
77 27
55 52
68 24
58 9
161 79
69 18
7 2
37 33
154 87
151 136
74 38
36 13
107 3
32 8
140 137
75 59
137 128
21 18
76 60
140 129
49 15
110 5
75 37
89 80
114 4
146 102
153 79
87 81
78 57
143 89
126 123
85 46
153 90
86 46
52 12
89 58
52 25
94 91
38 28
27 14
140 131
46 42
145 91
157 130
97 32
88 79
161 89
75 29
30 11
148 99
113 64
120 114
25 15
160 80
145 94
58 7
100 7
159 80
149 145
152 89
150 145
148 95
55 51
158 129
97 31
36 31
33 30
57 12
91 56
88 57
109 3
161 80
151 142
148 144
37 28
25 16
149 144
91 57
95 9
45 23
78 60
98 10
60 6
69 20
146 99
42 23
159 82
156 153
143 136
136 80
136 129
52 43
137 130
139 127
29 13
5 2
121 114
138 124
98 32
42 25
56 11
151 101
112 62
88 55
97 8
71 68
156 87
152 134
60 5
68 40
38 27
57 9
79 43
110 6
137 131
111 62
29 12
59 37
150 92
36 29
144 101
73 65
138 127
61 6
69 21
19 16
145 92
159 156
39 28
52 27
29 11
62 5
59 10
160 130
151 145
15 12
121 63
110 62
158 131
95 10
76 73
24 17
99 9
141 103
123 119
119 114
28 14
25 18
29 10
40 18
107 103
61 31
71 21
101 7
36 28
103 3
74 37
151 58
125 121
108 102
53 49
142 137
77 58
161 128
143 137
144 92
40 25
138 103
75 60
52 49
88 77
160 82
31 8
101 9
128 124
53 50
156 85
28 13
53 12
161 136
30 10
24 18
111 6
115 64
142 135
95 92
86 47
99 8
139 2
160 129
38 29
145 99
73 40
31 10
26 17
90 56
124 120
55 15
74 61
68 21
31 9
102 7
71 26
78 7
150 144
100 6
136 128
76 63
52 48
22 18
160 81
103 2
37 29
120 115
121 5
40 24
116 64
88 78
141 138
25 17
41 25
120 4
91 10
74 65
160 125
141 137
159 130
98 31
32 10
77 39
75 61
49 25
150 142
53 14
39 29
88 47
52 15
56 10
71 20
95 56
26 15
71 67
95 91
71 38
142 136
51 47
77 59
41 27
37 31
125 122
40 26
136 89
99 96
108 3
155 87
145 9
69 24
28 15
71 40
149 92
114 111
86 82
101 8
119 115
73 39
113 62
157 153
101 58
158 130
138 2
39 26
71 18
98 8
150 143
161 130
97 30
77 41
76 41
143 135
145 95
66 63
124 2
100 8
157 131
126 122
70 67
44 24
44 25
59 29
153 80
152 136
26 18
22 17
54 13
52 47
78 59
156 81
87 79
110 3
55 11
62 6
150 135
49 16
97 10
91 9
86 80
153 87
46 43
54 12
124 4
72 66
86 81
106 103
161 81
96 9
161 78
59 9
86 79
134 80
161 125
40 21
89 57
151 90
87 80
148 145
122 119
36 33
159 81
59 7
153 89
128 2
114 64
161 129
97 11
24 21
143 101
106 2
148 94
156 134
63 60
75 31
142 131
26 19
159 129
69 40
27 15
98 9
151 91
72 67
87 46
157 132
152 135
58 8
89 78
118 115
72 38
106 3
135 131
156 82
151 144
91 58
154 134
68 18
111 4
153 130
114 5
47 44
27 12
44 23
