75 39
159 156
52 49
71 40
124 121
77 29
60 5
72 67
123 120
125 121
28 14
111 4
44 17
125 122
140 137
52 48
56 11
151 89
51 48
52 12
40 26
66 40
34 31
122 119
53 49
36 33
61 8
139 127
53 50
88 79
138 127
28 16
60 7
124 120
58 7
114 111
71 26
69 21
153 79
158 132
149 146
30 27
21 18
90 55
54 11
37 33
127 124
97 11
59 29
70 20
148 145
60 6
49 15
149 145
44 21
35 31
44 25
126 123
108 3
157 134
59 7
61 6
24 21
57 29
135 131
126 122
35 32
40 27
143 103
77 59
66 63
123 119
33 30
68 65
52 47
145 99
76 63
74 67
160 157
71 38
68 21
95 92
150 147
69 66
140 128
31 28
135 132
161 136
147 99
36 32
30 13
47 25
72 68
85 82
115 111
51 47
37 34
108 100
38 26
159 155
71 65
118 115
39 26
21 17
155 87
157 132
77 52
28 13
153 150
76 70
48 45
78 60
32 29
88 47
115 112
94 56
70 21
84 81
71 68
82 79
157 133
54 13
83 80
157 154
158 155
71 67
74 39
55 11
54 12
114 110
122 118
75 70
137 131
68 38
88 78
160 156
50 47
77 57
85 46
43 22
158 154
69 20
70 67
26 16
44 26
26 23
41 27
158 133
115 110
148 144
75 68
22 18
76 42
99 95
91 58
148 99
71 21
61 39
42 24
69 65
140 136
133 130
70 66
157 130
39 75
156 159
49 52
40 71
121 124
29 77
5 60
67 72
120 123
121 125
14 28
4 111
17 44
122 125
137 140
48 52
11 56
89 151
48 51
12 52
26 40
40 66
31 34
119 122
49 53
33 36
8 61
127 139
50 53
79 88
127 138
16 28
7 60
120 124
7 58
111 114
26 71
21 69
79 153
132 158
146 149
27 30
18 21
55 90
11 54
33 37
124 127
11 97
29 59
20 70
145 148
6 60
15 49
145 149
21 44
31 35
25 44
123 126
3 108
134 157
7 59
6 61
21 24
29 57
131 135
122 126
32 35
27 40
103 143
59 77
63 66
119 123
30 33
65 68
47 52
99 145
63 76
67 74
157 160
38 71
21 68
92 95
147 150
66 69
128 140
28 31
132 135
136 161
99 147
32 36
13 30
25 47
68 72
82 85
111 115
47 51
34 37
100 108
26 38
155 159
65 71
115 118
26 39
17 21
87 155
132 157
52 77
13 28
150 153
70 76
45 48
60 78
29 32
47 88
112 115
56 94
21 70
81 84
68 71
79 82
133 157
13 54
80 83
154 157
155 158
67 71
39 74
11 55
12 54
110 114
118 122
70 75
131 137
38 68
78 88
156 160
47 50
57 77
46 85
22 43
154 158
20 69
67 70
16 26
26 44
23 26
27 41
133 158
110 115
144 148
68 75
18 22
42 76
95 99
58 91
99 148
21 71
39 61
24 42
65 69
136 140
130 133
66 70
130 157
