75 68
66 23
67 19
51 28
72 69
60 57
44 25
12 7
11 8
71 68
81 78
54 11
70 59
15 3
68 63
88 85
87 84
21 17
12 4
6 3
46 43
37 34
12 6
36 33
58 55
32 26
80 77
22 19
41 35
53 30
42 35
5 2
63 14
46 23
54 49
13 6
72 68
88 84
80 4
60 56
70 21
70 58
75 63
66 20
59 56
77 67
38 35
81 77
67 18
12 5
63 23
78 66
85 82
37 33
70 24
75 67
30 12
65 23
73 69
44 8
73 70
17 5
74 68
45 42
53 12
44 24
14 3
71 35
49 33
61 58
19 16
14 2
28 10
44 26
25 4
11 7
86 83
26 19
79 76
26 23
67 20
20 17
47 44
54 29
46 26
61 29
47 27
87 83
73 23
47 32
10 7
