75 68
66 23
51 28
67 19
68 63
54 11
32 26
80 4
21 17
42 35
44 8
75 63
70 59
44 25
70 24
46 23
70 58
79 60
70 21
64 4
71 35
53 30
63 23
60 56
63 14
78 66
30 12
28 10
67 4
77 45
45 7
25 4
48 28
41 35
26 23
26 19
66 20
74 36
15 3
12 7
54 29
49 34
12 4
70 51
18 3
68 75
23 66
28 51
19 67
63 68
11 54
26 32
4 80
17 21
35 42
8 44
63 75
59 70
25 44
24 70
23 46
58 70
60 79
21 70
4 64
35 71
30 53
23 63
56 60
14 63
66 78
12 30
10 28
4 67
45 77
7 45
4 25
28 48
35 41
23 26
19 26
20 66
36 74
3 15
7 12
29 54
34 49
4 12
51 70
3 18
