87 60
44 28
15 5
66 14
69 23
63 32
61 34
88 59
46 18
28 14
45 26
81 66
85 61
82 65
67 26
13 5
82 16
14 4
70 22
69 24
83 66
79 23
13 7
54 10
51 13
86 64
55 10
67 27
66 26
39 30
41 30
16 2
82 66
61 32
49 17
55 11
83 65
88 8
70 21
15 2
53 11
51 28
23 19
65 30
41 28
77 73
46 26
43 26
64 31
67 29
56 12
83 2
69 26
79 67
39 29
26 23
68 23
66 16
14 3
88 62
46 25
63 30
83 64
41 27
11 7
14 5
66 27
37 31
53 28
50 5
60 56
41 29
65 29
23 18
16 3
42 28
70 23
85 33
84 63
60 32
63 33
86 61
83 63
69 27
13 4
65 27
74 69
11 8
62 56
84 3
88 57
37 32
53 14
69 25
56 9
74 70
51 42
81 67
88 9
79 19
40 31
51 14
73 70
88 56
65 28
87 61
88 12
56 53
64 53
54 11
51 44
78 75
43 27
74 71
84 4
51 48
79 68
35 31
66 2
66 28
14 2
64 2
49 18
45 25
88 58
39 31
84 2
53 30
49 15
78 73
78 68
12 8
58 10
81 65
49 16
59 9
35 32
86 62
52 13
57 32
52 12
87 62
44 25
51 26
86 12
70 24
79 21
46 24
64 28
53 13
71 22
12 6
15 3
78 69
48 26
86 4
78 67
68 21
88 10
77 74
86 7
12 4
43 25
52 11
85 63
68 25
64 30
58 9
85 64
68 18
56 11
68 19
48 44
62 31
63 31
62 33
85 62
68 26
53 12
64 14
40 29
68 46
46 23
61 33
48 45
13 6
64 29
43 28
88 7
40 30
57 10
50 13
79 70
78 74
50 15
7 4
12 7
50 14
60 57
62 32
71 24
88 60
62 30
84 64
44 26
56 10
82 2
87 59
78 70
60 87
28 44
5 15
14 66
23 69
32 63
34 61
59 88
18 46
14 28
26 45
66 81
61 85
65 82
26 67
5 13
16 82
4 14
22 70
24 69
66 83
23 79
7 13
10 54
13 51
64 86
10 55
27 67
26 66
30 39
30 41
2 16
66 82
32 61
17 49
11 55
65 83
8 88
21 70
2 15
11 53
28 51
19 23
30 65
28 41
73 77
26 46
26 43
31 64
29 67
12 56
2 83
26 69
67 79
29 39
23 26
23 68
16 66
3 14
62 88
25 46
30 63
64 83
27 41
7 11
5 14
27 66
31 37
28 53
5 50
56 60
29 41
29 65
18 23
3 16
28 42
23 70
33 85
63 84
32 60
33 63
61 86
63 83
27 69
4 13
27 65
69 74
8 11
56 62
3 84
57 88
32 37
14 53
25 69
9 56
70 74
42 51
67 81
9 88
19 79
31 40
14 51
70 73
56 88
28 65
61 87
12 88
53 56
53 64
11 54
44 51
75 78
27 43
71 74
4 84
48 51
68 79
31 35
2 66
28 66
2 14
2 64
18 49
25 45
58 88
31 39
2 84
30 53
15 49
73 78
68 78
8 12
10 58
65 81
16 49
9 59
32 35
62 86
13 52
32 57
12 52
62 87
25 44
26 51
12 86
24 70
21 79
24 46
28 64
13 53
22 71
6 12
3 15
69 78
26 48
4 86
67 78
21 68
10 88
74 77
7 86
4 12
25 43
11 52
63 85
25 68
30 64
9 58
64 85
18 68
11 56
19 68
44 48
31 62
31 63
33 62
62 85
26 68
12 53
14 64
29 40
46 68
23 46
33 61
45 48
6 13
29 64
28 43
7 88
30 40
10 57
13 50
70 79
74 78
15 50
4 7
7 12
14 50
57 60
32 62
24 71
60 88
30 62
64 84
26 44
10 56
2 82
59 87
70 78
