75 68
66 23
51 28
67 19
68 63
54 11
32 26
80 4
21 17
42 35
44 8
75 63
70 59
44 25
70 24
46 23
70 58
79 60
70 21
64 4
71 35
53 30
63 23
60 56
63 14
78 66
30 12
28 10
67 4
77 45
45 7
25 4
48 28
41 35
26 23
26 19
66 20
74 36
15 3
12 7
54 29
49 34
12 4
70 51
18 3
57 14
17 5
73 23
74 27
66 41
14 2
12 6
63 31
54 14
37 22
49 33
65 47
74 46
44 26
54 49
60 48
79 20
57 32
66 11
55 9
53 12
77 67
53 19
58 23
88 14
59 53
81 77
59 45
64 15
46 2
80 77
74 14
44 24
44 15
67 9
43 10
68 31
82 59
58 25
67 10
23 5
64 12
47 32
12 5
75 57
69 10
68 75
23 66
28 51
19 67
63 68
11 54
26 32
4 80
17 21
35 42
8 44
63 75
59 70
25 44
24 70
23 46
58 70
60 79
21 70
4 64
35 71
30 53
23 63
56 60
14 63
66 78
12 30
10 28
4 67
45 77
7 45
4 25
28 48
35 41
23 26
19 26
20 66
36 74
3 15
7 12
29 54
34 49
4 12
51 70
3 18
14 57
5 17
23 73
27 74
41 66
2 14
6 12
31 63
14 54
22 37
33 49
47 65
46 74
26 44
49 54
48 60
20 79
32 57
11 66
9 55
12 53
67 77
19 53
23 58
14 88
53 59
77 81
45 59
15 64
2 46
77 80
14 74
24 44
15 44
9 67
10 43
31 68
59 82
25 58
10 67
5 23
12 64
32 47
5 12
57 75
10 69
