72 69
75 68
88 85
71 68
12 7
81 78
60 57
11 8
67 19
37 34
87 84
66 23
6 3
59 56
60 56
5 2
12 6
80 77
70 59
81 77
73 70
36 33
72 68
58 55
74 68
54 11
15 3
38 35
88 84
67 18
51 28
68 19
46 43
22 19
85 82
67 20
86 83
44 25
8 5
21 18
14 4
78 66
21 17
53 30
53 12
79 76
47 44
61 58
44 24
14 3
59 55
75 69
73 69
10 7
37 33
12 5
68 63
13 7
46 42
77 67
76 67
45 42
19 16
66 20
7 4
54 10
13 6
75 67
82 79
11 7
53 29
53 11
62 58
12 8
57 54
63 31
12 4
77 66
62 59
40 37
44 26
70 21
26 23
70 67
9 6
39 36
30 12
14 2
76 66
7 3
65 23
74 70
13 4
74 71
87 83
35 32
20 17
66 11
61 30
63 60
66 19
41 35
23 20
78 67
75 63
75 65
46 26
79 60
70 58
19 4
15 4
54 29
68 20
24 21
42 35
18 15
58 54
74 27
53 13
54 12
54 49
49 33
17 5
83 80
76 68
47 43
85 38
13 5
67 9
56 53
12 9
85 39
15 2
63 23
54 9
74 67
69 72
68 75
85 88
68 71
7 12
78 81
57 60
8 11
19 67
34 37
84 87
23 66
3 6
56 59
56 60
2 5
6 12
77 80
59 70
77 81
70 73
33 36
68 72
55 58
68 74
11 54
3 15
35 38
84 88
18 67
28 51
19 68
43 46
19 22
82 85
20 67
83 86
25 44
5 8
18 21
4 14
66 78
17 21
30 53
12 53
76 79
44 47
58 61
24 44
3 14
55 59
69 75
69 73
7 10
33 37
5 12
63 68
7 13
42 46
67 77
67 76
42 45
16 19
20 66
4 7
10 54
6 13
67 75
79 82
7 11
29 53
11 53
58 62
8 12
54 57
31 63
4 12
66 77
59 62
37 40
26 44
21 70
23 26
67 70
6 9
36 39
12 30
2 14
66 76
3 7
23 65
70 74
4 13
71 74
83 87
32 35
17 20
11 66
30 61
60 63
19 66
35 41
20 23
67 78
63 75
65 75
26 46
60 79
58 70
4 19
4 15
29 54
20 68
21 24
35 42
15 18
54 58
27 74
13 53
12 54
49 54
33 49
5 17
80 83
68 76
43 47
38 85
5 13
9 67
53 56
9 12
39 85
2 15
23 63
9 54
67 74
