75 68
66 23
67 19
51 28
72 69
60 57
44 25
12 7
11 8
71 68
81 78
54 11
70 59
15 3
68 63
88 85
87 84
21 17
12 4
6 3
46 43
37 34
12 6
36 33
58 55
32 26
80 77
22 19
41 35
53 30
42 35
5 2
63 14
46 23
54 49
13 6
72 68
88 84
80 4
60 56
70 21
70 58
75 63
66 20
59 56
68 75
23 66
19 67
28 51
69 72
57 60
25 44
7 12
8 11
68 71
78 81
11 54
59 70
3 15
63 68
85 88
84 87
17 21
4 12
3 6
43 46
34 37
6 12
33 36
55 58
26 32
77 80
19 22
35 41
30 53
35 42
2 5
14 63
23 46
49 54
6 13
68 72
84 88
4 80
56 60
21 70
58 70
63 75
20 66
56 59
