75 68
66 23
51 28
67 19
68 63
54 11
32 26
80 4
21 17
42 35
44 8
75 63
70 59
44 25
70 24
46 23
70 58
79 60
70 21
64 4
71 35
53 30
63 23
60 56
63 14
78 66
30 12
28 10
67 4
77 45
45 7
25 4
48 28
41 35
26 23
26 19
66 20
74 36
15 3
12 7
54 29
49 34
12 4
70 51
18 3
57 14
17 5
73 23
74 27
66 41
14 2
12 6
63 31
54 14
37 22
49 33
65 47
74 46
44 26
54 49
60 48
79 20
57 32
66 11
55 9
53 12
77 67
53 19
58 23
88 14
59 53
81 77
59 45
64 15
46 2
80 77
74 14
44 24
44 15
67 9
43 10
68 31
82 59
58 25
67 10
23 5
64 12
47 32
12 5
75 57
69 10
66 44
75 29
64 57
18 13
71 32
61 28
58 51
30 15
65 57
74 66
50 41
69 41
39 8
35 8
76 5
37 17
7 3
78 65
74 12
22 19
49 20
66 8
53 35
50 7
57 49
72 13
78 11
67 46
78 21
53 25
65 23
60 8
47 27
41 26
13 6
19 4
29 10
45 10
80 15
19 12
27 19
36 17
61 11
41 16
65 43
