98 91
10 7
37 26
68 59
37 28
25 20
96 4
92 8
86 39
69 43
10 6
96 7
100 89
73 70
85 38
35 30
97 92
98 4
39 24
77 70
48 40
68 61
99 37
78 68
77 59
50 40
36 28
95 8
35 28
27 16
38 27
81 67
87 36
99 5
98 90
11 6
98 93
25 18
36 29
97 91
24 21
75 70
64 47
90 37
7 4
35 8
98 2
91 2
24 20
30 13
76 69
84 75
86 38
87 38
91 98
7 10
26 37
59 68
28 37
20 25
4 96
8 92
39 86
43 69
6 10
7 96
89 100
70 73
38 85
30 35
92 97
4 98
24 39
70 77
40 48
61 68
37 99
68 78
59 77
40 50
28 36
8 95
28 35
16 27
27 38
67 81
36 87
5 99
90 98
6 11
93 98
18 25
29 36
91 97
21 24
70 75
47 64
37 90
4 7
8 35
2 98
2 91
20 24
13 30
69 76
75 84
38 86
38 87
