10 7
97 92
98 91
25 20
36 28
86 38
37 28
11 7
37 26
35 30
86 39
98 90
24 20
97 93
98 4
37 27
97 91
37 29
25 21
7 4
24 21
75 70
35 28
85 38
68 59
76 70
10 6
38 27
78 68
76 69
36 29
99 89
96 4
96 93
100 89
33 30
73 70
95 92
15 12
96 7
25 18
35 29
66 61
23 20
98 92
87 37
99 91
97 4
38 26
38 28
98 3
98 93
99 90
11 8
96 92
48 40
95 8
68 61
76 68
39 25
97 6
69 43
63 47
87 38
79 67
64 47
77 69
97 90
39 24
34 30
77 70
25 19
59 56
98 2
36 30
88 37
11 6
77 68
67 61
98 5
82 79
80 67
95 7
92 8
87 39
88 38
96 6
66 62
81 67
68 60
61 56
34 31
35 31
97 7
53 50
30 13
100 90
26 20
96 8
54 51
99 5
65 42
79 68
64 48
26 18
75 69
74 71
85 39
26 21
27 18
66 63
99 4
87 36
52 49
65 44
97 5
84 75
65 62
84 76
26 19
88 39
32 13
60 56
75 71
51 48
27 16
31 13
39 27
99 37
90 35
100 2
79 76
86 40
67 45
74 70
90 37
83 80
46 41
75 72
64 46
12 9
67 43
100 3
16 12
64 45
50 40
65 45
67 62
39 26
38 29
17 10
60 57
89 37
30 12
63 48
40 25
99 3
100 88
78 69
81 78
16 13
70 59
27 17
7 10
92 97
91 98
20 25
28 36
38 86
28 37
7 11
26 37
30 35
39 86
90 98
20 24
93 97
4 98
27 37
91 97
29 37
21 25
4 7
21 24
70 75
28 35
38 85
59 68
70 76
6 10
27 38
68 78
69 76
29 36
89 99
4 96
93 96
89 100
30 33
70 73
92 95
12 15
7 96
18 25
29 35
61 66
20 23
92 98
37 87
91 99
4 97
26 38
28 38
3 98
93 98
90 99
8 11
92 96
40 48
8 95
61 68
68 76
25 39
6 97
43 69
47 63
38 87
67 79
47 64
69 77
90 97
24 39
30 34
70 77
19 25
56 59
2 98
30 36
37 88
6 11
68 77
61 67
5 98
79 82
67 80
7 95
8 92
39 87
38 88
6 96
62 66
67 81
60 68
56 61
31 34
31 35
7 97
50 53
13 30
90 100
20 26
8 96
51 54
5 99
42 65
68 79
48 64
18 26
69 75
71 74
39 85
21 26
18 27
63 66
4 99
36 87
49 52
44 65
5 97
75 84
62 65
76 84
19 26
39 88
13 32
56 60
71 75
48 51
16 27
13 31
27 39
37 99
35 90
2 100
76 79
40 86
45 67
70 74
37 90
80 83
41 46
72 75
46 64
9 12
43 67
3 100
12 16
45 64
40 50
45 65
62 67
26 39
29 38
10 17
57 60
37 89
12 30
48 63
25 40
3 99
88 100
69 78
78 81
13 16
59 70
17 27
