96 4
69 43
73 70
92 8
68 59
37 28
98 91
99 37
100 89
50 40
85 38
96 7
64 47
86 39
90 37
25 20
35 8
98 4
37 26
87 36
39 24
10 7
48 40
68 61
98 93
78 68
27 16
99 5
81 67
77 59
77 70
91 2
11 6
88 39
97 92
97 35
35 30
84 75
95 8
63 47
17 10
10 6
97 6
90 35
38 29
65 44
75 70
55 16
15 12
30 12
30 13
65 42
60 29
61 56
4 96
43 69
70 73
8 92
59 68
28 37
91 98
37 99
89 100
40 50
38 85
7 96
47 64
39 86
37 90
20 25
8 35
4 98
26 37
36 87
24 39
7 10
40 48
61 68
93 98
68 78
16 27
5 99
67 81
59 77
70 77
2 91
6 11
39 88
92 97
35 97
30 35
75 84
8 95
47 63
10 17
6 10
6 97
35 90
29 38
44 65
70 75
16 55
12 15
12 30
13 30
42 65
29 60
56 61
