96 4
69 43
73 70
92 8
68 59
37 28
98 91
99 37
100 89
50 40
85 38
96 7
64 47
86 39
90 37
25 20
35 8
98 4
37 26
87 36
39 24
10 7
48 40
68 61
98 93
78 68
27 16
99 5
81 67
77 59
77 70
91 2
11 6
88 39
97 92
97 35
35 30
84 75
95 8
63 47
17 10
10 6
97 6
90 35
38 29
65 44
75 70
55 16
15 12
30 12
30 13
65 42
60 29
61 56
64 45
33 30
30 8
60 16
32 13
40 25
87 38
62 42
71 36
71 29
88 26
85 43
67 45
84 43
85 49
7 4
62 44
29 16
64 48
84 76
92 35
79 67
72 34
98 2
65 62
50 18
75 72
100 2
38 27
76 43
85 40
58 31
95 7
76 69
66 61
30 11
40 18
17 6
85 27
66 40
76 67
28 6
79 76
48 25
35 11
23 20
46 41
70 59
25 18
95 92
72 58
97 90
83 76
68 56
70 58
