103 100
99 89
97 90
64 47
104 101
81 44
99 3
70 58
36 28
34 31
78 66
24 20
95 9
98 6
33 12
58 31
77 69
96 8
99 5
55 15
104 89
40 26
53 49
101 2
50 28
85 74
73 70
103 88
66 63
72 58
76 68
33 30
105 88
78 69
69 60
98 3
41 25
28 19
97 8
82 43
100 3
96 4
75 69
84 81
37 28
10 6
62 52
87 73
60 49
48 40
19 5
95 92
63 49
84 74
81 43
27 19
80 66
49 40
81 68
37 26
15 11
101 21
47 41
45 41
80 44
89 37
63 52
50 40
79 68
60 54
85 42
72 36
85 39
100 88
48 42
62 47
92 8
32 14
83 75
96 92
82 79
81 78
87 39
40 18
65 62
55 14
97 5
77 59
35 28
85 75
53 50
42 39
71 38
40 25
99 88
98 5
30 12
75 71
98 4
51 16
52 49
106 85
46 43
106 86
26 19
71 37
27 17
76 67
74 69
96 6
90 36
60 55
54 50
99 90
82 76
30 15
83 43
88 26
97 4
35 29
39 25
59 56
60 56
12 9
15 12
81 67
56 14
104 87
28 11
31 14
29 11
72 37
85 38
100 89
103 89
104 86
88 39
85 76
10 7
105 87
96 93
88 38
96 5
51 18
63 54
69 59
98 91
68 59
105 86
95 7
20 5
38 26
106 84
100 2
98 90
68 60
87 38
11 7
67 61
46 42
98 2
62 42
71 29
80 67
30 14
85 73
31 13
40 27
77 70
84 69
95 8
52 48
49 27
78 67
51 17
27 16
90 37
30 13
84 76
85 43
81 76
101 24
70 59
48 41
99 2
37 29
71 36
55 16
84 75
66 62
45 42
99 91
87 37
100 90
53 15
17 11
28 16
82 44
28 17
74 71
29 14
62 49
36 31
71 58
76 70
66 61
98 92
67 62
57 14
29 15
25 19
79 66
68 61
53 16
54 49
79 67
61 55
83 44
35 30
38 28
25 20
30 11
39 26
46 41
47 42
84 43
86 74
50 16
71 60
51 48
39 27
77 67
25 21
26 20
61 54
35 31
36 30
32 13
86 38
104 39
74 70
16 12
49 42
106 74
87 74
17 10
23 20
29 16
75 70
97 7
97 93
11 8
97 6
62 54
101 89
79 76
104 100
61 49
97 91
29 17
69 61
86 39
67 63
99 4
31 15
76 69
26 18
81 42
59 55
19 6
90 35
96 7
99 37
74 38
88 37
34 30
97 92
85 69
80 65
70 60
58 55
83 76
98 93
106 87
24 21
49 41
27 18
50 27
71 59
50 18
33 13
101 88
77 68
78 68
68 62
62 48
30 16
16 11
57 31
28 18
57 32
104 88
25 18
38 27
50 17
104 38
101 26
36 29
101 3
37 27
100 103
89 99
90 97
47 64
101 104
44 81
3 99
58 70
28 36
31 34
66 78
20 24
9 95
6 98
12 33
31 58
69 77
8 96
5 99
15 55
89 104
26 40
49 53
2 101
28 50
74 85
70 73
88 103
63 66
58 72
68 76
30 33
88 105
69 78
60 69
3 98
25 41
19 28
8 97
43 82
3 100
4 96
69 75
81 84
28 37
6 10
52 62
73 87
49 60
40 48
5 19
92 95
49 63
74 84
43 81
19 27
66 80
40 49
68 81
26 37
11 15
21 101
41 47
41 45
44 80
37 89
52 63
40 50
68 79
54 60
42 85
36 72
39 85
88 100
42 48
47 62
8 92
14 32
75 83
92 96
79 82
78 81
39 87
18 40
62 65
14 55
5 97
59 77
28 35
75 85
50 53
39 42
38 71
25 40
88 99
5 98
12 30
71 75
4 98
16 51
49 52
85 106
43 46
86 106
19 26
37 71
17 27
67 76
69 74
6 96
36 90
55 60
50 54
90 99
76 82
15 30
43 83
26 88
4 97
29 35
25 39
56 59
56 60
9 12
12 15
67 81
14 56
87 104
11 28
14 31
11 29
37 72
38 85
89 100
89 103
86 104
39 88
76 85
7 10
87 105
93 96
38 88
5 96
18 51
54 63
59 69
91 98
59 68
86 105
7 95
5 20
26 38
84 106
2 100
90 98
60 68
38 87
7 11
61 67
42 46
2 98
42 62
29 71
67 80
14 30
73 85
13 31
27 40
70 77
69 84
8 95
48 52
27 49
67 78
17 51
16 27
37 90
13 30
76 84
43 85
76 81
24 101
59 70
41 48
2 99
29 37
36 71
16 55
75 84
62 66
42 45
91 99
37 87
90 100
15 53
11 17
16 28
44 82
17 28
71 74
14 29
49 62
31 36
58 71
70 76
61 66
92 98
62 67
14 57
15 29
19 25
66 79
61 68
16 53
49 54
67 79
55 61
44 83
30 35
28 38
20 25
11 30
26 39
41 46
42 47
43 84
74 86
16 50
60 71
48 51
27 39
67 77
21 25
20 26
54 61
31 35
30 36
13 32
38 86
39 104
70 74
12 16
42 49
74 106
74 87
10 17
20 23
16 29
70 75
7 97
93 97
8 11
6 97
54 62
89 101
76 79
100 104
49 61
91 97
17 29
61 69
39 86
63 67
4 99
15 31
69 76
18 26
42 81
55 59
6 19
35 90
7 96
37 99
38 74
37 88
30 34
92 97
69 85
65 80
60 70
55 58
76 83
93 98
87 106
21 24
41 49
18 27
27 50
59 71
18 50
13 33
88 101
68 77
68 78
62 68
48 62
16 30
11 16
31 57
18 28
32 57
88 104
18 25
27 38
17 50
38 104
26 101
29 36
3 101
27 37
