98 91
10 7
37 26
68 59
37 28
25 20
96 4
92 8
86 39
69 43
10 6
96 7
100 89
73 70
85 38
35 30
97 92
98 4
39 24
77 70
48 40
68 61
99 37
78 68
77 59
50 40
36 28
95 8
35 28
27 16
38 27
81 67
87 36
99 5
98 90
11 6
98 93
25 18
36 29
97 91
24 21
75 70
64 47
90 37
7 4
35 8
98 2
91 2
24 20
30 13
76 69
84 75
86 38
87 38
37 27
63 47
88 39
90 35
97 90
96 93
95 7
33 30
61 56
65 42
15 12
66 61
99 90
79 67
97 35
23 20
38 29
62 42
96 92
95 92
65 44
97 4
17 10
99 89
82 79
35 29
98 3
88 26
27 18
26 19
97 6
55 16
68 60
71 36
26 21
60 16
100 2
84 43
80 67
84 76
76 68
77 68
67 45
64 48
11 8
34 30
97 93
11 7
38 26
32 13
76 70
67 61
30 8
70 59
30 12
