101 39
135 40
144 140
146 109
91 38
89 67
166 147
104 41
89 42
140 134
163 117
172 63
107 56
147 109
111 49
91 40
129 87
49 43
127 82
180 64
136 37
131 68
78 71
99 56
169 67
168 134
143 132
98 57
145 141
130 112
142 102
78 75
167 87
91 63
174 63
140 137
119 116
139 37
131 87
183 48
66 46
124 119
89 40
181 54
93 63
145 102
185 177
62 54
86 69
103 100
94 37
131 42
98 95
184 54
60 36
184 22
84 79
164 130
101 41
111 43
93 61
170 67
165 133
54 51
67 40
178 77
169 40
139 94
164 112
148 144
126 85
135 91
167 131
184 181
142 105
127 80
173 73
92 53
64 48
93 38
143 101
171 72
6 3
53 41
164 108
173 72
126 118
165 129
181 64
146 106
173 74
163 116
111 52
139 101
142 138
154 150
