101 39
135 40
144 140
146 109
91 38
89 67
166 147
104 41
89 42
140 134
163 117
172 63
107 56
147 109
111 49
91 40
129 87
49 43
127 82
180 64
136 37
131 68
78 71
99 56
169 67
168 134
143 132
98 57
145 141
130 112
142 102
78 75
167 87
91 63
174 63
140 137
119 116
139 37
131 87
183 48
66 46
124 119
89 40
181 54
93 63
145 102
185 177
62 54
86 69
103 100
94 37
131 42
98 95
184 54
60 36
184 22
84 79
164 130
101 41
111 43
93 61
170 67
165 133
54 51
67 40
178 77
169 40
139 94
164 112
148 144
126 85
135 91
167 131
184 181
142 105
127 80
173 73
92 53
64 48
93 38
143 101
171 72
6 3
53 41
164 108
173 72
126 118
165 129
181 64
146 106
173 74
163 116
111 52
139 101
142 138
154 150
149 145
171 67
162 151
139 135
54 50
141 138
105 41
96 36
126 117
162 150
107 52
169 135
133 68
106 103
109 105
163 115
84 78
165 131
103 99
155 151
176 66
124 116
59 56
151 147
110 107
166 134
146 105
84 71
122 48
62 50
141 137
170 167
96 37
130 108
149 102
129 126
84 81
135 38
119 87
168 140
185 181
136 94
86 68
99 59
116 112
183 51
75 71
162 115
52 48
74 71
138 37
92 59
121 116
166 109
92 41
90 62
148 145
133 87
87 42
30 27
174 32
55 51
126 81
51 48
52 49
78 74
121 112
108 49
166 143
187 183
85 69
20 17
123 120
189 122
162 147
55 52
186 178
132 105
131 67
144 141
176 46
112 43
32 29
189 121
117 87
152 148
62 48
90 49
93 36
150 146
97 35
36 33
132 41
124 118
146 102
116 52
