153 150
154 150
153 149
151 148
150 147
148 145
148 144
142 139
150 146
185 182
144 141
147 144
149 146
154 151
152 149
146 143
142 138
141 138
54 51
186 183
110 107
149 145
143 140
144 140
145 142
152 148
53 50
145 141
151 147
155 152
143 139
91 38
140 137
55 52
186 182
141 137
147 143
185 181
54 50
146 142
155 151
139 136
55 51
110 106
123 120
89 40
91 40
184 181
91 63
52 49
91 39
6 3
7 4
124 119
78 75
74 71
92 38
187 183
187 184
109 106
168 134
89 42
140 136
56 53
104 101
56 52
140 134
93 37
31 28
98 57
93 38
84 81
19 16
90 40
163 116
30 27
98 95
52 48
139 135
94 37
119 116
167 134
111 108
15 12
163 117
165 133
86 69
101 39
108 105
164 130
53 49
103 100
136 37
124 120
27 24
92 63
111 107
127 82
156 153
79 76
166 133
156 152
99 56
109 105
106 103
85 69
32 29
51 48
179 176
12 9
91 41
183 48
29 26
124 121
172 63
89 67
165 130
81 78
9 6
103 99
16 13
136 38
84 71
185 177
168 135
105 102
20 17
121 118
147 109
64 48
25 22
28 25
111 49
173 74
163 115
162 115
142 102
129 87
165 131
120 117
90 63
89 41
167 133
78 74
126 118
10 7
80 77
13 10
21 18
122 119
135 40
131 68
169 67
5 2
126 82
99 57
170 67
36 33
84 79
125 118
8 5
24 21
34 31
180 64
169 135
57 54
124 118
93 36
165 129
111 52
82 79
92 39
96 36
131 42
166 134
127 80
22 19
92 40
140 135
123 119
139 37
85 71
78 71
181 54
121 117
11 8
79 75
91 62
33 30
116 112
173 73
93 62
150 153
150 154
149 153
148 151
147 150
145 148
144 148
139 142
146 150
182 185
141 144
144 147
146 149
151 154
149 152
143 146
138 142
138 141
51 54
183 186
107 110
145 149
140 143
140 144
142 145
148 152
50 53
141 145
147 151
152 155
139 143
38 91
137 140
52 55
182 186
137 141
143 147
181 185
50 54
142 146
151 155
136 139
51 55
106 110
120 123
40 89
40 91
181 184
63 91
49 52
39 91
3 6
4 7
119 124
75 78
71 74
38 92
183 187
184 187
106 109
134 168
42 89
136 140
53 56
101 104
52 56
134 140
37 93
28 31
57 98
38 93
81 84
16 19
40 90
116 163
27 30
95 98
48 52
135 139
37 94
116 119
134 167
108 111
12 15
117 163
133 165
69 86
39 101
105 108
130 164
49 53
100 103
37 136
120 124
24 27
63 92
107 111
82 127
153 156
76 79
133 166
152 156
56 99
105 109
103 106
69 85
29 32
48 51
176 179
9 12
41 91
48 183
26 29
121 124
63 172
67 89
130 165
78 81
6 9
99 103
13 16
38 136
71 84
177 185
135 168
102 105
17 20
118 121
109 147
48 64
22 25
25 28
49 111
74 173
115 163
115 162
102 142
87 129
131 165
117 120
63 90
41 89
133 167
74 78
118 126
7 10
77 80
10 13
18 21
119 122
40 135
68 131
67 169
2 5
82 126
57 99
67 170
33 36
79 84
118 125
5 8
21 24
31 34
64 180
135 169
54 57
118 124
36 93
129 165
52 111
79 82
39 92
36 96
42 131
134 166
80 127
19 22
40 92
135 140
119 123
37 139
71 85
71 78
54 181
117 121
8 11
75 79
62 91
30 33
112 116
73 173
62 93
