101 39
135 40
144 140
146 109
91 38
89 67
166 147
104 41
89 42
140 134
163 117
172 63
107 56
147 109
111 49
91 40
129 87
49 43
127 82
180 64
136 37
131 68
78 71
99 56
169 67
168 134
143 132
98 57
145 141
130 112
142 102
78 75
167 87
91 63
174 63
140 137
119 116
139 37
131 87
183 48
66 46
124 119
89 40
181 54
93 63
145 102
185 177
62 54
86 69
103 100
94 37
131 42
98 95
184 54
60 36
184 22
84 79
164 130
101 41
111 43
93 61
170 67
165 133
54 51
67 40
178 77
169 40
139 94
164 112
148 144
126 85
135 91
167 131
184 181
142 105
127 80
173 73
92 53
64 48
93 38
143 101
171 72
6 3
53 41
164 108
173 72
126 118
165 129
181 64
146 106
173 74
163 116
111 52
139 101
142 138
154 150
149 145
171 67
162 151
139 135
54 50
141 138
105 41
96 36
126 117
162 150
107 52
169 135
133 68
106 103
109 105
163 115
84 78
165 131
103 99
155 151
176 66
124 116
59 56
151 147
110 107
166 134
146 105
84 71
122 48
62 50
141 137
170 167
96 37
130 108
149 102
129 126
84 81
135 38
119 87
168 140
185 181
136 94
86 68
99 59
116 112
183 51
75 71
162 115
52 48
74 71
138 37
92 59
121 116
166 109
92 41
90 62
148 145
133 87
87 42
30 27
174 32
55 51
126 81
51 48
52 49
78 74
121 112
108 49
166 143
187 183
85 69
20 17
123 120
189 122
162 147
55 52
186 178
132 105
131 67
144 141
176 46
112 43
32 29
189 121
117 87
152 148
62 48
90 49
93 36
150 146
97 35
36 33
132 41
124 118
146 102
116 52
30 18
177 174
26 20
25 20
30 20
173 86
186 182
27 24
20 12
28 20
144 134
153 150
118 87
112 108
167 68
147 144
167 133
126 82
90 64
85 70
18 15
122 54
125 120
63 60
62 59
85 74
119 113
146 142
133 67
184 51
122 111
137 134
166 144
165 126
172 89
24 20
22 17
110 106
28 18
126 87
20 13
6 2
29 14
167 134
27 19
30 22
29 17
60 57
83 78
175 66
67 42
80 66
20 15
130 87
149 106
183 122
26 18
12 3
25 22
122 80
121 48
104 59
129 117
139 39
187 184
104 39
80 75
149 146
61 50
86 71
12 4
78 73
22 18
135 39
110 49
22 16
106 102
30 25
83 75
20 4
151 148
143 139
76 46
30 26
104 99
120 114
133 42
26 16
84 80
26 22
29 20
24 15
181 61
26 19
104 64
143 96
39 101
40 135
140 144
109 146
38 91
67 89
147 166
41 104
42 89
134 140
117 163
63 172
56 107
109 147
49 111
40 91
87 129
43 49
82 127
64 180
37 136
68 131
71 78
56 99
67 169
134 168
132 143
57 98
141 145
112 130
102 142
75 78
87 167
63 91
63 174
137 140
116 119
37 139
87 131
48 183
46 66
119 124
40 89
54 181
63 93
102 145
177 185
54 62
69 86
100 103
37 94
42 131
95 98
54 184
36 60
22 184
79 84
130 164
41 101
43 111
61 93
67 170
133 165
51 54
40 67
77 178
40 169
94 139
112 164
144 148
85 126
91 135
131 167
181 184
105 142
80 127
73 173
53 92
48 64
38 93
101 143
72 171
3 6
41 53
108 164
72 173
118 126
129 165
64 181
106 146
74 173
116 163
52 111
101 139
138 142
150 154
145 149
67 171
151 162
135 139
50 54
138 141
41 105
36 96
117 126
150 162
52 107
135 169
68 133
103 106
105 109
115 163
78 84
131 165
99 103
151 155
66 176
116 124
56 59
147 151
107 110
134 166
105 146
71 84
48 122
50 62
137 141
167 170
37 96
108 130
102 149
126 129
81 84
38 135
87 119
140 168
181 185
94 136
68 86
59 99
112 116
51 183
71 75
115 162
48 52
71 74
37 138
59 92
116 121
109 166
41 92
62 90
145 148
87 133
42 87
27 30
32 174
51 55
81 126
48 51
49 52
74 78
112 121
49 108
143 166
183 187
69 85
17 20
120 123
122 189
147 162
52 55
178 186
105 132
67 131
141 144
46 176
43 112
29 32
121 189
87 117
148 152
48 62
49 90
36 93
146 150
35 97
33 36
41 132
118 124
102 146
52 116
18 30
174 177
20 26
20 25
20 30
86 173
182 186
24 27
12 20
20 28
134 144
150 153
87 118
108 112
68 167
144 147
133 167
82 126
64 90
70 85
15 18
54 122
120 125
60 63
59 62
74 85
113 119
142 146
67 133
51 184
111 122
134 137
144 166
126 165
89 172
20 24
17 22
106 110
18 28
87 126
13 20
2 6
14 29
134 167
19 27
22 30
17 29
57 60
78 83
66 175
42 67
66 80
15 20
87 130
106 149
122 183
18 26
3 12
22 25
80 122
48 121
59 104
117 129
39 139
184 187
39 104
75 80
146 149
50 61
71 86
4 12
73 78
18 22
39 135
49 110
16 22
102 106
25 30
75 83
4 20
148 151
139 143
46 76
26 30
99 104
114 120
42 133
16 26
80 84
22 26
20 29
15 24
61 181
19 26
64 104
96 143
