91 38
153 150
151 148
153 149
141 138
185 182
148 144
154 150
144 140
54 51
152 149
110 107
149 145
150 146
144 141
147 144
148 145
142 139
149 146
150 147
145 141
154 151
91 40
101 39
146 143
186 183
129 87
151 147
55 52
89 40
78 75
143 139
140 137
89 67
141 137
146 142
107 56
142 138
172 63
136 37
135 40
143 140
54 50
89 42
166 147
131 68
145 142
155 151
152 148
53 50
147 143
184 181
103 100
146 109
111 49
185 181
147 109
98 95
49 43
130 112
91 63
181 54
140 134
167 87
66 46
186 182
142 102
164 130
110 106
127 82
78 71
163 117
185 177
104 41
62 54
98 57
52 49
139 37
145 102
165 133
168 134
99 56
155 152
55 51
180 64
124 119
183 48
106 103
139 136
174 63
60 36
94 37
52 48
131 87
90 40
6 3
