91 38
153 150
151 148
153 149
141 138
185 182
148 144
154 150
144 140
54 51
152 149
110 107
149 145
150 146
144 141
147 144
148 145
142 139
149 146
150 147
145 141
154 151
91 40
101 39
146 143
186 183
129 87
151 147
55 52
89 40
78 75
143 139
140 137
89 67
141 137
146 142
107 56
142 138
172 63
136 37
135 40
143 140
54 50
89 42
166 147
131 68
145 142
155 151
152 148
53 50
147 143
184 181
103 100
146 109
111 49
185 181
147 109
98 95
49 43
130 112
91 63
181 54
140 134
167 87
66 46
186 182
142 102
164 130
110 106
127 82
78 71
163 117
185 177
104 41
62 54
98 57
52 49
139 37
145 102
165 133
168 134
99 56
155 152
55 51
180 64
124 119
183 48
106 103
139 136
174 63
60 36
94 37
52 48
131 87
90 40
6 3
86 69
103 99
109 106
178 77
187 183
119 116
93 38
53 49
91 39
139 135
131 42
163 116
184 22
165 131
169 67
142 105
96 36
164 112
165 129
169 40
84 71
167 133
74 71
126 85
64 48
181 64
7 4
85 69
140 136
162 151
109 105
143 132
171 72
123 120
104 101
167 134
92 38
170 67
93 63
93 37
127 80
173 74
187 184
51 48
162 115
135 38
126 82
101 41
84 81
111 43
173 73
30 27
84 79
79 76
56 52
184 54
93 36
105 102
56 53
163 115
146 106
108 105
126 118
93 61
167 131
111 52
59 56
36 33
86 68
169 135
135 91
164 108
116 112
111 108
156 153
165 130
162 150
84 78
107 52
53 41
122 48
90 63
78 74
136 38
126 81
90 62
143 101
126 117
129 126
111 107
146 105
8 5
166 133
166 134
15 12
123 119
91 62
96 37
131 67
139 94
186 178
119 87
124 120
92 53
124 116
122 119
176 66
27 24
120 117
171 67
130 87
67 40
32 29
183 51
92 63
28 25
92 39
105 41
62 50
20 17
139 101
173 72
85 70
89 41
133 67
87 42
133 87
156 152
124 118
133 68
90 64
98 56
9 6
130 108
183 180
179 176
110 49
99 57
85 71
12 9
60 57
75 71
135 39
81 78
115 112
31 28
11 8
170 167
62 59
189 121
57 54
21 18
165 134
22 19
138 37
125 120
189 122
91 64
149 102
79 75
19 16
184 180
126 80
121 118
139 134
106 102
92 41
105 101
83 79
167 132
29 26
104 100
166 132
18 15
177 174
94 36
185 178
82 79
84 80
74 70
90 41
24 21
62 48
25 22
142 101
137 134
99 59
117 87
133 42
108 104
120 116
168 135
