139 135
133 67
74 10
143 105
159 155
84 74
149 145
150 146
165 129
48 43
90 52
61 28
71 10
96 37
174 63
126 118
128 88
183 51
89 49
49 43
157 153
173 14
28 17
51 47
128 121
146 102
139 136
87 67
164 132
174 17
73 12
60 36
175 15
107 52
71 9
165 68
126 85
150 114
64 50
160 115
162 114
175 64
151 147
93 62
108 43
55 52
89 40
139 39
50 47
82 79
179 175
173 73
185 182
186 182
127 86
148 144
55 51
175 46
88 64
134 39
94 58
95 33
27 21
184 181
26 21
139 101
158 155
84 81
86 66
74 71
73 15
70 8
108 104
51 48
91 39
61 21
70 2
175 66
95 37
90 50
130 114
62 54
28 20
172 89
137 134
92 61
104 101
164 147
165 42
184 23
174 66
72 10
89 46
169 134
92 38
61 24
109 106
129 87
166 133
142 101
166 147
174 14
85 68
38 32
83 78
166 143
168 137
130 42
93 32
83 6
180 176
81 77
89 65
179 65
36 33
108 41
174 64
185 181
49 41
112 44
176 15
177 17
99 56
182 47
88 45
54 21
27 19
70 4
25 22
133 40
86 69
180 63
121 44
85 79
132 42
151 148
162 151
182 178
127 79
173 66
106 103
172 65
60 27
154 114
143 140
142 138
130 120
155 152
125 82
81 78
64 47
176 17
98 94
112 43
146 109
132 40
120 112
169 133
128 123
128 124
65 46
61 26
130 112
179 46
162 154
165 87
187 184
99 94
120 44
129 118
49 46
25 20
90 41
153 150
126 82
128 119
162 150
93 37
53 50
141 137
84 71
48 45
90 43
163 114
131 68
89 86
127 66
86 71
7 2
183 47
129 42
180 174
131 67
74 8
85 70
59 56
94 60
60 32
140 137
181 62
81 8
78 71
160 154
96 35
94 56
176 75
88 66
168 140
72 12
93 60
104 53
61 32
56 53
83 8
89 66
59 54
127 88
177 16
69 2
93 59
85 2
96 36
175 88
130 117
176 76
189 47
75 15
27 20
25 21
135 40
120 45
172 133
166 131
82 78
129 119
146 106
99 57
95 60
132 41
52 48
85 71
164 114
101 96
127 82
36 32
145 142
130 44
163 129
182 179
142 139
95 58
88 46
98 95
79 75
141 138
94 59
84 69
88 65
175 17
88 42
174 15
185 178
107 53
130 113
83 2
179 47
131 87
180 175
159 115
110 106
89 41
85 82
54 23
7 3
92 59
175 65
159 154
104 39
82 2
64 46
182 50
179 64
161 151
173 72
60 26
73 10
49 42
119 116
183 50
93 38
186 183
146 105
126 2
107 104
59 53
128 125
163 116
99 95
166 140
189 183
143 134
112 42
90 65
101 37
147 144
71 8
155 151
26 20
171 72
63 29
133 68
90 40
130 43
93 63
111 107
185 22
123 120
157 154
86 68
54 24
128 87
163 130
73 14
79 66
142 102
105 102
167 133
29 19
140 134
166 134
91 62
184 51
162 130
99 96
94 38
143 139
107 56
46 42
181 23
158 154
160 155
87 42
170 167
136 37
132 108
61 54
28 19
127 85
154 151
94 36
83 7
123 44
189 186
105 101
86 65
132 39
171 67
90 49
180 21
80 76
162 147
87 44
181 22
78 8
103 99
129 125
156 152
125 119
165 131
101 94
49 44
164 130
62 21
181 54
124 119
84 7
22 18
94 37
88 79
146 143
139 134
128 45
134 40
78 74
104 99
100 96
50 46
63 50
161 115
181 50
88 49
84 79
91 65
135 37
104 94
139 37
138 101
182 64
163 115
173 86
142 105
180 177
63 17
189 182
180 28
154 150
114 109
170 40
86 74
84 2
180 64
112 108
108 105
74 66
170 133
131 40
84 8
173 65
99 58
180 17
28 21
62 53
32 27
90 62
147 143
95 35
129 126
62 50
156 153
121 113
174 65
168 133
69 66
60 33
172 63
153 149
123 45
187 183
143 132
104 92
72 11
123 119
109 105
120 43
172 66
80 77
167 68
168 134
104 41
91 64
92 41
162 115
170 67
142 134
7 4
90 64
183 48
144 141
133 89
84 70
172 67
86 79
61 27
86 67
164 129
132 105
89 42
175 76
150 147
111 108
125 118
79 76
145 141
24 21
71 7
54 50
131 41
130 116
53 41
131 89
135 39
128 120
179 76
146 142
172 91
46 43
130 115
84 66
163 117
90 46
104 56
69 7
99 59
124 118
150 109
95 59
152 148
111 52
121 116
165 132
126 87
49 45
79 71
172 40
87 66
152 149
147 132
112 49
127 87
177 18
184 22
173 15
98 57
93 61
170 68
120 113
169 135
94 39
154 115
85 69
98 58
53 49
179 176
166 144
86 70
127 80
93 36
6 2
180 22
59 55
52 49
128 118
90 63
164 131
91 40
181 21
79 74
129 120
90 42
52 43
90 53
62 59
171 68
131 42
140 136
184 54
33 27
84 10
28 18
165 130
177 15
29 17
92 39
101 39
116 113
144 140
8 2
135 38
85 7
54 51
120 116
92 53
106 102
149 146
89 67
70 7
78 10
112 109
133 41
63 28
95 36
173 67
92 40
110 107
84 78
6 3
73 11
78 75
129 44
129 117
128 44
167 134
91 38
127 84
111 43
170 69
103 100
104 100
89 64
107 103
92 62
166 132
180 18
88 44
73 13
173 74
64 49
148 145
141 134
83 71
87 69
87 68
91 63
67 40
