124 77
88 27
122 108
120 117
178 48
154 21
174 44
124 80
34 31
56 20
86 83
48 44
75 27
182 178
53 21
54 20
47 44
143 139
177 152
152 23
140 24
113 90
174 48
182 49
121 74
118 112
122 118
58 22
123 119
126 122
124 120
118 109
43 37
121 78
10 4
152 35
141 60
137 76
123 120
179 176
131 73
184 157
124 81
129 80
109 106
126 104
18 15
118 108
94 90
184 180
68 28
178 174
92 25
144 24
158 151
71 26
130 80
116 81
138 135
17 12
111 87
59 56
113 109
176 173
6 3
109 105
79 76
179 175
89 36
81 77
135 131
183 2
68 63
73 69
118 81
146 141
91 87
152 39
16 13
80 77
181 49
125 70
91 74
71 28
57 25
7 2
108 104
62 32
72 27
93 89
149 33
95 33
106 103
18 13
77 124
27 88
108 122
117 120
48 178
21 154
44 174
80 124
31 34
20 56
83 86
44 48
27 75
178 182
21 53
20 54
44 47
139 143
152 177
23 152
24 140
90 113
48 174
49 182
74 121
112 118
118 122
22 58
119 123
122 126
120 124
109 118
37 43
78 121
4 10
35 152
60 141
76 137
120 123
176 179
73 131
157 184
81 124
80 129
106 109
104 126
15 18
108 118
90 94
180 184
28 68
174 178
25 92
24 144
151 158
26 71
80 130
81 116
135 138
12 17
87 111
56 59
109 113
173 176
3 6
105 109
76 79
175 179
36 89
77 81
131 135
2 183
63 68
69 73
81 118
141 146
87 91
39 152
13 16
77 80
49 181
70 125
74 91
28 71
25 57
2 7
104 108
32 62
27 72
89 93
33 149
33 95
103 106
13 18
