123 120
179 176
124 121
124 120
178 175
123 119
181 178
143 140
179 175
122 119
178 174
143 139
180 176
182 179
125 122
181 177
111 108
142 139
125 121
112 109
180 177
80 77
183 180
177 174
137 134
122 118
110 107
48 45
183 179
141 138
182 178
77 74
136 133
121 118
34 31
47 44
176 173
92 89
79 76
37 34
120 117
137 133
112 108
36 33
138 135
138 134
139 136
48 44
38 35
111 107
184 180
109 106
108 105
113 110
126 123
135 132
49 46
71 68
91 88
110 106
49 45
81 78
93 90
184 181
78 75
35 32
185 182
140 137
139 135
142 138
109 105
80 76
73 70
126 122
72 69
136 132
89 86
133 130
106 103
47 43
37 33
86 83
107 104
76 73
36 32
108 104
134 131
79 75
177 173
144 141
114 111
46 43
135 131
140 136
120 123
176 179
121 124
120 124
175 178
119 123
178 181
140 143
175 179
119 122
174 178
139 143
176 180
179 182
122 125
177 181
108 111
139 142
121 125
109 112
177 180
77 80
180 183
174 177
134 137
118 122
107 110
45 48
179 183
138 141
178 182
74 77
133 136
118 121
31 34
44 47
173 176
89 92
76 79
34 37
117 120
133 137
108 112
33 36
135 138
134 138
136 139
44 48
35 38
107 111
180 184
106 109
105 108
110 113
123 126
132 135
46 49
68 71
88 91
106 110
45 49
78 81
90 93
181 184
75 78
32 35
182 185
137 140
135 139
138 142
105 109
76 80
70 73
122 126
69 72
132 136
86 89
130 133
103 106
43 47
33 37
83 86
104 107
73 76
32 36
104 108
131 134
75 79
173 177
141 144
111 114
43 46
131 135
136 140
