63 26
81 78
87 84
10 4
98 94
78 74
63 60
161 9
142 138
156 14
149 31
59 25
174 41
179 176
34 31
122 119
72 59
39 34
149 29
174 171
55 46
184 158
103 67
160 151
69 60
92 28
159 9
6 2
137 59
83 79
160 8
35 32
37 33
156 153
22 18
131 128
182 178
154 19
59 27
180 160
32 29
106 103
177 162
185 181
125 74
55 23
124 121
178 174
107 91
130 76
84 79
116 112
142 139
54 21
97 93
68 65
38 34
69 65
54 20
173 170
98 95
172 167
106 100
177 45
180 2
47 43
174 170
100 94
185 182
151 25
96 27
33 27
97 94
160 153
35 31
44 40
114 110
54 19
149 26
155 19
183 179
53 49
152 23
79 75
8 4
183 180
72 68
36 32
170 39
131 126
37 34
71 27
176 173
114 87
92 88
156 15
155 18
180 7
74 70
153 23
9 4
132 128
179 175
177 173
140 136
181 49
137 134
185 21
138 61
63 28
130 127
70 67
133 129
180 177
160 7
181 178
131 76
184 180
178 175
70 66
65 62
177 174
144 141
46 43
163 7
68 62
80 76
156 21
133 80
75 58
68 63
125 73
40 35
29 25
158 153
134 72
46 42
65 61
121 111
99 96
87 78
140 137
92 89
95 27
143 139
7 2
152 21
159 10
75 72
170 167
89 86
126 123
99 94
141 137
96 28
40 37
53 50
157 153
160 9
61 26
102 99
121 77
56 22
56 19
42 36
38 33
76 72
173 167
151 23
57 25
82 79
121 112
59 26
161 7
73 70
104 70
157 11
39 36
151 24
60 25
175 44
178 41
185 154
41 35
71 68
43 40
153 21
157 14
162 8
140 18
55 21
45 41
22 19
49 46
58 23
89 37
138 135
175 172
102 95
145 142
121 117
124 80
156 16
81 77
165 7
177 41
48 45
130 73
150 31
158 11
151 148
161 8
93 89
173 165
87 83
75 59
164 7
137 58
130 124
64 61
139 136
58 24
180 176
72 69
96 30
112 109
120 117
143 140
182 48
42 35
174 40
149 32
90 87
150 26
112 108
53 21
32 27
108 105
146 143
9 5
165 162
159 151
83 80
41 36
185 20
158 154
95 28
115 112
64 28
178 44
131 73
150 24
86 83
77 73
96 92
141 60
127 123
117 112
150 29
113 109
36 33
155 20
154 21
32 28
154 22
134 76
124 77
88 84
48 44
44 41
125 121
121 108
115 111
60 24
123 119
32 25
175 171
179 48
6 3
68 28
38 35
56 21
7 3
58 22
32 26
146 142
71 59
111 107
173 168
72 60
157 154
154 20
176 165
130 77
144 15
174 44
173 169
149 24
149 25
158 9
57 22
185 49
182 50
161 5
184 154
101 91
158 8
90 86
67 64
40 36
91 87
49 45
146 141
109 106
82 78
150 25
95 92
98 93
110 87
114 86
57 23
92 27
47 44
7 4
136 132
155 21
156 19
73 69
157 13
111 108
107 104
156 17
139 135
133 130
101 95
96 93
68 64
130 80
110 107
88 85
69 66
121 116
182 45
185 155
99 93
156 20
150 23
108 104
72 61
129 124
106 101
127 124
159 154
9 6
68 61
83 78
132 129
101 94
134 73
174 39
124 81
161 6
173 166
116 111
60 26
55 22
104 71
169 166
157 15
153 20
181 154
158 155
8 3
55 20
59 24
110 106
159 11
126 122
172 166
69 61
91 88
125 77
93 90
94 90
141 24
69 64
110 91
97 92
45 42
144 140
99 95
159 152
157 10
182 49
89 85
162 7
55 19
8 5
138 134
29 26
176 172
150 32
159 153
123 120
156 18
100 95
14 11
121 118
33 30
106 102
107 101
136 133
40 34
71 67
120 116
74 71
107 103
79 76
118 112
84 78
10 5
94 91
114 111
130 125
78 75
18 15
181 45
164 6
178 48
39 35
143 15
134 131
153 22
84 75
58 25
68 60
33 29
130 126
56 20
172 169
138 60
34 30
129 80
135 132
92 33
102 67
107 71
134 130
116 113
113 110
152 22
104 67
107 74
131 127
111 87
164 161
145 141
181 177
91 27
158 10
53 20
178 45
159 8
57 24
181 160
137 133
182 179
135 131
141 138
95 91
179 45
68 26
80 77
63 29
152 24
109 105
110 90
133 76
77 74
160 152
171 39
122 118
125 122
184 181
56 23
137 60
124 120
76 73
75 71
26 63
78 81
84 87
4 10
94 98
74 78
60 63
9 161
138 142
14 156
31 149
25 59
41 174
176 179
31 34
119 122
59 72
34 39
29 149
171 174
46 55
158 184
67 103
151 160
60 69
28 92
9 159
2 6
59 137
79 83
8 160
32 35
33 37
153 156
18 22
128 131
178 182
19 154
27 59
160 180
29 32
103 106
162 177
181 185
74 125
23 55
121 124
174 178
91 107
76 130
79 84
112 116
139 142
21 54
93 97
65 68
34 38
65 69
20 54
170 173
95 98
167 172
100 106
45 177
2 180
43 47
170 174
94 100
182 185
25 151
27 96
27 33
94 97
153 160
31 35
40 44
110 114
19 54
26 149
19 155
179 183
49 53
23 152
75 79
4 8
180 183
68 72
32 36
39 170
126 131
34 37
27 71
173 176
87 114
88 92
15 156
18 155
7 180
70 74
23 153
4 9
128 132
175 179
173 177
136 140
49 181
134 137
21 185
61 138
28 63
127 130
67 70
129 133
177 180
7 160
178 181
76 131
180 184
175 178
66 70
62 65
174 177
141 144
43 46
7 163
62 68
76 80
21 156
80 133
58 75
63 68
73 125
35 40
25 29
153 158
72 134
42 46
61 65
111 121
96 99
78 87
137 140
89 92
27 95
139 143
2 7
21 152
10 159
72 75
167 170
86 89
123 126
94 99
137 141
28 96
37 40
50 53
153 157
9 160
26 61
99 102
77 121
22 56
19 56
36 42
33 38
72 76
167 173
23 151
25 57
79 82
112 121
26 59
7 161
70 73
70 104
11 157
36 39
24 151
25 60
44 175
41 178
154 185
35 41
68 71
40 43
21 153
14 157
8 162
18 140
21 55
41 45
19 22
46 49
23 58
37 89
135 138
172 175
95 102
142 145
117 121
80 124
16 156
77 81
7 165
41 177
45 48
73 130
31 150
11 158
148 151
8 161
89 93
165 173
83 87
59 75
7 164
58 137
124 130
61 64
136 139
24 58
176 180
69 72
30 96
109 112
117 120
140 143
48 182
35 42
40 174
32 149
87 90
26 150
108 112
21 53
27 32
105 108
143 146
5 9
162 165
151 159
80 83
36 41
20 185
154 158
28 95
112 115
28 64
44 178
73 131
24 150
83 86
73 77
92 96
60 141
123 127
112 117
29 150
109 113
33 36
20 155
21 154
28 32
22 154
76 134
77 124
84 88
44 48
41 44
121 125
108 121
111 115
24 60
119 123
25 32
171 175
48 179
3 6
28 68
35 38
21 56
3 7
22 58
26 32
142 146
59 71
107 111
168 173
60 72
154 157
20 154
165 176
77 130
15 144
44 174
169 173
24 149
25 149
9 158
22 57
49 185
50 182
5 161
154 184
91 101
8 158
86 90
64 67
36 40
87 91
45 49
141 146
106 109
78 82
25 150
92 95
93 98
87 110
86 114
23 57
27 92
44 47
4 7
132 136
21 155
19 156
69 73
13 157
108 111
104 107
17 156
135 139
130 133
95 101
93 96
64 68
80 130
107 110
85 88
66 69
116 121
45 182
155 185
93 99
20 156
23 150
104 108
61 72
124 129
101 106
124 127
154 159
6 9
61 68
78 83
129 132
94 101
73 134
39 174
81 124
6 161
166 173
111 116
26 60
22 55
71 104
166 169
15 157
20 153
154 181
155 158
3 8
20 55
24 59
106 110
11 159
122 126
166 172
61 69
88 91
77 125
90 93
90 94
24 141
64 69
91 110
92 97
42 45
140 144
95 99
152 159
10 157
49 182
85 89
7 162
19 55
5 8
134 138
26 29
172 176
32 150
153 159
120 123
18 156
95 100
11 14
118 121
30 33
102 106
101 107
133 136
34 40
67 71
116 120
71 74
103 107
76 79
112 118
78 84
5 10
91 94
111 114
125 130
75 78
15 18
45 181
6 164
48 178
35 39
15 143
131 134
22 153
75 84
25 58
60 68
29 33
126 130
20 56
169 172
60 138
30 34
80 129
132 135
33 92
67 102
71 107
130 134
113 116
110 113
22 152
67 104
74 107
127 131
87 111
161 164
141 145
177 181
27 91
10 158
20 53
45 178
8 159
24 57
160 181
133 137
179 182
131 135
138 141
91 95
45 179
26 68
77 80
29 63
24 152
105 109
90 110
76 133
74 77
152 160
39 171
118 122
122 125
181 184
23 56
60 137
120 124
73 76
71 75
