124 77
88 27
122 108
120 117
178 48
154 21
174 44
124 80
34 31
56 20
86 83
48 44
75 27
182 178
53 21
54 20
47 44
143 139
177 152
152 23
140 24
113 90
174 48
182 49
121 74
118 112
122 118
58 22
123 119
126 122
124 120
118 109
43 37
121 78
10 4
152 35
141 60
137 76
123 120
179 176
131 73
184 157
124 81
129 80
109 106
126 104
18 15
118 108
94 90
184 180
68 28
178 174
92 25
144 24
158 151
71 26
130 80
116 81
138 135
17 12
111 87
59 56
113 109
176 173
6 3
109 105
79 76
179 175
89 36
81 77
135 131
183 2
68 63
73 69
118 81
146 141
91 87
152 39
16 13
80 77
181 49
125 70
91 74
71 28
57 25
7 2
108 104
62 32
72 27
93 89
149 33
95 33
106 103
18 13
13 10
130 73
132 129
68 64
130 127
121 111
125 73
143 140
173 162
55 39
46 43
45 35
56 22
125 121
58 24
139 135
181 177
125 77
47 43
62 35
178 49
88 84
59 27
39 35
72 68
132 128
111 78
7 4
32 29
149 30
180 176
138 61
135 69
17 14
13 9
129 117
137 133
183 180
65 62
114 110
12 9
185 182
92 27
136 132
111 81
14 11
88 36
95 92
68 26
18 2
153 146
37 33
142 139
17 9
33 24
110 107
13 6
78 74
149 31
64 61
158 153
7 3
153 22
157 109
183 5
109 97
98 95
112 109
18 9
9 6
131 69
159 154
18 14
112 108
72 28
139 113
184 155
10 6
125 104
53 50
148 127
15 12
157 32
116 78
126 123
177 172
133 76
111 90
76 59
79 56
16 6
18 3
152 21
128 73
16 12
93 90
82 78
10 7
110 90
121 81
10 3
50 39
144 140
146 24
60 53
177 163
114 107
142 138
12 4
104 70
31 23
55 23
18 12
34 30
17 3
106 100
17 13
180 157
55 25
140 58
70 66
122 119
50 46
121 87
121 83
111 74
180 177
185 49
117 81
6 2
151 148
17 11
151 146
15 10
152 86
160 157
17 7
89 39
185 181
153 144
50 37
75 72
107 95
124 25
63 59
88 75
138 134
147 141
8 5
77 26
60 28
63 60
142 133
18 6
130 77
14 9
103 100
114 86
133 79
59 55
16 10
149 100
164 161
12 7
53 23
121 118
95 90
102 72
18 10
153 46
64 59
65 61
116 111
110 106
177 148
12 6
83 78
36 25
182 119
13 4
183 111
59 25
17 10
149 35
31 27
32 25
14 10
79 75
77 124
27 88
108 122
117 120
48 178
21 154
44 174
80 124
31 34
20 56
83 86
44 48
27 75
178 182
21 53
20 54
44 47
139 143
152 177
23 152
24 140
90 113
48 174
49 182
74 121
112 118
118 122
22 58
119 123
122 126
120 124
109 118
37 43
78 121
4 10
35 152
60 141
76 137
120 123
176 179
73 131
157 184
81 124
80 129
106 109
104 126
15 18
108 118
90 94
180 184
28 68
174 178
25 92
24 144
151 158
26 71
80 130
81 116
135 138
12 17
87 111
56 59
109 113
173 176
3 6
105 109
76 79
175 179
36 89
77 81
131 135
2 183
63 68
69 73
81 118
141 146
87 91
39 152
13 16
77 80
49 181
70 125
74 91
28 71
25 57
2 7
104 108
32 62
27 72
89 93
33 149
33 95
103 106
13 18
10 13
73 130
129 132
64 68
127 130
111 121
73 125
140 143
162 173
39 55
43 46
35 45
22 56
121 125
24 58
135 139
177 181
77 125
43 47
35 62
49 178
84 88
27 59
35 39
68 72
128 132
78 111
4 7
29 32
30 149
176 180
61 138
69 135
14 17
9 13
117 129
133 137
180 183
62 65
110 114
9 12
182 185
27 92
132 136
81 111
11 14
36 88
92 95
26 68
2 18
146 153
33 37
139 142
9 17
24 33
107 110
6 13
74 78
31 149
61 64
153 158
3 7
22 153
109 157
5 183
97 109
95 98
109 112
9 18
6 9
69 131
154 159
14 18
108 112
28 72
113 139
155 184
6 10
104 125
50 53
127 148
12 15
32 157
78 116
123 126
172 177
76 133
90 111
59 76
56 79
6 16
3 18
21 152
73 128
12 16
90 93
78 82
7 10
90 110
81 121
3 10
39 50
140 144
24 146
53 60
163 177
107 114
138 142
4 12
70 104
23 31
23 55
12 18
30 34
3 17
100 106
13 17
157 180
25 55
58 140
66 70
119 122
46 50
87 121
83 121
74 111
177 180
49 185
81 117
2 6
148 151
11 17
146 151
10 15
86 152
157 160
7 17
39 89
181 185
144 153
37 50
72 75
95 107
25 124
59 63
75 88
134 138
141 147
5 8
26 77
28 60
60 63
133 142
6 18
77 130
9 14
100 103
86 114
79 133
55 59
10 16
100 149
161 164
7 12
23 53
118 121
90 95
72 102
10 18
46 153
59 64
61 65
111 116
106 110
148 177
6 12
78 83
25 36
119 182
4 13
111 183
25 59
10 17
35 149
27 31
25 32
10 14
75 79
