179 176
123 120
124 121
124 120
178 175
123 119
179 175
122 119
143 140
181 178
180 176
178 174
182 179
180 177
109 106
125 121
182 178
111 108
125 122
138 135
34 31
183 180
143 139
142 139
112 109
183 179
177 174
112 108
47 44
139 136
108 105
110 107
120 117
181 177
80 77
136 133
184 180
48 44
113 110
141 138
122 108
122 118
79 76
138 134
37 34
77 74
135 132
109 105
46 43
48 45
176 173
137 134
121 118
36 33
142 138
88 27
140 137
113 109
126 122
38 35
111 107
92 89
185 182
110 106
108 104
126 123
73 70
71 68
72 69
81 78
137 133
133 130
49 46
184 181
174 44
78 75
93 89
124 80
152 23
35 32
139 135
75 27
93 90
80 76
177 173
124 77
141 137
89 86
73 69
185 181
91 88
94 90
178 48
53 21
49 45
121 117
47 43
90 87
140 136
135 131
177 152
88 85
136 132
144 140
86 83
182 49
72 68
114 110
37 33
79 75
77 73
32 29
132 129
89 85
114 111
38 34
76 73
78 74
58 22
174 48
134 131
56 20
106 103
91 87
92 88
144 141
54 20
81 77
43 37
154 21
75 72
56 22
107 104
90 86
39 35
94 91
118 109
82 79
39 36
36 32
68 28
176 172
74 71
134 130
107 103
68 64
18 15
113 90
116 81
72 27
121 74
118 112
129 80
35 31
126 104
71 26
58 24
33 30
144 24
184 157
140 24
6 3
7 4
34 30
54 21
153 22
40 37
133 129
17 14
118 108
95 92
131 73
70 67
16 13
46 42
74 70
8 5
130 80
87 84
141 60
99 96
121 78
31 28
15 12
71 28
56 21
131 128
127 124
59 56
145 141
98 95
50 46
69 66
76 72
97 94
152 22
106 102
158 153
10 7
82 78
95 91
132 128
56 23
120 116
88 84
65 62
57 25
151 146
75 71
63 60
158 151
100 97
71 27
145 142
124 81
137 76
68 65
130 127
71 67
154 22
59 27
14 11
152 35
11 8
45 42
152 21
101 98
153 21
19 16
68 63
173 162
181 49
127 123
55 23
17 13
18 14
87 83
95 33
58 23
96 93
50 47
60 57
66 63
53 50
152 39
72 28
70 66
149 30
58 25
149 33
9 6
159 154
121 111
146 141
153 23
130 73
102 99
118 81
111 87
103 100
64 61
57 24
6 2
33 29
125 77
131 127
51 47
40 36
177 172
62 32
57 23
92 25
149 31
10 4
129 117
91 74
65 61
158 155
60 56
64 60
8 4
125 104
176 179
120 123
121 124
120 124
175 178
119 123
175 179
119 122
140 143
178 181
176 180
174 178
179 182
177 180
106 109
121 125
178 182
108 111
122 125
135 138
31 34
180 183
139 143
139 142
109 112
179 183
174 177
108 112
44 47
136 139
105 108
107 110
117 120
177 181
77 80
133 136
180 184
44 48
110 113
138 141
108 122
118 122
76 79
134 138
34 37
74 77
132 135
105 109
43 46
45 48
173 176
134 137
118 121
33 36
138 142
27 88
137 140
109 113
122 126
35 38
107 111
89 92
182 185
106 110
104 108
123 126
70 73
68 71
69 72
78 81
133 137
130 133
46 49
181 184
44 174
75 78
89 93
80 124
23 152
32 35
135 139
27 75
90 93
76 80
173 177
77 124
137 141
86 89
69 73
181 185
88 91
90 94
48 178
21 53
45 49
117 121
43 47
87 90
136 140
131 135
152 177
85 88
132 136
140 144
83 86
49 182
68 72
110 114
33 37
75 79
73 77
29 32
129 132
85 89
111 114
34 38
73 76
74 78
22 58
48 174
131 134
20 56
103 106
87 91
88 92
141 144
20 54
77 81
37 43
21 154
72 75
22 56
104 107
86 90
35 39
91 94
109 118
79 82
36 39
32 36
28 68
172 176
71 74
130 134
103 107
64 68
15 18
90 113
81 116
27 72
74 121
112 118
80 129
31 35
104 126
26 71
24 58
30 33
24 144
157 184
24 140
3 6
4 7
30 34
21 54
22 153
37 40
129 133
14 17
108 118
92 95
73 131
67 70
13 16
42 46
70 74
5 8
80 130
84 87
60 141
96 99
78 121
28 31
12 15
28 71
21 56
128 131
124 127
56 59
141 145
95 98
46 50
66 69
72 76
94 97
22 152
102 106
153 158
7 10
78 82
91 95
128 132
23 56
116 120
84 88
62 65
25 57
146 151
71 75
60 63
151 158
97 100
27 71
142 145
81 124
76 137
65 68
127 130
67 71
22 154
27 59
11 14
35 152
8 11
42 45
21 152
98 101
21 153
16 19
63 68
162 173
49 181
123 127
23 55
13 17
14 18
83 87
33 95
23 58
93 96
47 50
57 60
63 66
50 53
39 152
28 72
66 70
30 149
25 58
33 149
6 9
154 159
111 121
141 146
23 153
73 130
99 102
81 118
87 111
100 103
61 64
24 57
2 6
29 33
77 125
127 131
47 51
36 40
172 177
32 62
23 57
25 92
31 149
4 10
117 129
74 91
61 65
155 158
56 60
60 64
4 8
104 125
