123 120
179 176
124 121
124 120
178 175
123 119
181 178
143 140
179 175
122 119
178 174
143 139
180 176
182 179
125 122
181 177
111 108
142 139
125 121
112 109
180 177
80 77
183 180
177 174
137 134
122 118
110 107
48 45
183 179
141 138
182 178
77 74
136 133
121 118
34 31
47 44
176 173
92 89
79 76
37 34
120 117
137 133
112 108
36 33
138 135
138 134
139 136
48 44
38 35
111 107
184 180
109 106
108 105
113 110
126 123
135 132
49 46
71 68
91 88
110 106
49 45
81 78
93 90
184 181
78 75
35 32
185 182
140 137
139 135
142 138
109 105
80 76
73 70
126 122
72 69
136 132
89 86
133 130
106 103
47 43
37 33
86 83
107 104
76 73
36 32
108 104
134 131
79 75
177 173
144 141
114 111
46 43
135 131
140 136
141 137
113 109
90 87
72 68
81 77
39 36
132 129
82 79
93 89
88 85
18 15
152 23
94 90
73 69
144 140
185 181
32 29
78 74
33 30
77 73
97 94
89 85
107 103
92 88
56 22
75 72
6 3
39 35
87 84
38 34
35 31
94 91
121 117
131 128
90 86
54 21
134 130
31 28
7 4
91 87
95 92
66 63
154 22
176 172
114 110
153 23
88 84
50 46
8 5
152 22
57 24
130 127
69 66
16 13
14 11
50 47
133 129
17 14
75 27
153 22
82 78
59 56
34 30
96 93
10 7
53 50
145 142
154 21
120 116
56 20
74 71
58 24
58 22
65 62
40 37
99 96
64 61
75 71
88 27
158 155
46 42
103 100
158 154
100 97
132 128
9 6
68 65
55 22
145 141
95 91
76 72
53 21
57 22
58 23
120 123
176 179
121 124
120 124
175 178
119 123
178 181
140 143
175 179
119 122
174 178
139 143
176 180
179 182
122 125
177 181
108 111
139 142
121 125
109 112
177 180
77 80
180 183
174 177
134 137
118 122
107 110
45 48
179 183
138 141
178 182
74 77
133 136
118 121
31 34
44 47
173 176
89 92
76 79
34 37
117 120
133 137
108 112
33 36
135 138
134 138
136 139
44 48
35 38
107 111
180 184
106 109
105 108
110 113
123 126
132 135
46 49
68 71
88 91
106 110
45 49
78 81
90 93
181 184
75 78
32 35
182 185
137 140
135 139
138 142
105 109
76 80
70 73
122 126
69 72
132 136
86 89
130 133
103 106
43 47
33 37
83 86
104 107
73 76
32 36
104 108
131 134
75 79
173 177
141 144
111 114
43 46
131 135
136 140
137 141
109 113
87 90
68 72
77 81
36 39
129 132
79 82
89 93
85 88
15 18
23 152
90 94
69 73
140 144
181 185
29 32
74 78
30 33
73 77
94 97
85 89
103 107
88 92
22 56
72 75
3 6
35 39
84 87
34 38
31 35
91 94
117 121
128 131
86 90
21 54
130 134
28 31
4 7
87 91
92 95
63 66
22 154
172 176
110 114
23 153
84 88
46 50
5 8
22 152
24 57
127 130
66 69
13 16
11 14
47 50
129 133
14 17
27 75
22 153
78 82
56 59
30 34
93 96
7 10
50 53
142 145
21 154
116 120
20 56
71 74
24 58
22 58
62 65
37 40
96 99
61 64
71 75
27 88
155 158
42 46
100 103
154 158
97 100
128 132
6 9
65 68
22 55
141 145
91 95
72 76
21 53
22 57
23 58
