124 77
88 27
122 108
120 117
178 48
154 21
174 44
124 80
34 31
56 20
86 83
48 44
75 27
182 178
53 21
54 20
47 44
143 139
177 152
152 23
140 24
113 90
174 48
182 49
121 74
118 112
122 118
58 22
123 119
126 122
124 120
118 109
43 37
121 78
10 4
152 35
141 60
137 76
123 120
179 176
131 73
184 157
124 81
129 80
109 106
126 104
18 15
118 108
94 90
184 180
68 28
178 174
92 25
144 24
158 151
71 26
130 80
116 81
138 135
17 12
111 87
59 56
113 109
176 173
6 3
109 105
79 76
179 175
89 36
81 77
135 131
183 2
68 63
73 69
118 81
146 141
91 87
152 39
16 13
80 77
181 49
125 70
91 74
71 28
57 25
7 2
108 104
62 32
72 27
93 89
149 33
95 33
106 103
18 13
13 10
130 73
132 129
68 64
130 127
121 111
125 73
143 140
173 162
55 39
46 43
45 35
56 22
125 121
58 24
139 135
181 177
125 77
47 43
62 35
178 49
88 84
59 27
39 35
72 68
132 128
111 78
7 4
32 29
149 30
180 176
138 61
135 69
17 14
13 9
129 117
137 133
183 180
65 62
114 110
12 9
185 182
92 27
136 132
111 81
14 11
88 36
95 92
68 26
18 2
153 146
37 33
142 139
17 9
33 24
110 107
13 6
78 74
149 31
64 61
158 153
7 3
153 22
157 109
183 5
109 97
98 95
112 109
18 9
9 6
131 69
159 154
18 14
112 108
72 28
139 113
184 155
10 6
125 104
53 50
148 127
15 12
157 32
116 78
126 123
177 172
133 76
111 90
76 59
79 56
16 6
18 3
152 21
128 73
