179 139
204 156
163 159
134 20
61 23
139 13
176 138
61 18
23 18
203 159
152 57
153 150
179 13
203 163
62 59
165 61
202 159
163 16
60 23
202 163
176 164
181 177
168 134
157 14
203 162
63 44
154 150
162 16
209 177
67 53
162 159
62 18
157 140
30 18
55 45
134 18
150 56
159 64
159 156
193 175
80 44
76 73
22 18
159 16
171 168
165 18
203 64
40 17
163 57
159 57
145 22
150 54
64 57
58 55
165 59
33 26
45 41
63 55
158 64
63 40
204 160
184 180
63 45
203 57
64 56
154 57
79 47
152 64
165 134
62 23
153 57
219 216
161 136
205 174
154 151
76 53
44 40
157 26
103 100
209 195
64 16
213 74
137 77
26 22
63 58
218 215
134 61
133 40
171 81
135 77
165 60
167 164
219 215
193 180
104 100
223 220
33 19
86 43
163 140
63 56
30 23
145 38
58 45
165 57
68 34
162 147
168 165
70 54
60 22
74 46
158 57
170 81
166 59
61 22
60 18
77 15
220 217
133 19
53 27
160 157
36 26
101 97
154 144
212 194
65 54
165 17
64 23
134 59
207 201
202 166
166 139
163 64
205 55
204 16
33 22
171 132
133 25
225 221
210 174
171 47
72 25
197 193
212 172
213 77
165 23
26 23
138 69
210 55
134 58
58 18
108 104
154 146
208 177
100 97
196 162
32 29
134 26
154 56
164 55
131 36
170 137
85 76
162 157
84 81
161 140
145 34
221 218
136 64
62 20
176 21
192 185
81 78
157 138
45 37
142 12
203 16
42 38
65 56
59 26
144 45
153 146
41 38
110 105
79 51
180 175
36 19
84 76
97 94
92 89
163 160
150 19
167 55
213 193
150 13
200 197
171 76
210 164
211 177
108 103
133 84
58 40
76 65
108 105
195 190
222 219
60 19
179 33
153 54
55 40
62 26
147 34
64 58
144 68
228 223
174 164
164 10
101 98
143 64
207 164
172 55
172 132
146 45
212 174
159 140
179 137
77 73
89 85
154 55
182 11
104 99
168 34
69 10
212 167
