62 59
203 163
161 158
63 59
107 104
220 217
219 216
76 73
203 159
61 23
86 83
153 150
152 57
163 159
104 101
162 159
163 160
221 218
61 18
159 156
160 157
80 77
108 105
26 23
226 223
164 161
82 79
81 78
98 95
83 80
44 41
5 2
218 215
60 23
139 13
43 40
103 100
182 179
167 164
225 222
84 81
181 177
23 18
203 162
105 102
64 56
44 40
224 221
223 220
63 58
202 163
63 60
62 58
134 20
61 22
227 224
117 114
153 57
118 115
179 139
185 182
88 85
64 57
121 118
63 56
85 82
203 160
92 89
181 178
229 226
22 19
106 103
128 125
62 18
75 72
78 75
60 22
154 151
109 106
180 177
154 57
58 55
204 156
204 160
45 41
79 76
63 55
184 181
6 3
37 34
171 168
77 74
22 18
202 159
161 157
230 227
87 84
97 94
23 20
100 97
219 215
60 57
61 58
169 166
168 165
228 225
116 113
197 194
127 124
42 39
154 150
24 21
81 77
150 57
222 219
200 197
59 62
163 203
158 161
59 63
104 107
217 220
216 219
73 76
159 203
23 61
83 86
150 153
57 152
159 163
101 104
159 162
160 163
218 221
18 61
156 159
157 160
77 80
105 108
23 26
223 226
161 164
79 82
78 81
95 98
80 83
41 44
2 5
215 218
23 60
13 139
40 43
100 103
179 182
164 167
222 225
81 84
177 181
18 23
162 203
102 105
56 64
40 44
221 224
220 223
58 63
163 202
60 63
58 62
20 134
22 61
224 227
114 117
57 153
115 118
139 179
182 185
85 88
57 64
118 121
56 63
82 85
160 203
89 92
178 181
226 229
19 22
103 106
125 128
18 62
72 75
75 78
22 60
151 154
106 109
177 180
57 154
55 58
156 204
160 204
41 45
76 79
55 63
181 184
3 6
34 37
168 171
74 77
18 22
159 202
157 161
227 230
84 87
94 97
20 23
97 100
215 219
57 60
58 61
166 169
165 168
225 228
113 116
194 197
124 127
39 42
150 154
21 24
77 81
57 150
219 222
197 200
