130 95
130 98
41 38
179 176
76 72
211 180
125 121
79 50
183 70
224 168
73 14
161 136
116 99
168 135
55 45
83 47
158 153
168 136
182 13
103 100
152 57
68 12
191 78
86 82
143 8
228 167
137 73
25 19
80 43
127 119
70 13
176 161
78 74
100 96
165 17
75 72
73 53
101 21
73 13
153 14
228 225
157 141
142 5
39 35
142 12
65 15
138 13
208 163
137 15
174 137
209 195
189 185
224 196
62 17
174 135
65 48
36 29
188 183
175 74
53 49
112 105
72 69
213 175
131 84
117 99
158 64
150 4
33 25
26 22
201 167
81 78
67 15
80 17
211 174
135 15
127 116
93 28
199 196
91 32
214 194
213 192
151 5
50 47
191 187
94 25
44 17
210 196
63 57
151 146
164 16
219 216
154 145
180 175
62 16
221 172
151 56
125 122
166 162
133 20
208 204
136 16
97 21
162 159
157 142
212 173
210 197
99 96
30 26
199 167
230 166
209 198
157 14
76 48
133 19
208 164
133 18
170 134
75 51
168 165
224 167
150 147
141 11
29 26
66 5
79 51
159 156
129 89
215 78
172 168
112 106
114 103
25 21
210 176
176 137
82 79
68 10
26 23
33 30
62 18
168 164
211 196
44 41
164 137
225 166
117 102
173 135
68 5
208 198
157 153
116 98
179 139
78 75
44 40
173 136
229 18
27 23
119 116
40 37
174 165
226 200
175 137
130 36
150 146
165 136
76 47
153 56
73 67
138 14
38 34
208 201
214 193
204 163
208 176
97 25
165 18
66 53
144 7
96 93
54 48
162 64
164 160
179 138
135 81
158 14
67 52
213 77
215 77
216 81
136 77
101 97
22 18
43 40
127 123
132 20
180 177
152 146
166 16
133 84
204 160
224 210
33 26
176 138
171 135
165 135
87 84
114 102
219 215
141 12
72 53
210 199
89 36
39 36
29 25
77 15
161 16
98 20
65 54
213 78
109 105
172 169
211 175
38 35
65 44
65 55
123 119
99 95
213 193
129 125
152 145
182 11
210 177
181 178
63 44
219 171
74 70
40 19
100 97
76 73
47 43
96 92
173 137
40 36
223 112
204 159
211 193
94 89
203 163
33 29
160 138
73 65
169 132
181 177
52 49
128 85
54 3
174 164
67 54
167 164
165 134
162 14
151 147
76 65
62 58
72 13
61 17
135 17
68 52
225 168
155 143
164 138
189 186
161 137
135 16
161 138
94 32
133 80
159 155
131 37
207 199
212 193
64 57
182 139
37 34
83 43
173 168
151 145
129 95
226 167
162 16
211 195
165 15
32 29
114 106
160 156
210 167
141 8
204 201
224 199
64 55
115 102
230 163
212 175
191 183
154 143
151 66
134 17
10 7
134 18
63 15
229 166
183 179
105 101
123 120
42 38
187 71
207 200
212 195
193 180
179 73
47 44
112 109
154 142
166 134
221 171
228 202
228 166
94 91
58 55
113 106
80 77
169 134
183 74
128 125
132 19
76 51
118 114
221 169
187 183
73 69
171 168
136 15
13 5
49 45
108 105
178 160
97 94
212 174
79 75
42 39
182 140
77 74
217 214
10 5
178 140
117 114
50 46
131 19
212 194
80 76
187 74
171 81
68 13
61 19
66 14
193 175
216 85
218 127
102 98
54 5
210 195
174 168
164 136
128 98
214 191
163 160
25 22
107 104
153 5
188 180
157 12
64 59
207 198
80 44
37 33
149 146
151 6
222 169
67 5
161 157
139 12
210 164
79 47
187 70
196 174
45 41
191 74
157 138
141 9
230 162
91 36
117 100
142 14
87 43
176 160
212 172
93 29
126 123
76 50
124 121
128 124
226 199
215 82
81 77
67 14
53 47
171 133
178 138
109 106
171 20
91 29
53 48
188 185
133 40
215 173
72 51
112 108
224 174
66 4
173 77
87 39
165 16
86 83
175 164
103 99
153 66
105 102
27 24
64 16
65 14
124 116
178 139
104 100
53 15
30 27
157 140
97 93
209 197
219 128
51 47
166 163
66 13
183 71
64 56
133 81
73 15
130 94
68 3
168 134
61 37
61 40
179 74
58 41
158 155
67 13
137 74
41 37
174 136
214 192
132 98
157 11
223 111
152 144
160 157
102 99
76 15
140 13
201 163
131 89
61 41
98 95
64 58
218 126
137 77
94 29
153 145
167 163
142 8
151 4
53 3
66 15
124 120
136 17
85 82
126 122
158 154
54 4
61 58
77 73
221 170
224 169
85 81
153 12
154 144
225 169
45 42
131 36
162 158
171 132
151 144
73 70
49 46
101 24
187 184
139 13
72 52
114 105
201 160
34 31
216 82
179 70
140 12
165 162
104 101
139 14
139 70
98 94
221 115
204 200
95 92
84 43
144 12
133 17
66 12
66 56
69 52
124 95
65 17
213 173
144 8
170 20
97 28
74 71
60 22
76 67
60 37
73 51
62 59
70 67
208 200
215 81
209 199
80 47
61 18
212 196
179 175
174 167
72 68
132 21
128 116
131 94
165 161
161 158
213 174
28 24
48 45
89 39
208 199
37 19
172 134
166 18
93 32
106 103
69 13
151 54
61 22
128 95
63 16
84 81
130 87
176 164
176 139
210 174
221 212
191 188
46 43
84 40
215 171
84 80
116 102
213 137
211 177
211 179
129 84
183 180
130 89
12 5
56 14
179 13
213 74
63 58
94 36
158 142
201 164
63 55
144 6
230 165
51 48
82 78
203 159
128 119
72 67
67 53
83 80
129 87
213 135
64 15
140 11
228 163
211 194
129 85
22 19
132 128
170 133
209 177
208 177
182 179
180 176
65 56
106 102
161 14
36 33
213 191
210 198
35 32
75 71
36 32
70 11
170 132
131 40
208 160
43 39
155 142
209 176
182 70
28 25
24 21
134 20
131 25
129 86
173 78
215 80
173 81
135 77
63 17
97 24
117 103
188 184
101 98
182 178
135 80
65 16
211 176
97 29
190 186
49 3
190 71
55 48
207 201
114 99
175 136
137 14
153 143
171 134
179 137
46 42
184 71
98 21
87 83
153 144
162 136
216 171
127 85
222 115
127 124
52 3
144 5
139 11
137 13
164 161
79 76
124 119
169 20
230 202
216 127
226 223
161 15
83 79
66 54
225 167
172 135
219 127
202 163
190 187
48 44
67 51
219 214
163 159
222 112
76 53
65 53
152 56
175 138
157 139
210 175
67 12
222 113
130 84
153 142
220 115
64 14
69 51
95 130
98 130
38 41
176 179
72 76
180 211
121 125
50 79
70 183
168 224
14 73
136 161
99 116
135 168
45 55
47 83
153 158
136 168
13 182
100 103
57 152
12 68
78 191
82 86
8 143
167 228
73 137
19 25
43 80
119 127
13 70
161 176
74 78
96 100
17 165
72 75
53 73
21 101
13 73
14 153
225 228
141 157
5 142
35 39
12 142
15 65
13 138
163 208
15 137
137 174
195 209
185 189
196 224
17 62
135 174
48 65
29 36
183 188
74 175
49 53
105 112
69 72
175 213
84 131
99 117
64 158
4 150
25 33
22 26
167 201
78 81
15 67
17 80
174 211
15 135
116 127
28 93
196 199
32 91
194 214
192 213
5 151
47 50
187 191
25 94
17 44
196 210
57 63
146 151
16 164
216 219
145 154
175 180
16 62
172 221
56 151
122 125
162 166
20 133
204 208
16 136
21 97
159 162
142 157
173 212
197 210
96 99
26 30
167 199
166 230
198 209
14 157
48 76
19 133
164 208
18 133
134 170
51 75
165 168
167 224
147 150
11 141
26 29
5 66
51 79
156 159
89 129
78 215
168 172
106 112
103 114
21 25
176 210
137 176
79 82
10 68
23 26
30 33
18 62
164 168
196 211
41 44
137 164
166 225
102 117
135 173
5 68
198 208
153 157
98 116
139 179
75 78
40 44
136 173
18 229
23 27
116 119
37 40
165 174
200 226
137 175
36 130
146 150
136 165
47 76
56 153
67 73
14 138
34 38
201 208
193 214
163 204
176 208
25 97
18 165
53 66
7 144
93 96
48 54
64 162
160 164
138 179
81 135
14 158
52 67
77 213
77 215
81 216
77 136
97 101
18 22
40 43
123 127
20 132
177 180
146 152
16 166
84 133
160 204
210 224
26 33
138 176
135 171
135 165
84 87
102 114
215 219
12 141
53 72
199 210
36 89
36 39
25 29
15 77
16 161
20 98
54 65
78 213
105 109
169 172
175 211
35 38
44 65
55 65
119 123
95 99
193 213
125 129
145 152
11 182
177 210
178 181
44 63
171 219
70 74
19 40
97 100
73 76
43 47
92 96
137 173
36 40
112 223
159 204
193 211
89 94
163 203
29 33
138 160
65 73
132 169
177 181
49 52
85 128
3 54
164 174
54 67
164 167
134 165
14 162
147 151
65 76
58 62
13 72
17 61
17 135
52 68
168 225
143 155
138 164
186 189
137 161
16 135
138 161
32 94
80 133
155 159
37 131
199 207
193 212
57 64
139 182
34 37
43 83
168 173
145 151
95 129
167 226
16 162
195 211
15 165
29 32
106 114
156 160
167 210
8 141
201 204
199 224
55 64
102 115
163 230
175 212
183 191
143 154
66 151
17 134
7 10
18 134
15 63
166 229
179 183
101 105
120 123
38 42
71 187
200 207
195 212
180 193
73 179
44 47
109 112
142 154
134 166
171 221
202 228
166 228
91 94
55 58
106 113
77 80
134 169
74 183
125 128
19 132
51 76
114 118
169 221
183 187
69 73
168 171
15 136
5 13
45 49
105 108
160 178
94 97
174 212
75 79
39 42
140 182
74 77
214 217
5 10
140 178
114 117
46 50
19 131
194 212
76 80
74 187
81 171
13 68
19 61
14 66
175 193
85 216
127 218
98 102
5 54
195 210
168 174
136 164
98 128
191 214
160 163
22 25
104 107
5 153
180 188
12 157
59 64
198 207
44 80
33 37
146 149
6 151
169 222
5 67
157 161
12 139
164 210
47 79
70 187
174 196
41 45
74 191
138 157
9 141
162 230
36 91
100 117
14 142
43 87
160 176
172 212
29 93
123 126
50 76
121 124
124 128
199 226
82 215
77 81
14 67
47 53
133 171
138 178
106 109
20 171
29 91
48 53
185 188
40 133
173 215
51 72
108 112
174 224
4 66
77 173
39 87
16 165
83 86
164 175
99 103
66 153
102 105
24 27
16 64
14 65
116 124
139 178
100 104
15 53
27 30
140 157
93 97
197 209
128 219
47 51
163 166
13 66
71 183
56 64
81 133
15 73
94 130
3 68
134 168
37 61
40 61
74 179
41 58
155 158
13 67
74 137
37 41
136 174
192 214
98 132
11 157
111 223
144 152
157 160
99 102
15 76
13 140
163 201
89 131
41 61
95 98
58 64
126 218
77 137
29 94
145 153
163 167
8 142
4 151
3 53
15 66
120 124
17 136
82 85
122 126
154 158
4 54
58 61
73 77
170 221
169 224
81 85
12 153
144 154
169 225
42 45
36 131
158 162
132 171
144 151
70 73
46 49
24 101
184 187
13 139
52 72
105 114
160 201
31 34
82 216
70 179
12 140
162 165
101 104
14 139
70 139
94 98
115 221
200 204
92 95
43 84
12 144
17 133
12 66
56 66
52 69
95 124
17 65
173 213
8 144
20 170
28 97
71 74
22 60
67 76
37 60
51 73
59 62
67 70
200 208
81 215
199 209
47 80
18 61
196 212
175 179
167 174
68 72
21 132
116 128
94 131
161 165
158 161
174 213
24 28
45 48
39 89
199 208
19 37
134 172
18 166
32 93
103 106
13 69
54 151
22 61
95 128
16 63
81 84
87 130
164 176
139 176
174 210
212 221
188 191
43 46
40 84
171 215
80 84
102 116
137 213
177 211
179 211
84 129
180 183
89 130
5 12
14 56
13 179
74 213
58 63
36 94
142 158
164 201
55 63
6 144
165 230
48 51
78 82
159 203
119 128
67 72
53 67
80 83
87 129
135 213
15 64
11 140
163 228
194 211
85 129
19 22
128 132
133 170
177 209
177 208
179 182
176 180
56 65
102 106
14 161
33 36
191 213
198 210
32 35
71 75
32 36
11 70
132 170
40 131
160 208
39 43
142 155
176 209
70 182
25 28
21 24
20 134
25 131
86 129
78 173
80 215
81 173
77 135
17 63
24 97
103 117
184 188
98 101
178 182
80 135
16 65
176 211
29 97
186 190
3 49
71 190
48 55
201 207
99 114
136 175
14 137
143 153
134 171
137 179
42 46
71 184
21 98
83 87
144 153
136 162
171 216
85 127
115 222
124 127
3 52
5 144
11 139
13 137
161 164
76 79
119 124
20 169
202 230
127 216
223 226
15 161
79 83
54 66
167 225
135 172
127 219
163 202
187 190
44 48
51 67
214 219
159 163
112 222
53 76
53 65
56 152
138 175
139 157
175 210
12 67
113 222
84 130
142 153
115 220
14 64
51 69
