62 59
203 163
161 158
63 59
107 104
220 217
219 216
76 73
203 159
61 23
86 83
153 150
152 57
163 159
104 101
162 159
163 160
221 218
61 18
159 156
160 157
80 77
108 105
26 23
226 223
164 161
82 79
81 78
98 95
83 80
44 41
5 2
218 215
60 23
139 13
43 40
103 100
182 179
167 164
225 222
84 81
181 177
23 18
203 162
105 102
64 56
44 40
224 221
223 220
63 58
202 163
63 60
62 58
134 20
61 22
227 224
117 114
153 57
118 115
179 139
185 182
88 85
64 57
121 118
63 56
85 82
203 160
92 89
181 178
229 226
22 19
106 103
128 125
62 18
75 72
78 75
60 22
154 151
109 106
180 177
154 57
58 55
204 156
204 160
45 41
79 76
63 55
184 181
6 3
37 34
171 168
77 74
22 18
202 159
161 157
230 227
87 84
97 94
23 20
100 97
219 215
60 57
61 58
169 166
168 165
228 225
116 113
197 194
127 124
42 39
154 150
24 21
81 77
150 57
222 219
200 197
63 57
25 22
220 216
8 5
99 96
41 38
96 93
176 138
83 79
165 59
60 19
150 147
45 42
60 18
64 61
101 98
64 58
91 88
157 140
190 187
93 90
165 61
67 53
134 18
85 81
119 116
7 4
77 73
198 195
110 107
126 123
108 104
162 158
163 16
150 54
82 78
153 56
150 55
100 96
102 99
107 103
90 87
160 156
152 56
165 60
209 177
150 56
21 18
43 39
183 180
122 119
26 22
36 33
151 57
192 189
221 217
76 72
20 17
120 117
74 71
166 59
152 64
128 124
87 83
55 45
172 169
184 180
202 162
23 19
78 74
222 218
191 188
106 102
203 57
65 55
101 97
188 185
123 120
117 113
89 85
164 57
179 13
61 19
66 55
196 193
92 88
65 57
225 221
115 112
217 214
62 19
124 121
80 76
151 148
149 56
32 29
151 56
211 208
189 186
129 126
199 196
164 160
138 13
164 58
42 38
97 93
58 18
163 57
63 44
166 163
134 19
58 22
62 17
230 226
95 92
59 56
89 86
59 62
163 203
158 161
59 63
104 107
217 220
216 219
73 76
159 203
23 61
83 86
150 153
57 152
159 163
101 104
159 162
160 163
218 221
18 61
156 159
157 160
77 80
105 108
23 26
223 226
161 164
79 82
78 81
95 98
80 83
41 44
2 5
215 218
23 60
13 139
40 43
100 103
179 182
164 167
222 225
81 84
177 181
18 23
162 203
102 105
56 64
40 44
221 224
220 223
58 63
163 202
60 63
58 62
20 134
22 61
224 227
114 117
57 153
115 118
139 179
182 185
85 88
57 64
118 121
56 63
82 85
160 203
89 92
178 181
226 229
19 22
103 106
125 128
18 62
72 75
75 78
22 60
151 154
106 109
177 180
57 154
55 58
156 204
160 204
41 45
76 79
55 63
181 184
3 6
34 37
168 171
74 77
18 22
159 202
157 161
227 230
84 87
94 97
20 23
97 100
215 219
57 60
58 61
166 169
165 168
225 228
113 116
194 197
124 127
39 42
150 154
21 24
77 81
57 150
219 222
197 200
57 63
22 25
216 220
5 8
96 99
38 41
93 96
138 176
79 83
59 165
19 60
147 150
42 45
18 60
61 64
98 101
58 64
88 91
140 157
187 190
90 93
61 165
53 67
18 134
81 85
116 119
4 7
73 77
195 198
107 110
123 126
104 108
158 162
16 163
54 150
78 82
56 153
55 150
96 100
99 102
103 107
87 90
156 160
56 152
60 165
177 209
56 150
18 21
39 43
180 183
119 122
22 26
33 36
57 151
189 192
217 221
72 76
17 20
117 120
71 74
59 166
64 152
124 128
83 87
45 55
169 172
180 184
162 202
19 23
74 78
218 222
188 191
102 106
57 203
55 65
97 101
185 188
120 123
113 117
85 89
57 164
13 179
19 61
55 66
193 196
88 92
57 65
221 225
112 115
214 217
19 62
121 124
76 80
148 151
56 149
29 32
56 151
208 211
186 189
126 129
196 199
160 164
13 138
58 164
38 42
93 97
18 58
57 163
44 63
163 166
19 134
22 58
17 62
226 230
92 95
56 59
86 89
