204 156
134 20
62 59
139 13
163 159
61 23
162 159
203 163
179 13
152 57
61 18
76 73
179 139
159 156
176 138
203 159
181 177
203 162
163 160
23 18
157 140
160 157
84 81
22 18
161 158
150 56
168 134
153 150
83 80
165 61
26 23
167 164
202 159
163 16
60 23
44 40
153 57
154 151
62 18
86 83
44 41
202 163
104 101
154 150
209 177
220 217
55 45
81 78
80 77
154 57
43 40
221 218
157 14
150 54
45 41
219 216
63 44
165 59
200 197
64 56
164 161
103 100
67 53
134 18
159 16
226 223
171 168
162 16
63 55
78 75
224 221
80 44
63 56
193 175
204 160
229 226
107 104
168 165
60 22
203 57
203 160
203 64
185 182
159 64
40 17
159 57
58 55
98 95
109 106
163 57
75 72
63 58
41 38
165 60
219 215
108 105
5 2
63 40
92 89
118 115
181 178
60 18
218 215
184 180
171 81
102 99
180 177
183 180
26 22
64 57
62 58
42 39
182 179
85 81
223 220
100 97
21 18
184 181
24 21
225 222
135 77
163 140
37 34
63 45
169 166
88 85
82 79
77 73
117 114
83 79
209 195
119 116
77 74
60 57
158 57
152 64
165 18
33 26
97 94
58 18
81 77
160 156
105 102
106 103
166 59
121 118
227 224
30 18
61 22
222 219
137 13
197 194
23 20
76 72
32 29
127 124
208 177
23 19
63 59
62 17
128 125
22 19
176 164
152 56
25 22
79 76
65 54
85 82
84 76
86 82
170 167
157 26
63 60
43 39
45 42
165 57
82 78
193 180
63 57
92 88
20 17
158 64
61 58
179 176
204 162
230 227
87 83
161 136
60 19
87 84
64 58
145 22
74 71
145 34
61 19
151 57
107 103
65 57
161 157
99 96
145 38
93 90
162 158
101 98
31 28
116 113
164 57
62 19
137 77
164 160
76 53
154 144
7 4
220 216
65 55
164 58
134 58
30 23
126 123
197 193
108 104
133 19
170 81
204 16
204 159
38 35
62 23
6 3
80 76
64 16
79 47
218 214
150 57
36 33
96 93
159 155
89 85
64 60
153 149
54 45
202 162
84 80
212 194
153 56
134 61
202 160
60 20
64 59
66 55
154 58
150 55
78 74
198 195
183 179
228 225
59 18
59 23
115 112
205 202
85 76
91 88
207 201
134 59
166 163
221 217
123 120
64 61
187 184
42 38
214 211
59 26
98 94
165 134
195 192
203 156
61 17
128 124
224 220
8 5
117 113
230 226
90 87
120 117
168 164
188 185
65 56
75 71
30 17
133 40
201 198
165 162
152 146
100 96
153 146
106 102
118 114
172 169
59 22
165 58
180 176
190 187
55 40
116 112
200 196
151 56
61 20
122 119
225 221
144 68
165 17
171 47
36 26
164 59
204 201
70 54
97 93
157 138
32 28
39 36
199 196
88 84
105 101
204 157
89 86
161 140
133 20
151 54
79 75
62 20
155 58
150 147
58 45
171 132
164 55
124 121
212 172
138 13
58 22
212 209
140 13
152 149
182 178
45 40
154 56
119 115
192 189
94 91
35 32
38 34
156 204
20 134
59 62
13 139
159 163
23 61
159 162
163 203
13 179
57 152
18 61
73 76
139 179
156 159
138 176
159 203
177 181
162 203
160 163
18 23
140 157
157 160
81 84
18 22
158 161
56 150
134 168
150 153
80 83
61 165
23 26
164 167
159 202
16 163
23 60
40 44
57 153
151 154
18 62
83 86
41 44
163 202
101 104
150 154
177 209
217 220
45 55
78 81
77 80
57 154
40 43
218 221
14 157
54 150
41 45
216 219
44 63
59 165
197 200
56 64
161 164
100 103
53 67
18 134
16 159
223 226
168 171
16 162
55 63
75 78
221 224
44 80
56 63
175 193
160 204
226 229
104 107
165 168
22 60
57 203
160 203
64 203
182 185
64 159
17 40
57 159
55 58
95 98
106 109
57 163
72 75
58 63
38 41
60 165
215 219
105 108
2 5
40 63
89 92
115 118
178 181
18 60
215 218
180 184
81 171
99 102
177 180
180 183
22 26
57 64
58 62
39 42
179 182
81 85
220 223
97 100
18 21
181 184
21 24
222 225
77 135
140 163
34 37
45 63
166 169
85 88
79 82
73 77
114 117
79 83
195 209
116 119
74 77
57 60
57 158
64 152
18 165
26 33
94 97
18 58
77 81
156 160
102 105
103 106
59 166
118 121
224 227
18 30
22 61
219 222
13 137
194 197
20 23
72 76
29 32
124 127
177 208
19 23
59 63
17 62
125 128
19 22
164 176
56 152
22 25
76 79
54 65
82 85
76 84
82 86
167 170
26 157
60 63
39 43
42 45
57 165
78 82
180 193
57 63
88 92
17 20
64 158
58 61
176 179
162 204
227 230
83 87
136 161
19 60
84 87
58 64
22 145
71 74
34 145
19 61
57 151
103 107
57 65
157 161
96 99
38 145
90 93
158 162
98 101
28 31
113 116
57 164
19 62
77 137
160 164
53 76
144 154
4 7
216 220
55 65
58 164
58 134
23 30
123 126
193 197
104 108
19 133
81 170
16 204
159 204
35 38
23 62
3 6
76 80
16 64
47 79
214 218
57 150
33 36
93 96
155 159
85 89
60 64
149 153
45 54
162 202
80 84
194 212
56 153
61 134
160 202
20 60
59 64
55 66
58 154
55 150
74 78
195 198
179 183
225 228
18 59
23 59
112 115
202 205
76 85
88 91
201 207
59 134
163 166
217 221
120 123
61 64
184 187
38 42
211 214
26 59
94 98
134 165
192 195
156 203
17 61
124 128
220 224
5 8
113 117
226 230
87 90
117 120
164 168
185 188
56 65
71 75
17 30
40 133
198 201
162 165
146 152
96 100
146 153
102 106
114 118
169 172
22 59
58 165
176 180
187 190
40 55
112 116
196 200
56 151
20 61
119 122
221 225
68 144
17 165
47 171
26 36
59 164
201 204
54 70
93 97
138 157
28 32
36 39
196 199
84 88
101 105
157 204
86 89
140 161
20 133
54 151
75 79
20 62
58 155
147 150
45 58
132 171
55 164
121 124
172 212
13 138
22 58
209 212
13 140
149 152
178 182
40 45
56 154
115 119
189 192
91 94
32 35
34 38
