179 139
204 156
163 159
134 20
61 23
139 13
176 138
61 18
23 18
203 159
152 57
153 150
179 13
203 163
62 59
165 61
202 159
163 16
60 23
202 163
176 164
181 177
168 134
157 14
203 162
63 44
154 150
162 16
209 177
67 53
162 159
62 18
157 140
30 18
55 45
134 18
150 56
159 64
159 156
193 175
80 44
76 73
22 18
159 16
171 168
165 18
203 64
40 17
163 57
159 57
145 22
150 54
64 57
58 55
165 59
33 26
45 41
63 55
158 64
63 40
204 160
184 180
63 45
203 57
64 56
154 57
79 47
152 64
165 134
62 23
153 57
219 216
161 136
205 174
154 151
76 53
44 40
157 26
103 100
209 195
64 16
213 74
137 77
26 22
63 58
218 215
134 61
133 40
171 81
135 77
165 60
167 164
219 215
193 180
104 100
223 220
33 19
86 43
163 140
63 56
30 23
145 38
58 45
165 57
68 34
162 147
168 165
70 54
60 22
74 46
158 57
170 81
166 59
61 22
60 18
77 15
220 217
133 19
53 27
160 157
36 26
101 97
154 144
212 194
65 54
165 17
64 23
134 59
207 201
202 166
166 139
163 64
205 55
204 16
33 22
171 132
133 25
225 221
210 174
171 47
72 25
197 193
212 172
213 77
165 23
26 23
138 69
210 55
134 58
58 18
108 104
154 146
208 177
100 97
196 162
32 29
134 26
154 56
164 55
131 36
170 137
85 76
162 157
84 81
161 140
145 34
221 218
136 64
62 20
176 21
192 185
81 78
157 138
45 37
142 12
203 16
42 38
65 56
59 26
144 45
153 146
41 38
110 105
79 51
180 175
36 19
84 76
97 94
92 89
163 160
150 19
167 55
213 193
150 13
200 197
171 76
210 164
211 177
108 103
133 84
58 40
76 65
108 105
195 190
222 219
60 19
179 33
153 54
55 40
62 26
147 34
64 58
144 68
228 223
174 164
164 10
101 98
143 64
207 164
172 55
172 132
146 45
212 174
159 140
179 137
77 73
89 85
154 55
182 11
104 99
168 34
69 10
212 167
48 25
176 129
180 75
77 14
148 17
214 211
212 134
222 137
153 56
128 95
193 186
61 21
57 40
169 20
107 103
168 20
152 146
8 3
147 142
62 17
118 113
55 20
226 222
193 183
197 194
153 25
204 162
229 223
74 52
82 13
45 40
209 198
103 98
211 208
168 25
102 98
61 26
203 140
86 83
35 12
165 145
102 96
143 54
201 197
83 79
229 226
67 58
163 136
26 18
145 26
202 144
132 36
193 178
224 221
36 25
107 104
179 70
86 19
81 36
26 14
63 41
214 192
117 113
131 15
55 44
54 45
206 200
148 50
223 217
174 167
134 64
26 17
30 17
131 25
54 34
160 41
148 54
33 23
53 9
58 22
92 88
210 53
155 37
102 99
85 81
67 34
121 118
63 59
148 41
160 156
104 101
155 58
211 180
192 46
198 184
172 34
173 27
66 42
43 17
153 131
147 38
202 64
151 53
59 23
104 98
101 96
230 3
172 81
224 175
41 36
146 63
174 37
161 86
153 41
168 55
38 34
139 179
156 204
159 163
20 134
23 61
13 139
138 176
18 61
18 23
159 203
57 152
150 153
13 179
163 203
59 62
61 165
159 202
16 163
23 60
163 202
164 176
177 181
134 168
14 157
162 203
44 63
150 154
16 162
177 209
53 67
159 162
18 62
140 157
18 30
45 55
18 134
56 150
64 159
156 159
175 193
44 80
73 76
18 22
16 159
168 171
18 165
64 203
17 40
57 163
57 159
22 145
54 150
57 64
55 58
59 165
26 33
41 45
55 63
64 158
40 63
160 204
180 184
45 63
57 203
56 64
57 154
47 79
64 152
134 165
23 62
57 153
216 219
136 161
174 205
151 154
53 76
40 44
26 157
100 103
195 209
16 64
74 213
77 137
22 26
58 63
215 218
61 134
40 133
81 171
77 135
60 165
164 167
215 219
180 193
100 104
220 223
19 33
43 86
140 163
56 63
23 30
38 145
45 58
57 165
34 68
147 162
165 168
54 70
22 60
46 74
57 158
81 170
59 166
22 61
18 60
15 77
217 220
19 133
27 53
157 160
26 36
97 101
144 154
194 212
54 65
17 165
23 64
59 134
201 207
166 202
139 166
64 163
55 205
16 204
22 33
132 171
25 133
221 225
174 210
47 171
25 72
193 197
172 212
77 213
23 165
23 26
69 138
55 210
58 134
18 58
104 108
146 154
177 208
97 100
162 196
29 32
26 134
56 154
55 164
36 131
137 170
76 85
157 162
81 84
140 161
34 145
218 221
64 136
20 62
21 176
185 192
78 81
138 157
37 45
12 142
16 203
38 42
56 65
26 59
45 144
146 153
38 41
105 110
51 79
175 180
19 36
76 84
94 97
89 92
160 163
19 150
55 167
193 213
13 150
197 200
76 171
164 210
177 211
103 108
84 133
40 58
65 76
105 108
190 195
219 222
19 60
33 179
54 153
40 55
26 62
34 147
58 64
68 144
223 228
164 174
10 164
98 101
64 143
164 207
55 172
132 172
45 146
174 212
140 159
137 179
73 77
85 89
55 154
11 182
99 104
34 168
10 69
167 212
25 48
129 176
75 180
14 77
17 148
211 214
134 212
137 222
56 153
95 128
186 193
21 61
40 57
20 169
103 107
20 168
146 152
3 8
142 147
17 62
113 118
20 55
222 226
183 193
194 197
25 153
162 204
223 229
52 74
13 82
40 45
198 209
98 103
208 211
25 168
98 102
26 61
140 203
83 86
12 35
145 165
96 102
54 143
197 201
79 83
226 229
58 67
136 163
18 26
26 145
144 202
36 132
178 193
221 224
25 36
104 107
70 179
19 86
36 81
14 26
41 63
192 214
113 117
15 131
44 55
45 54
200 206
50 148
217 223
167 174
64 134
17 26
17 30
25 131
34 54
41 160
54 148
23 33
9 53
22 58
88 92
53 210
37 155
99 102
81 85
34 67
118 121
59 63
41 148
156 160
101 104
58 155
180 211
46 192
184 198
34 172
27 173
42 66
17 43
131 153
38 147
64 202
53 151
23 59
98 104
96 101
3 230
81 172
175 224
36 41
63 146
37 174
86 161
41 153
55 168
34 38
