179 139
204 156
163 159
134 20
61 23
139 13
176 138
61 18
23 18
203 159
152 57
153 150
179 13
203 163
62 59
165 61
202 159
163 16
60 23
202 163
176 164
181 177
168 134
157 14
203 162
63 44
154 150
162 16
209 177
67 53
162 159
62 18
157 140
30 18
55 45
134 18
150 56
159 64
159 156
193 175
80 44
76 73
22 18
159 16
171 168
165 18
203 64
40 17
163 57
159 57
145 22
150 54
64 57
58 55
165 59
33 26
45 41
63 55
158 64
63 40
204 160
184 180
63 45
203 57
64 56
154 57
79 47
152 64
165 134
62 23
153 57
219 216
161 136
205 174
154 151
76 53
44 40
157 26
103 100
209 195
64 16
213 74
137 77
26 22
63 58
218 215
134 61
133 40
171 81
135 77
165 60
167 164
219 215
193 180
104 100
223 220
33 19
86 43
163 140
63 56
30 23
145 38
58 45
165 57
68 34
162 147
168 165
70 54
60 22
74 46
158 57
170 81
166 59
61 22
60 18
77 15
