79 76
53 50
77 74
56 53
80 77
57 54
55 52
18 15
54 51
56 52
53 49
28 25
78 75
65 62
82 79
63 60
18 14
83 80
54 50
52 49
64 61
76 73
13 4
81 78
78 74
79 75
51 46
90 87
91 88
15 4
29 25
28 24
87 84
51 48
11 8
10 7
80 76
64 60
55 51
11 6
58 54
82 78
75 72
65 61
58 55
27 24
84 81
57 53
42 39
76 72
29 26
11 7
19 15
81 77
77 73
62 59
16 3
15 3
88 85
19 16
89 86
83 79
51 10
12 6
13 6
73 70
17 14
16 4
19 14
84 80
10 6
36 16
14 4
63 59
46 10
86 83
51 47
30 27
38 35
90 86
66 63
31 28
52 48
31 25
30 25
38 31
88 84
16 13
66 62
89 85
31 26
9 6
13 5
71 68
30 26
29 24
74 71
85 81
59 56
17 3
91 87
62 58
51 9
52 9
65 43
66 61
44 16
39 31
87 83
13 7
42 38
46 9
27 23
61 58
85 82
50 47
26 23
63 58
67 64
43 40
44 36
50 46
12 9
69 66
65 30
8 5
52 10
11 5
52 47
75 71
16 2
51 45
15 12
17 2
5 2
52 45
12 7
74 70
52 46
17 13
38 33
76 79
50 53
74 77
53 56
77 80
54 57
52 55
15 18
51 54
52 56
49 53
25 28
75 78
62 65
79 82
60 63
14 18
80 83
50 54
49 52
61 64
73 76
4 13
78 81
74 78
75 79
46 51
87 90
88 91
4 15
25 29
24 28
84 87
48 51
8 11
7 10
76 80
60 64
51 55
6 11
54 58
78 82
72 75
61 65
55 58
24 27
81 84
53 57
39 42
72 76
26 29
7 11
15 19
77 81
73 77
59 62
3 16
3 15
85 88
16 19
86 89
79 83
10 51
6 12
6 13
70 73
14 17
4 16
14 19
80 84
6 10
16 36
4 14
59 63
10 46
83 86
47 51
27 30
35 38
86 90
63 66
28 31
48 52
25 31
25 30
31 38
84 88
13 16
62 66
85 89
26 31
6 9
5 13
68 71
26 30
24 29
71 74
81 85
56 59
3 17
87 91
58 62
9 51
9 52
43 65
61 66
16 44
31 39
83 87
7 13
38 42
9 46
23 27
58 61
82 85
47 50
23 26
58 63
64 67
40 43
36 44
46 50
9 12
66 69
30 65
5 8
10 52
5 11
47 52
71 75
2 16
45 51
12 15
2 17
2 5
45 52
7 12
70 74
46 52
13 17
33 38
