79 76
53 50
77 74
56 53
80 77
57 54
55 52
18 15
54 51
56 52
53 49
28 25
78 75
65 62
82 79
63 60
18 14
83 80
54 50
52 49
64 61
76 73
13 4
81 78
78 74
79 75
51 46
90 87
91 88
15 4
29 25
28 24
87 84
51 48
11 8
10 7
80 76
64 60
55 51
11 6
58 54
82 78
75 72
65 61
58 55
27 24
84 81
76 79
50 53
74 77
53 56
77 80
54 57
52 55
15 18
51 54
52 56
49 53
25 28
75 78
62 65
79 82
60 63
14 18
80 83
50 54
49 52
61 64
73 76
4 13
78 81
74 78
75 79
46 51
87 90
88 91
4 15
25 29
24 28
84 87
48 51
8 11
7 10
76 80
60 64
51 55
6 11
54 58
78 82
72 75
61 65
55 58
24 27
81 84
