84 80
59 54
36 21
44 21
77 73
85 81
43 7
40 26
57 54
53 49
13 7
74 55
87 83
73 70
89 86
66 63
75 71
34 20
33 20
32 20
87 84
78 53
36 33
46 15
19 5
18 15
47 18
41 25
51 47
74 59
40 23
84 81
79 75
33 23
42 23
71 56
29 25
31 24
82 48
91 88
69 62
81 48
12 6
65 61
64 61
16 4
32 22
60 54
43 22
82 79
78 75
45 19
32 23
80 77
51 45
45 6
51 10
65 62
33 21
14 4
30 23
81 47
19 15
54 51
16 2
53 50
56 53
81 78
75 56
60 55
51 9
58 54
44 5
74 69
84 47
52 49
55 52
56 52
81 77
45 20
54 50
14 5
63 60
59 56
60 56
39 25
31 23
83 80
46 20
45 22
46 19
60 9
65 24
41 23
65 41
18 14
33 22
61 43
10 7
69 59
74 56
42 22
41 24
40 24
29 26
46 18
55 9
82 78
11 7
45 21
52 45
82 49
31 22
66 62
64 60
52 48
77 74
85 49
46 14
15 4
57 53
81 52
32 21
85 82
12 7
46 7
43 8
44 22
42 24
43 23
85 47
78 74
60 57
30 24
80 76
60 8
90 87
86 83
83 79
74 71
38 33
63 59
66 61
44 8
67 62
77 32
30 25
52 46
28 25
55 51
38 23
75 72
13 5
11 6
61 55
73 31
30 22
90 86
42 21
88 85
39 23
51 48
47 19
45 14
74 70
19 14
86 82
88 84
48 18
45 8
76 72
64 43
45 7
14 6
13 4
44 7
11 8
14 7
40 25
85 48
67 28
28 24
52 47
38 35
44 19
73 30
74 52
44 6
59 55
64 8
73 69
51 46
54 9
13 6
76 73
58 55
67 63
43 21
77 52
89 85
78 49
19 16
68 62
45 9
78 52
69 61
37 33
69 30
81 49
47 20
34 21
62 59
79 76
29 24
44 20
91 87
80 84
54 59
21 36
21 44
73 77
81 85
7 43
26 40
54 57
49 53
7 13
55 74
83 87
70 73
86 89
63 66
71 75
20 34
20 33
20 32
84 87
53 78
33 36
15 46
5 19
15 18
18 47
25 41
47 51
59 74
23 40
81 84
75 79
23 33
23 42
56 71
25 29
24 31
48 82
88 91
62 69
48 81
6 12
61 65
61 64
4 16
22 32
54 60
22 43
79 82
75 78
19 45
23 32
77 80
45 51
6 45
10 51
62 65
21 33
4 14
23 30
47 81
15 19
51 54
2 16
50 53
53 56
78 81
56 75
55 60
9 51
54 58
5 44
69 74
47 84
49 52
52 55
52 56
77 81
20 45
50 54
5 14
60 63
56 59
56 60
25 39
23 31
80 83
20 46
22 45
19 46
9 60
24 65
23 41
41 65
14 18
22 33
43 61
7 10
59 69
56 74
22 42
24 41
24 40
26 29
18 46
9 55
78 82
7 11
21 45
45 52
49 82
22 31
62 66
60 64
48 52
74 77
49 85
14 46
4 15
53 57
52 81
21 32
82 85
7 12
7 46
8 43
22 44
24 42
23 43
47 85
74 78
57 60
24 30
76 80
8 60
87 90
83 86
79 83
71 74
33 38
59 63
61 66
8 44
62 67
32 77
25 30
46 52
25 28
51 55
23 38
72 75
5 13
6 11
55 61
31 73
22 30
86 90
21 42
85 88
23 39
48 51
19 47
14 45
70 74
14 19
82 86
84 88
18 48
8 45
72 76
43 64
7 45
6 14
4 13
7 44
8 11
7 14
25 40
48 85
28 67
24 28
47 52
35 38
19 44
30 73
52 74
6 44
55 59
8 64
69 73
46 51
9 54
6 13
73 76
55 58
63 67
21 43
52 77
85 89
49 78
16 19
62 68
9 45
52 78
61 69
33 37
30 69
49 81
20 47
21 34
59 62
76 79
24 29
20 44
87 91
