51 10
46 10
11 6
51 9
51 46
36 16
18 14
18 15
31 25
65 43
16 3
38 31
29 25
15 4
78 56
62 59
44 16
76 72
74 56
46 14
53 49
68 62
13 6
39 31
65 30
13 4
65 61
28 24
78 75
63 60
19 14
79 76
65 24
65 62
53 50
67 24
31 26
80 34
78 53
46 9
51 7
19 15
79 75
56 49
42 39
42 20
57 54
10 51
10 46
6 11
9 51
46 51
16 36
14 18
15 18
25 31
43 65
3 16
31 38
25 29
4 15
56 78
59 62
16 44
72 76
56 74
14 46
49 53
62 68
6 13
31 39
30 65
4 13
61 65
24 28
75 78
60 63
14 19
76 79
24 65
62 65
50 53
24 67
26 31
34 80
53 78
9 46
7 51
15 19
75 79
49 56
39 42
20 42
54 57
