51 10
46 10
11 6
51 9
51 46
36 16
18 14
18 15
31 25
65 43
16 3
38 31
29 25
15 4
78 56
62 59
44 16
76 72
74 56
46 14
53 49
68 62
13 6
39 31
65 30
13 4
65 61
28 24
78 75
63 60
19 14
79 76
65 24
65 62
53 50
67 24
31 26
80 34
78 53
46 9
51 7
19 15
79 75
56 49
42 39
42 20
57 54
43 8
58 54
8 5
78 52
42 33
31 28
71 18
33 16
20 13
61 55
90 87
11 8
59 43
71 56
52 9
82 49
56 52
63 58
78 49
44 36
12 4
89 86
71 30
67 30
58 45
51 14
77 44
61 52
73 70
51 48
10 7
63 6
71 12
64 43
81 20
29 12
81 78
33 21
82 78
52 45
64 8
23 16
34 31
87 84
18 4
57 53
66 37
