71 68
70 66
68 65
69 66
69 65
70 67
80 52
81 44
65 62
78 7
71 67
55 52
66 63
68 64
65 61
67 63
41 38
58 53
40 36
40 35
61 58
67 64
18 15
43 40
66 58
66 28
69 56
76 7
63 21
42 39
34 18
31 20
40 37
14 11
72 68
72 69
77 73
66 62
75 72
31 18
42 38
76 9
29 22
77 74
83 4
49 29
67 19
82 49
76 73
20 17
83 45
88 85
73 70
19 16
29 20
10 7
69 61
69 54
60 57
41 36
41 37
49 27
80 5
88 84
66 61
28 21
86 82
38 14
64 61
43 39
44 30
32 18
46 33
28 22
9 6
77 7
63 60
37 33
37 13
19 15
42 33
76 72
87 84
37 34
24 21
28 19
27 22
20 16
38 15
31 19
12 9
68 71
66 70
65 68
66 69
65 69
67 70
52 80
44 81
62 65
7 78
67 71
52 55
63 66
64 68
61 65
63 67
38 41
53 58
36 40
35 40
58 61
64 67
15 18
40 43
58 66
28 66
56 69
7 76
21 63
39 42
18 34
20 31
37 40
11 14
68 72
69 72
73 77
62 66
72 75
18 31
38 42
9 76
22 29
74 77
4 83
29 49
19 67
49 82
73 76
17 20
45 83
85 88
70 73
16 19
20 29
7 10
61 69
54 69
57 60
36 41
37 41
27 49
5 80
84 88
61 66
21 28
82 86
14 38
61 64
39 43
30 44
18 32
33 46
22 28
6 9
7 77
60 63
33 37
13 37
15 19
33 42
72 76
84 87
34 37
21 24
19 28
22 27
16 20
15 38
19 31
9 12
