71 68
70 66
68 65
69 66
69 65
70 67
80 52
81 44
65 62
78 7
71 67
55 52
66 63
68 64
65 61
67 63
41 38
58 53
40 36
40 35
61 58
67 64
18 15
43 40
66 58
66 28
69 56
76 7
63 21
42 39
34 18
31 20
40 37
14 11
72 68
72 69
77 73
66 62
75 72
31 18
42 38
76 9
29 22
77 74
83 4
68 71
66 70
65 68
66 69
65 69
67 70
52 80
44 81
62 65
7 78
67 71
52 55
63 66
64 68
61 65
63 67
38 41
53 58
36 40
35 40
58 61
64 67
15 18
40 43
58 66
28 66
56 69
7 76
21 63
39 42
18 34
20 31
37 40
11 14
68 72
69 72
73 77
62 66
72 75
18 31
38 42
9 76
22 29
74 77
4 83
