57 51
65 62
79 8
44 30
66 53
69 65
50 30
49 29
25 22
77 69
69 66
14 11
32 18
40 34
60 27
69 58
76 10
63 21
73 10
48 29
71 67
59 51
39 30
73 54
16 13
39 15
29 21
84 49
58 53
41 36
79 5
39 16
80 55
79 50
42 39
42 6
59 50
44 6
78 54
81 44
37 33
79 6
37 14
50 19
60 26
77 73
28 21
82 49
78 8
31 19
38 11
14 10
45 33
30 19
46 31
41 38
80 50
37 17
30 18
42 9
79 7
53 50
57 52
82 4
29 19
81 4
44 17
84 46
70 53
39 34
37 11
79 52
42 38
76 7
66 58
30 17
38 8
84 48
38 14
83 45
40 36
78 55
65 61
40 37
31 20
66 63
66 27
66 28
29 22
70 66
78 5
77 8
75 10
76 8
80 51
73 53
55 52
58 52
56 52
84 47
44 40
63 20
43 40
37 34
77 15
68 65
39 17
56 53
27 22
82 3
41 9
42 8
67 64
77 53
42 7
29 20
41 8
67 19
81 30
32 17
50 28
47 31
44 8
72 69
66 61
80 5
38 15
34 18
46 32
83 4
25 21
31 17
73 70
80 53
44 39
84 45
47 30
48 30
83 48
44 33
59 26
31 18
72 68
67 63
77 54
69 53
81 3
76 73
81 51
48 45
61 27
81 6
68 64
69 54
78 7
45 30
77 10
49 28
80 52
81 48
41 37
61 58
63 28
40 33
78 52
47 29
83 47
15 11
46 30
49 27
77 7
81 50
79 44
80 3
43 6
15 8
39 33
48 44
34 16
33 18
81 49
58 28
58 51
29 25
33 17
28 20
40 16
61 28
82 48
50 29
65 58
82 51
38 10
50 27
37 16
39 8
79 42
40 35
43 39
33 30
46 33
73 69
59 27
66 50
38 16
66 62
69 56
58 50
66 19
71 68
70 19
15 10
76 9
27 21
78 53
80 6
37 15
70 15
60 57
34 17
81 45
33 16
70 67
28 19
39 6
79 53
63 19
80 4
77 70
75 9
78 6
74 10
79 48
51 3
38 9
58 27
51 57
62 65
8 79
30 44
53 66
65 69
30 50
29 49
22 25
69 77
66 69
11 14
18 32
34 40
27 60
58 69
10 76
21 63
10 73
29 48
67 71
51 59
30 39
54 73
13 16
15 39
21 29
49 84
53 58
36 41
5 79
16 39
55 80
50 79
39 42
6 42
50 59
6 44
54 78
44 81
33 37
6 79
14 37
19 50
26 60
73 77
21 28
49 82
8 78
19 31
11 38
10 14
33 45
19 30
31 46
38 41
50 80
17 37
18 30
9 42
7 79
50 53
52 57
4 82
19 29
4 81
17 44
46 84
53 70
34 39
11 37
52 79
38 42
7 76
58 66
17 30
8 38
48 84
14 38
45 83
36 40
55 78
61 65
37 40
20 31
63 66
27 66
28 66
22 29
66 70
5 78
8 77
10 75
8 76
51 80
53 73
52 55
52 58
52 56
47 84
40 44
20 63
40 43
34 37
15 77
65 68
17 39
53 56
22 27
3 82
9 41
8 42
64 67
53 77
7 42
20 29
8 41
19 67
30 81
17 32
28 50
31 47
8 44
69 72
61 66
5 80
15 38
18 34
32 46
4 83
21 25
17 31
70 73
53 80
39 44
45 84
30 47
30 48
48 83
33 44
26 59
18 31
68 72
63 67
54 77
53 69
3 81
73 76
51 81
45 48
27 61
6 81
64 68
54 69
7 78
30 45
10 77
28 49
52 80
48 81
37 41
58 61
28 63
33 40
52 78
29 47
47 83
11 15
30 46
27 49
7 77
50 81
44 79
3 80
6 43
8 15
33 39
44 48
16 34
18 33
49 81
28 58
51 58
25 29
17 33
20 28
16 40
28 61
48 82
29 50
58 65
51 82
10 38
27 50
16 37
8 39
42 79
35 40
39 43
30 33
33 46
69 73
27 59
50 66
16 38
62 66
56 69
50 58
19 66
68 71
19 70
10 15
9 76
21 27
53 78
6 80
15 37
15 70
57 60
17 34
45 81
16 33
67 70
19 28
6 39
53 79
19 63
4 80
70 77
9 75
6 78
10 74
48 79
3 51
9 38
27 58
