80 52
81 44
40 35
69 56
55 52
65 62
66 28
40 36
61 58
66 58
58 53
67 63
78 7
83 4
49 29
14 11
34 18
67 19
18 15
63 21
31 20
65 61
49 27
69 61
31 18
83 45
76 9
82 49
76 7
70 66
68 65
32 18
80 5
70 15
38 14
44 30
88 85
69 54
37 33
86 82
42 33
46 33
77 73
67 14
66 61
75 72
41 36
29 22
24 21
60 57
71 67
83 48
42 38
16 10
35 29
68 64
82 27
34 29
28 21
28 17
46 31
82 51
31 22
53 48
34 31
50 30
77 15
12 9
28 19
88 84
63 17
77 53
29 20
63 15
44 39
70 28
46 32
87 84
38 15
27 22
43 39
72 5
63 28
61 57
34 4
42 8
63 19
69 66
58 19
75 11
64 61
52 80
44 81
35 40
56 69
52 55
62 65
28 66
36 40
58 61
58 66
53 58
63 67
7 78
4 83
29 49
11 14
18 34
19 67
15 18
21 63
20 31
61 65
27 49
61 69
18 31
45 83
9 76
49 82
7 76
66 70
65 68
18 32
5 80
15 70
14 38
30 44
85 88
54 69
33 37
82 86
33 42
33 46
73 77
14 67
61 66
72 75
36 41
22 29
21 24
57 60
67 71
48 83
38 42
10 16
29 35
64 68
27 82
29 34
21 28
17 28
31 46
51 82
22 31
48 53
31 34
30 50
15 77
9 12
19 28
84 88
17 63
53 77
20 29
15 63
39 44
28 70
32 46
84 87
15 38
22 27
39 43
5 72
28 63
57 61
4 34
8 42
19 63
66 69
19 58
11 75
61 64
