80 52
81 44
40 35
69 56
55 52
65 62
66 28
40 36
61 58
66 58
58 53
67 63
78 7
83 4
49 29
14 11
34 18
67 19
18 15
63 21
31 20
65 61
49 27
69 61
31 18
83 45
76 9
82 49
76 7
70 66
68 65
32 18
80 5
70 15
38 14
44 30
88 85
69 54
37 33
86 82
42 33
46 33
77 73
67 14
66 61
52 80
44 81
35 40
56 69
52 55
62 65
28 66
36 40
58 61
58 66
53 58
63 67
7 78
4 83
29 49
11 14
18 34
19 67
15 18
21 63
20 31
61 65
27 49
61 69
18 31
45 83
9 76
49 82
7 76
66 70
65 68
18 32
5 80
15 70
14 38
30 44
85 88
54 69
33 37
82 86
33 42
33 46
73 77
14 67
61 66
