130 126
28 17
97 90
169 144
180 61
74 23
59 3
98 88
106 83
130 44
75 44
9 6
69 51
166 162
138 135
109 54
174 167
39 36
177 34
166 161
168 147
64 11
173 143
156 75
160 147
148 144
163 160
19 15
107 83
140 12
92 69
74 22
89 84
155 144
159 144
159 154
98 89
33 29
127 64
145 129
179 151
96 72
118 114
20 15
36 23
137 4
104 100
102 55
28 3
141 133
77 43
113 55
155 148
167 163
105 54
136 88
168 160
25 16
147 72
179 44
74 36
166 159
174 63
153 147
96 82
39 22
173 48
177 55
92 47
152 148
112 106
144 11
75 69
96 87
7 2
39 23
34 10
162 159
55 31
115 6
135 53
98 95
166 155
62 38
116 60
170 152
95 89
74 39
25 19
172 160
106 80
152 85
45 41
26 6
19 16
114 111
129 44
127 124
162 154
153 146
165 22
138 32
43 22
152 79
177 132
97 83
59 28
133 66
67 44
140 69
171 145
130 83
162 155
177 74
87 72
159 89
112 80
160 144
69 12
10 7
159 148
32 15
64 60
91 72
126 56
111 82
177 174
139 110
59 17
128 81
159 155
118 87
36 26
134 35
95 84
150 125
154 125
54 21
33 14
124 4
75 49
104 93
165 115
102 59
66 55
164 147
142 123
79 73
163 147
181 6
27 6
123 61
25 15
174 30
158 124
73 30
24 6
167 55
168 72
54 38
147 85
167 14
51 47
81 78
170 141
151 124
131 66
155 125
62 55
132 49
109 46
142 27
106 54
176 172
98 90
145 142
80 67
112 107
107 8
55 52
89 85
172 84
105 67
177 116
115 104
