147 144
19 16
165 162
22 19
21 18
97 90
28 17
59 3
130 126
20 17
163 160
148 144
19 15
166 162
9 6
39 36
128 125
147 143
166 163
33 29
98 88
167 163
23 19
145 142
33 30
138 135
98 89
146 143
129 126
180 61
74 23
20 16
159 156
167 164
25 16
75 44
166 161
148 145
169 144
118 114
160 157
168 147
22 18
168 144
106 83
58 55
31 28
173 143
127 124
21 17
153 147
153 150
158 155
172 169
174 171
109 54
96 72
32 29
130 44
107 83
34 31
38 35
118 115
96 87
173 170
112 106
64 61
89 84
27 17
171 168
20 15
23 20
36 23
159 154
10 7
97 88
146 142
162 159
69 51
125 122
174 167
156 75
104 100
92 69
31 27
25 22
102 55
25 15
34 30
24 21
175 172
60 57
51 48
34 10
160 147
105 54
28 3
149 146
64 11
152 148
129 125
140 12
7 2
164 161
130 127
98 90
149 145
153 146
32 28
164 160
126 123
175 171
166 159
29 26
147 72
95 89
177 34
55 52
168 143
74 22
162 158
116 113
179 151
114 111
171 145
113 55
64 60
45 42
97 89
17 14
95 84
98 95
40 37
16 13
155 148
117 114
152 149
115 112
161 154
154 150
161 158
59 56
159 144
26 16
89 85
30 26
135 53
46 43
159 155
170 152
163 147
45 41
96 88
165 161
57 54
96 82
25 19
81 78
133 66
176 172
176 173
27 16
75 49
30 27
127 64
138 32
36 26
137 4
137 134
35 31
99 89
39 22
35 32
157 154
89 86
169 146
92 47
18 15
116 60
144 11
141 133
25 21
27 3
162 155
152 147
168 160
129 44
91 72
153 149
145 129
162 154
152 85
154 151
168 146
27 24
173 48
158 154
39 23
174 63
77 43
168 163
65 61
24 20
26 17
160 156
182 179
156 153
155 125
119 116
87 72
155 152
96 85
172 168
170 141
179 44
56 53
8 5
159 148
164 147
169 147
174 170
168 164
6 3
28 25
138 62
75 46
52 49
130 83
151 148
159 147
46 42
39 35
100 97
109 53
67 44
33 14
106 54
63 60
7 4
32 10
146 84
15 12
155 144
74 39
177 174
26 6
166 155
153 148
96 83
136 88
97 83
19 13
173 169
111 91
104 93
36 10
119 115
180 177
44 41
51 47
147 85
171 146
109 106
164 22
162 153
55 31
116 112
128 124
19 14
82 79
27 6
96 90
179 176
170 146
47 44
163 159
160 144
