130 126
28 17
97 90
169 144
180 61
74 23
59 3
98 88
106 83
130 44
75 44
9 6
69 51
166 162
138 135
109 54
174 167
39 36
177 34
166 161
168 147
64 11
173 143
156 75
160 147
148 144
163 160
19 15
107 83
140 12
92 69
74 22
89 84
155 144
159 144
159 154
98 89
33 29
127 64
145 129
179 151
96 72
118 114
20 15
36 23
137 4
104 100
102 55
28 3
141 133
77 43
113 55
155 148
167 163
105 54
136 88
168 160
25 16
147 72
179 44
74 36
166 159
174 63
153 147
96 82
39 22
173 48
177 55
92 47
152 148
112 106
144 11
75 69
96 87
7 2
39 23
34 10
162 159
55 31
115 6
135 53
98 95
166 155
62 38
116 60
170 152
95 89
74 39
25 19
172 160
106 80
152 85
126 130
17 28
90 97
144 169
61 180
23 74
3 59
88 98
83 106
44 130
44 75
6 9
51 69
162 166
135 138
54 109
167 174
36 39
34 177
161 166
147 168
11 64
143 173
75 156
147 160
144 148
160 163
15 19
83 107
12 140
69 92
22 74
84 89
144 155
144 159
154 159
89 98
29 33
64 127
129 145
151 179
72 96
114 118
15 20
23 36
4 137
100 104
55 102
3 28
133 141
43 77
55 113
148 155
163 167
54 105
88 136
160 168
16 25
72 147
44 179
36 74
159 166
63 174
147 153
82 96
22 39
48 173
55 177
47 92
148 152
106 112
11 144
69 75
87 96
2 7
23 39
10 34
159 162
31 55
6 115
53 135
95 98
155 166
38 62
60 116
152 170
89 95
39 74
19 25
160 172
80 106
85 152
