147 144
22 19
20 17
21 18
146 143
128 125
28 17
19 16
9 6
166 163
148 144
98 89
165 162
163 160
19 15
33 29
147 143
21 17
148 145
129 126
169 144
39 36
34 31
159 156
158 155
145 142
97 90
166 162
33 30
172 169
167 163
98 88
98 90
23 20
174 171
159 154
23 19
20 16
160 157
22 18
31 27
130 126
10 7
153 150
27 17
162 159
138 135
167 164
40 37
59 3
173 170
175 172
31 28
97 89
20 15
60 57
127 124
153 147
152 149
149 146
32 29
118 115
158 154
58 55
16 13
130 127
64 61
125 122
32 28
24 21
17 14
168 147
25 22
97 88
35 32
98 95
75 44
168 144
25 16
171 168
46 43
116 113
159 155
164 161
157 154
29 26
115 112
30 27
57 54
118 114
155 152
126 123
152 148
153 146
96 87
51 48
38 35
25 15
166 161
165 161
55 52
149 145
129 125
89 86
171 145
154 151
114 111
81 78
169 146
27 16
6 3
117 114
18 15
52 49
26 16
7 4
164 160
34 30
24 20
28 25
173 143
161 158
63 60
168 143
175 171
44 41
168 163
59 56
25 21
26 17
182 179
64 60
89 85
82 79
45 42
8 5
146 142
65 62
106 83
169 145
56 53
25 19
174 170
7 3
160 147
100 97
168 146
35 31
168 164
155 148
27 24
151 148
109 54
96 88
153 149
90 87
177 174
15 12
11 8
162 154
131 128
28 3
36 23
119 116
69 51
62 59
153 148
154 150
89 84
30 26
170 152
96 83
96 90
176 173
108 105
51 47
166 159
95 92
88 85
110 107
99 89
96 89
161 154
169 143
96 72
144 147
19 22
17 20
18 21
143 146
125 128
17 28
16 19
6 9
163 166
144 148
89 98
162 165
160 163
15 19
29 33
143 147
17 21
145 148
126 129
144 169
36 39
31 34
156 159
155 158
142 145
90 97
162 166
30 33
169 172
163 167
88 98
90 98
20 23
171 174
154 159
19 23
16 20
157 160
18 22
27 31
126 130
7 10
150 153
17 27
159 162
135 138
164 167
37 40
3 59
170 173
172 175
28 31
89 97
15 20
57 60
124 127
147 153
149 152
146 149
29 32
115 118
154 158
55 58
13 16
127 130
61 64
122 125
28 32
21 24
14 17
147 168
22 25
88 97
32 35
95 98
44 75
144 168
16 25
168 171
43 46
113 116
155 159
161 164
154 157
26 29
112 115
27 30
54 57
114 118
152 155
123 126
148 152
146 153
87 96
48 51
35 38
15 25
161 166
161 165
52 55
145 149
125 129
86 89
145 171
151 154
111 114
78 81
146 169
16 27
3 6
114 117
15 18
49 52
16 26
4 7
160 164
30 34
20 24
25 28
143 173
158 161
60 63
143 168
171 175
41 44
163 168
56 59
21 25
17 26
179 182
60 64
85 89
79 82
42 45
5 8
142 146
62 65
83 106
145 169
53 56
19 25
170 174
3 7
147 160
97 100
146 168
31 35
164 168
148 155
24 27
148 151
54 109
88 96
149 153
87 90
174 177
12 15
8 11
154 162
128 131
3 28
23 36
116 119
51 69
59 62
148 153
150 154
84 89
26 30
152 170
83 96
90 96
173 176
105 108
47 51
159 166
92 95
85 88
107 110
89 99
89 96
154 161
143 169
72 96
