130 126
28 17
97 90
169 144
180 61
74 23
59 3
98 88
106 83
130 44
75 44
9 6
69 51
166 162
138 135
109 54
174 167
39 36
177 34
166 161
168 147
64 11
173 143
156 75
160 147
148 144
163 160
19 15
107 83
140 12
92 69
74 22
89 84
155 144
159 144
159 154
98 89
33 29
127 64
145 129
179 151
96 72
118 114
20 15
36 23
137 4
104 100
102 55
28 3
141 133
77 43
113 55
155 148
167 163
105 54
136 88
168 160
25 16
147 72
179 44
74 36
166 159
174 63
153 147
96 82
39 22
173 48
177 55
92 47
152 148
112 106
144 11
75 69
96 87
7 2
39 23
34 10
162 159
55 31
115 6
135 53
98 95
166 155
62 38
116 60
170 152
95 89
74 39
25 19
172 160
106 80
152 85
45 41
26 6
19 16
114 111
129 44
127 124
162 154
153 146
165 22
138 32
43 22
152 79
177 132
97 83
59 28
133 66
67 44
140 69
171 145
130 83
162 155
177 74
87 72
159 89
112 80
160 144
69 12
10 7
159 148
32 15
64 60
91 72
126 56
111 82
177 174
139 110
59 17
128 81
159 155
118 87
36 26
134 35
95 84
150 125
154 125
54 21
33 14
124 4
75 49
104 93
165 115
102 59
66 55
164 147
142 123
79 73
163 147
181 6
27 6
123 61
25 15
174 30
158 124
73 30
24 6
167 55
168 72
54 38
147 85
167 14
51 47
81 78
170 141
151 124
131 66
155 125
62 55
132 49
109 46
142 27
106 54
176 172
98 90
145 142
80 67
112 107
107 8
55 52
89 85
172 84
105 67
177 116
115 104
140 96
166 6
158 56
27 17
17 3
22 19
67 50
133 67
110 24
36 10
66 25
100 19
118 111
174 55
131 62
172 168
63 15
37 15
140 82
20 16
112 99
99 89
90 41
147 74
165 23
118 93
38 35
161 110
159 78
168 143
47 7
60 57
106 89
91 82
32 27
110 90
158 54
118 72
178 169
155 150
168 96
87 47
163 19
157 110
123 65
177 23
116 27
128 110
147 143
172 119
166 54
169 13
158 67
161 154
173 156
156 69
75 46
138 62
120 83
23 19
158 34
124 38
35 18
118 96
65 61
86 58
58 55
55 38
65 55
96 47
109 83
66 16
168 129
115 112
110 51
55 7
164 22
178 17
146 67
55 26
160 82
132 124
153 88
32 10
58 31
157 11
134 109
25 22
155 77
163 20
179 166
179 130
126 130
17 28
90 97
144 169
61 180
23 74
3 59
88 98
83 106
44 130
44 75
6 9
51 69
162 166
135 138
54 109
167 174
36 39
34 177
161 166
147 168
11 64
143 173
75 156
147 160
144 148
160 163
15 19
83 107
12 140
69 92
22 74
84 89
144 155
144 159
154 159
89 98
29 33
64 127
129 145
151 179
72 96
114 118
15 20
23 36
4 137
100 104
55 102
3 28
133 141
43 77
55 113
148 155
163 167
54 105
88 136
160 168
16 25
72 147
44 179
36 74
159 166
63 174
147 153
82 96
22 39
48 173
55 177
47 92
148 152
106 112
11 144
69 75
87 96
2 7
23 39
10 34
159 162
31 55
6 115
53 135
95 98
155 166
38 62
60 116
152 170
89 95
39 74
19 25
160 172
80 106
85 152
41 45
6 26
16 19
111 114
44 129
124 127
154 162
146 153
22 165
32 138
22 43
79 152
132 177
83 97
28 59
66 133
44 67
69 140
145 171
83 130
155 162
74 177
72 87
89 159
80 112
144 160
12 69
7 10
148 159
15 32
60 64
72 91
56 126
82 111
174 177
110 139
17 59
81 128
155 159
87 118
26 36
35 134
84 95
125 150
125 154
21 54
14 33
4 124
49 75
93 104
115 165
59 102
55 66
147 164
123 142
73 79
147 163
6 181
6 27
61 123
15 25
30 174
124 158
30 73
6 24
55 167
72 168
38 54
85 147
14 167
47 51
78 81
141 170
124 151
66 131
125 155
55 62
49 132
46 109
27 142
54 106
172 176
90 98
142 145
67 80
107 112
8 107
52 55
85 89
84 172
67 105
116 177
104 115
96 140
6 166
56 158
17 27
3 17
19 22
50 67
67 133
24 110
10 36
25 66
19 100
111 118
55 174
62 131
168 172
15 63
15 37
82 140
16 20
99 112
89 99
41 90
74 147
23 165
93 118
35 38
110 161
78 159
143 168
7 47
57 60
89 106
82 91
27 32
90 110
54 158
72 118
169 178
150 155
96 168
47 87
19 163
110 157
65 123
23 177
27 116
110 128
143 147
119 172
54 166
13 169
67 158
154 161
156 173
69 156
46 75
62 138
83 120
19 23
34 158
38 124
18 35
96 118
61 65
58 86
55 58
38 55
55 65
47 96
83 109
16 66
129 168
112 115
51 110
7 55
22 164
17 178
67 146
26 55
82 160
124 132
88 153
10 32
31 58
11 157
109 134
22 25
77 155
20 163
166 179
130 179
