147 144
19 16
165 162
22 19
21 18
97 90
28 17
59 3
130 126
20 17
163 160
148 144
19 15
166 162
9 6
39 36
128 125
147 143
166 163
33 29
98 88
167 163
23 19
145 142
33 30
138 135
98 89
146 143
129 126
180 61
74 23
20 16
159 156
167 164
25 16
75 44
166 161
148 145
169 144
118 114
160 157
168 147
22 18
168 144
106 83
58 55
31 28
173 143
127 124
21 17
153 147
153 150
158 155
172 169
174 171
109 54
96 72
32 29
130 44
107 83
34 31
38 35
118 115
96 87
173 170
112 106
64 61
89 84
27 17
171 168
20 15
23 20
36 23
159 154
10 7
97 88
146 142
162 159
69 51
125 122
174 167
156 75
104 100
92 69
31 27
25 22
102 55
25 15
34 30
24 21
175 172
60 57
