138 130
28 16
66 44
57 53
137 133
52 48
163 148
131 127
141 138
169 143
174 171
84 79
106 81
78 74
90 83
99 96
159 140
68 64
182 41
159 154
35 31
142 139
116 54
177 174
150 126
70 40
74 39
25 21
41 37
138 126
92 75
164 148
45 42
97 89
36 19
178 34
93 69
112 54
53 49
41 38
175 70
87 84
57 54
52 49
56 52
115 93
179 176
94 89
160 144
82 76
40 36
117 58
176 67
68 65
97 90
67 64
112 69
170 12
28 17
166 163
95 91
107 47
25 20
165 16
59 2
138 127
71 68
142 119
180 63
66 51
133 126
166 162
92 47
48 45
170 15
167 160
153 145
140 136
116 55
76 69
170 14
62 48
177 12
95 89
142 138
74 43
70 36
37 33
140 12
169 163
69 47
32 28
75 47
111 103
20 16
84 73
61 2
94 90
109 53
173 140
96 88
118 114
174 34
85 78
145 122
112 92
169 12
175 34
163 160
171 168
91 83
176 64
137 134
150 145
94 91
179 41
109 54
153 148
93 68
20 17
174 29
106 91
178 37
75 44
32 27
77 40
115 95
149 145
58 54
59 4
156 130
180 8
102 90
32 15
116 58
45 41
97 88
159 155
165 15
169 144
114 95
55 52
139 136
126 123
60 55
84 78
151 145
138 134
119 116
9 6
167 15
106 92
21 17
163 147
31 27
78 73
44 41
48 44
167 19
145 125
179 37
178 33
182 179
143 119
33 15
111 92
136 10
145 142
171 12
141 122
108 92
165 18
146 119
180 61
169 140
29 14
147 144
74 70
10 6
172 71
92 72
114 110
90 84
92 76
33 14
136 9
26 21
62 56
133 130
55 51
111 95
172 70
130 127
139 6
92 79
113 58
179 175
179 62
174 170
141 123
150 122
139 5
131 128
178 175
135 5
35 32
93 72
119 60
168 146
136 6
161 158
112 51
141 126
70 44
75 40
143 139
171 15
177 8
116 93
67 37
67 63
166 160
95 90
145 141
169 147
149 122
116 65
120 58
170 13
133 127
146 118
29 13
118 100
23 19
172 64
62 55
32 25
59 3
182 38
123 119
90 82
28 14
111 90
65 55
144 140
159 141
38 35
139 64
10 7
69 44
168 148
108 50
171 33
92 73
111 93
167 164
174 30
114 111
100 95
168 71
111 91
135 4
168 147
62 52
65 54
75 43
136 5
28 19
38 34
166 161
152 144
145 126
119 115
175 71
82 79
56 53
9 5
167 14
53 50
141 137
40 37
168 143
28 15
44 40
60 54
169 160
138 135
167 16
75 70
149 146
159 152
126 122
172 67
39 35
177 173
83 79
170 33
168 160
27 20
142 126
113 109
120 4
116 112
72 69
100 96
102 95
22 18
154 151
177 7
33 29
20 15
174 15
173 10
36 32
180 177
94 73
120 60
60 3
36 20
156 140
168 164
114 100
30 13
127 124
99 95
61 7
35 25
129 125
169 142
139 10
107 82
79 73
169 141
113 110
116 113
120 116
19 16
143 64
34 30
125 121
100 97
76 73
88 84
175 171
65 62
111 105
107 92
39 36
94 72
179 44
174 12
168 165
113 54
143 122
159 156
127 123
115 112
30 12
172 168
150 142
89 84
61 6
176 63
129 126
97 87
70 67
46 43
70 66
148 145
152 149
116 60
181 178
91 76
24 21
24 20
106 79
54 51
36 33
171 19
142 125
91 79
163 159
143 68
111 108
32 19
179 66
112 47
174 37
69 66
115 111
119 68
176 61
175 37
110 103
171 16
84 80
79 76
54 50
180 176
170 160
147 143
156 141
51 48
175 36
180 7
63 7
173 7
72 68
156 133
76 43
171 71
22 19
46 42
170 167
175 172
28 25
174 14
33 30
168 163
166 16
83 80
59 56
139 123
177 34
101 97
43 40
32 20
162 152
179 67
89 86
166 18
36 15
69 65
159 144
139 135
152 148
85 80
171 165
110 105
171 167
175 66
165 19
148 144
91 73
23 20
173 169
177 63
173 14
164 147
159 153
107 91
64 7
118 95
61 55
112 65
117 113
124 121
153 126
150 125
60 4
77 43
51 44
178 174
66 62
121 118
142 123
28 21
108 105
112 108
158 154
77 73
114 104
111 102
96 89
92 69
181 177
19 15
91 82
77 74
58 55
176 7
102 91
37 34
73 69
117 114
32 14
146 122
175 67
47 44
142 122
62 51
106 82
32 29
153 142
172 143
111 106
29 15
118 115
75 46
65 51
66 63
167 163
182 178
169 159
6 2
74 40
70 37
178 38
65 60
146 68
5 2
64 61
173 143
150 129
176 66
89 83
128 124
111 104
153 149
33 19
119 64
65 61
175 33
50 47
120 117
112 109
174 33
71 67
176 172
173 12
146 142
109 50
143 123
114 102
172 169
144 141
179 70
30 15
138 5
137 130
102 97
32 23
61 5
51 47
34 31
137 10
96 90
173 170
176 173
123 120
30 14
138 4
94 84
93 65
82 73
64 60
108 47
128 125
162 148
111 107
123 4
36 23
163 152
124 120
108 104
91 84
158 155
28 20
153 129
125 122
114 93
102 89
146 143
114 103
121 117
153 144
170 16
110 104
153 141
151 148
106 83
172 68
167 13
138 133
87 83
59 55
153 150
143 140
98 88
177 10
156 137
122 118
36 25
112 93
136 7
107 76
163 144
179 63
138 123
171 14
122 119
93 73
106 90
152 145
139 4
168 144
29 16
21 18
33 12
69 51
112 50
113 57
130 126
75 69
69 40
153 130
140 10
29 20
140 137
139 7
167 18
130 138
16 28
44 66
53 57
133 137
48 52
148 163
127 131
138 141
143 169
171 174
79 84
81 106
74 78
83 90
96 99
140 159
64 68
41 182
154 159
31 35
139 142
54 116
174 177
126 150
40 70
39 74
21 25
37 41
126 138
75 92
148 164
42 45
89 97
19 36
34 178
69 93
54 112
49 53
38 41
70 175
84 87
54 57
49 52
52 56
93 115
176 179
89 94
144 160
76 82
36 40
58 117
67 176
65 68
90 97
64 67
69 112
12 170
17 28
163 166
91 95
47 107
20 25
16 165
2 59
127 138
68 71
119 142
63 180
51 66
126 133
162 166
47 92
45 48
15 170
160 167
145 153
136 140
55 116
69 76
14 170
48 62
12 177
89 95
138 142
43 74
36 70
33 37
12 140
163 169
47 69
28 32
47 75
103 111
16 20
73 84
2 61
90 94
53 109
140 173
88 96
114 118
34 174
78 85
122 145
92 112
12 169
34 175
160 163
168 171
83 91
64 176
134 137
145 150
91 94
41 179
54 109
148 153
68 93
17 20
29 174
91 106
37 178
44 75
27 32
40 77
95 115
145 149
54 58
4 59
130 156
8 180
90 102
15 32
58 116
41 45
88 97
155 159
15 165
144 169
95 114
52 55
136 139
123 126
55 60
78 84
145 151
134 138
116 119
6 9
15 167
92 106
17 21
147 163
27 31
73 78
41 44
44 48
19 167
125 145
37 179
33 178
179 182
119 143
15 33
92 111
10 136
142 145
12 171
122 141
92 108
18 165
119 146
61 180
140 169
14 29
144 147
70 74
6 10
71 172
72 92
110 114
84 90
76 92
14 33
9 136
21 26
56 62
130 133
51 55
95 111
70 172
127 130
6 139
79 92
58 113
175 179
62 179
170 174
123 141
122 150
5 139
128 131
175 178
5 135
32 35
72 93
60 119
146 168
6 136
158 161
51 112
126 141
44 70
40 75
139 143
15 171
8 177
93 116
37 67
63 67
160 166
90 95
141 145
147 169
122 149
65 116
58 120
13 170
127 133
118 146
13 29
100 118
19 23
64 172
55 62
25 32
3 59
38 182
119 123
82 90
14 28
90 111
55 65
140 144
141 159
35 38
64 139
7 10
44 69
148 168
50 108
33 171
73 92
93 111
164 167
30 174
111 114
95 100
71 168
91 111
4 135
147 168
52 62
54 65
43 75
5 136
19 28
34 38
161 166
144 152
126 145
115 119
71 175
79 82
53 56
5 9
14 167
50 53
137 141
37 40
143 168
15 28
40 44
54 60
160 169
135 138
16 167
70 75
146 149
152 159
122 126
67 172
35 39
173 177
79 83
33 170
160 168
20 27
126 142
109 113
4 120
112 116
69 72
96 100
95 102
18 22
151 154
7 177
29 33
15 20
15 174
10 173
32 36
177 180
73 94
60 120
3 60
20 36
140 156
164 168
100 114
13 30
124 127
95 99
7 61
25 35
125 129
142 169
10 139
82 107
73 79
141 169
110 113
113 116
116 120
16 19
64 143
30 34
121 125
97 100
73 76
84 88
171 175
62 65
105 111
92 107
36 39
72 94
44 179
12 174
165 168
54 113
122 143
156 159
123 127
112 115
12 30
168 172
142 150
84 89
6 61
63 176
126 129
87 97
67 70
43 46
66 70
145 148
149 152
60 116
178 181
76 91
21 24
20 24
79 106
51 54
33 36
19 171
125 142
79 91
159 163
68 143
108 111
19 32
66 179
47 112
37 174
66 69
111 115
68 119
61 176
37 175
103 110
16 171
80 84
76 79
50 54
176 180
160 170
143 147
141 156
48 51
36 175
7 180
7 63
7 173
68 72
133 156
43 76
71 171
19 22
42 46
167 170
172 175
25 28
14 174
30 33
163 168
16 166
80 83
56 59
123 139
34 177
97 101
40 43
20 32
152 162
67 179
86 89
18 166
15 36
65 69
144 159
135 139
148 152
80 85
165 171
105 110
167 171
66 175
19 165
144 148
73 91
20 23
169 173
63 177
14 173
147 164
153 159
91 107
7 64
95 118
55 61
65 112
113 117
121 124
126 153
125 150
4 60
43 77
44 51
174 178
62 66
118 121
123 142
21 28
105 108
108 112
154 158
73 77
104 114
102 111
89 96
69 92
177 181
15 19
82 91
74 77
55 58
7 176
91 102
34 37
69 73
114 117
14 32
122 146
67 175
44 47
122 142
51 62
82 106
29 32
142 153
143 172
106 111
15 29
115 118
46 75
51 65
63 66
163 167
178 182
159 169
2 6
40 74
37 70
38 178
60 65
68 146
2 5
61 64
143 173
129 150
66 176
83 89
124 128
104 111
149 153
19 33
64 119
61 65
33 175
47 50
117 120
109 112
33 174
67 71
172 176
12 173
142 146
50 109
123 143
102 114
169 172
141 144
70 179
15 30
5 138
130 137
97 102
23 32
5 61
47 51
31 34
10 137
90 96
170 173
173 176
120 123
14 30
4 138
84 94
65 93
73 82
60 64
47 108
125 128
148 162
107 111
4 123
23 36
152 163
120 124
104 108
84 91
155 158
20 28
129 153
122 125
93 114
89 102
143 146
103 114
117 121
144 153
16 170
104 110
141 153
148 151
83 106
68 172
13 167
133 138
83 87
55 59
150 153
140 143
88 98
10 177
137 156
118 122
25 36
93 112
7 136
76 107
144 163
63 179
123 138
14 171
119 122
73 93
90 106
145 152
4 139
144 168
16 29
18 21
12 33
51 69
50 112
57 113
126 130
69 75
40 69
130 153
10 140
20 29
137 140
7 139
18 167
