52 11
63 14
65 53
91 85
124 13
58 55
62 13
114 13
115 96
90 39
122 15
97 76
79 40
59 36
84 54
23 19
93 20
124 112
124 114
36 19
93 36
91 37
129 5
68 8
122 116
126 10
66 10
36 21
92 82
114 15
69 50
95 92
66 8
57 19
125 79
122 114
42 11
117 81
81 40
67 42
85 21
83 38
40 11
95 80
52 40
59 19
107 104
99 76
42 9
83 21
81 17
90 84
123 79
37 21
85 37
69 9
126 12
60 16
70 6
36 20
25 19
17 14
113 109
69 44
90 87
95 78
128 8
11 52
14 63
53 65
85 91
13 124
55 58
13 62
13 114
96 115
39 90
15 122
76 97
40 79
36 59
54 84
19 23
20 93
112 124
114 124
19 36
36 93
37 91
5 129
8 68
116 122
10 126
10 66
21 36
82 92
15 114
50 69
92 95
8 66
19 57
79 125
114 122
11 42
81 117
40 81
42 67
21 85
38 83
11 40
80 95
40 52
19 59
104 107
76 99
9 42
21 83
17 81
84 90
79 123
21 37
37 85
9 69
12 126
16 60
6 70
20 36
19 25
14 17
109 113
44 69
87 90
78 95
8 128
