79 41
23 20
111 107
112 109
23 19
91 85
111 108
62 13
90 84
122 114
122 15
66 8
126 10
68 8
79 40
112 108
22 19
80 41
78 42
24 21
97 77
66 10
122 116
124 13
107 104
91 84
81 40
81 41
36 21
58 55
109 106
79 42
110 107
92 82
80 42
123 114
36 19
128 7
77 42
78 43
65 53
97 76
124 114
124 112
128 8
108 105
62 14
90 87
83 37
46 43
67 8
68 9
66 9
127 10
113 109
80 40
109 105
21 18
90 83
129 6
96 78
63 14
30 27
126 11
127 7
67 10
97 78
41 79
20 23
107 111
109 112
19 23
85 91
108 111
13 62
84 90
114 122
15 122
8 66
10 126
8 68
40 79
108 112
19 22
41 80
42 78
21 24
77 97
10 66
116 122
13 124
104 107
84 91
40 81
41 81
21 36
55 58
106 109
42 79
107 110
82 92
42 80
114 123
19 36
7 128
42 77
43 78
53 65
76 97
114 124
112 124
8 128
105 108
14 62
87 90
37 83
43 46
8 67
9 68
9 66
10 127
109 113
40 80
105 109
18 21
83 90
6 129
78 96
14 63
27 30
11 126
7 127
10 67
78 97
