79 41
23 20
111 107
112 109
23 19
91 85
111 108
62 13
90 84
122 114
122 15
66 8
126 10
68 8
79 40
112 108
22 19
80 41
78 42
24 21
97 77
66 10
122 116
124 13
107 104
91 84
81 40
81 41
36 21
58 55
109 106
79 42
110 107
92 82
80 42
123 114
36 19
128 7
77 42
78 43
65 53
97 76
124 114
124 112
128 8
108 105
62 14
90 87
83 37
46 43
67 8
68 9
66 9
127 10
113 109
80 40
109 105
21 18
90 83
129 6
96 78
63 14
30 27
126 11
127 7
67 10
97 78
90 85
126 9
110 106
95 78
34 31
127 9
129 5
82 40
92 83
114 13
63 13
59 36
91 88
49 46
102 99
84 54
24 20
48 45
83 38
104 101
113 110
37 21
91 83
115 96
28 25
127 8
108 104
29 26
79 43
106 103
64 10
98 76
28 24
36 20
35 32
124 115
89 84
107 103
129 7
17 14
30 26
91 37
25 21
83 39
124 113
103 100
50 47
89 86
88 85
116 113
128 9
47 44
125 10
91 82
75 72
65 10
129 126
101 98
95 92
99 76
27 24
67 9
77 43
69 8
83 21
77 44
93 20
67 50
41 79
20 23
107 111
109 112
19 23
85 91
108 111
13 62
84 90
114 122
15 122
8 66
10 126
8 68
40 79
108 112
19 22
41 80
42 78
21 24
77 97
10 66
116 122
13 124
104 107
84 91
40 81
41 81
21 36
55 58
106 109
42 79
107 110
82 92
42 80
114 123
19 36
7 128
42 77
43 78
53 65
76 97
114 124
112 124
8 128
105 108
14 62
87 90
37 83
43 46
8 67
9 68
9 66
10 127
109 113
40 80
105 109
18 21
83 90
6 129
78 96
14 63
27 30
11 126
7 127
10 67
78 97
85 90
9 126
106 110
78 95
31 34
9 127
5 129
40 82
83 92
13 114
13 63
36 59
88 91
46 49
99 102
54 84
20 24
45 48
38 83
101 104
110 113
21 37
83 91
96 115
25 28
8 127
104 108
26 29
43 79
103 106
10 64
76 98
24 28
20 36
32 35
115 124
84 89
103 107
7 129
14 17
26 30
37 91
21 25
39 83
113 124
100 103
47 50
86 89
85 88
113 116
9 128
44 47
10 125
82 91
72 75
10 65
126 129
98 101
92 95
76 99
24 27
9 67
43 77
8 69
21 83
44 77
20 93
50 67
