114 13
91 85
62 13
79 40
65 53
68 8
115 96
97 76
124 13
52 11
84 54
124 112
66 8
80 41
63 14
90 84
126 10
124 114
122 114
129 5
36 21
81 40
122 116
59 36
58 55
23 19
23 20
122 15
79 41
66 10
83 21
128 8
111 107
79 42
77 42
95 78
93 36
92 82
36 19
90 39
85 21
93 20
112 109
129 6
112 108
36 20
111 108
128 7
91 37
91 83
80 40
78 43
22 19
69 50
110 107
83 37
64 10
97 78
97 77
67 42
67 50
127 9
83 38
127 7
107 104
123 114
99 76
24 20
78 42
95 80
37 21
90 85
114 15
113 109
58 36
95 92
117 81
28 24
90 83
57 19
24 21
70 6
107 103
108 105
57 23
52 40
91 88
69 9
42 9
109 106
66 9
125 79
96 78
59 19
123 79
21 18
65 10
30 27
109 105
62 14
90 87
129 7
49 46
110 106
91 82
126 9
116 113
91 84
77 44
126 12
52 42
34 31
40 11
85 37
89 84
98 76
60 16
17 14
90 82
46 43
28 25
67 8
69 44
77 43
124 113
102 99
81 17
122 115
68 7
113 110
81 41
106 103
25 19
81 14
42 11
102 98
26 23
108 104
82 41
92 83
88 85
127 8
89 85
67 9
90 37
68 6
80 42
30 26
125 10
84 21
127 10
124 115
63 12
81 39
27 24
68 9
125 11
129 125
50 47
67 10
29 26
63 13
104 101
22 18
37 20
38 17
101 98
90 86
83 23
89 86
36 18
120 18
25 22
25 21
76 73
61 14
103 100
128 125
128 124
95 79
48 43
123 13
48 45
84 56
123 115
24 19
29 25
73 70
79 43
124 12
125 115
129 8
21 17
98 77
129 126
88 84
82 40
35 32
59 37
80 43
128 9
49 45
