52 11
63 14
65 53
91 85
124 13
58 55
62 13
114 13
115 96
90 39
122 15
97 76
79 40
59 36
84 54
23 19
93 20
124 112
124 114
36 19
93 36
91 37
129 5
68 8
122 116
126 10
66 10
36 21
92 82
114 15
69 50
95 92
66 8
57 19
125 79
122 114
42 11
117 81
81 40
67 42
85 21
83 38
40 11
95 80
52 40
59 19
107 104
99 76
42 9
83 21
81 17
90 84
123 79
37 21
85 37
69 9
126 12
60 16
70 6
36 20
25 19
17 14
113 109
69 44
90 87
95 78
128 8
81 14
28 24
83 37
57 23
77 42
78 43
67 50
80 41
120 18
64 10
83 23
97 78
112 108
77 44
48 43
29 26
113 102
38 17
33 30
93 59
120 20
127 7
91 21
31 28
52 42
116 113
58 36
91 88
125 115
93 14
117 40
33 27
109 105
107 103
79 42
34 31
93 18
73 70
123 40
130 8
127 103
54 39
36 18
92 80
128 108
104 101
70 47
128 124
83 36
71 5
80 43
83 63
102 99
54 51
101 74
91 83
49 46
30 27
82 41
32 29
127 9
33 28
34 26
84 51
38 21
64 12
32 27
31 27
