52 11
63 14
65 53
91 85
124 13
58 55
62 13
114 13
115 96
90 39
122 15
97 76
79 40
59 36
84 54
23 19
93 20
124 112
124 114
36 19
93 36
91 37
129 5
68 8
122 116
126 10
66 10
36 21
92 82
114 15
69 50
95 92
66 8
57 19
125 79
122 114
42 11
117 81
81 40
67 42
85 21
83 38
40 11
95 80
52 40
59 19
107 104
99 76
42 9
83 21
81 17
90 84
123 79
37 21
85 37
69 9
126 12
60 16
70 6
36 20
25 19
17 14
113 109
69 44
90 87
95 78
128 8
81 14
28 24
83 37
57 23
77 42
78 43
67 50
80 41
120 18
64 10
83 23
97 78
112 108
77 44
48 43
29 26
113 102
38 17
33 30
93 59
120 20
127 7
91 21
31 28
52 42
116 113
58 36
91 88
125 115
93 14
117 40
33 27
109 105
107 103
79 42
34 31
93 18
73 70
123 40
130 8
127 103
54 39
36 18
92 80
128 108
104 101
70 47
128 124
83 36
71 5
80 43
83 63
102 99
54 51
101 74
91 83
49 46
30 27
82 41
32 29
127 9
33 28
34 26
84 51
38 21
64 12
32 27
31 27
84 56
48 41
84 39
106 99
31 26
116 15
47 41
56 51
125 11
46 43
69 42
57 25
36 23
109 103
67 48
110 106
14 7
94 17
36 25
80 51
88 84
24 19
124 97
105 72
24 21
126 13
61 58
33 29
34 30
34 29
34 28
123 96
22 9
127 119
71 65
124 15
61 38
22 19
102 70
25 5
88 39
30 26
98 94
32 26
20 17
59 37
89 51
109 90
109 104
65 55
127 98
113 76
33 26
107 82
93 17
102 6
58 23
90 37
80 44
78 48
75 51
90 86
55 20
108 63
93 39
109 106
55 36
11 52
14 63
53 65
85 91
13 124
55 58
13 62
13 114
96 115
39 90
15 122
76 97
40 79
36 59
54 84
19 23
20 93
112 124
114 124
19 36
36 93
37 91
5 129
8 68
116 122
10 126
10 66
21 36
82 92
15 114
50 69
92 95
8 66
19 57
79 125
114 122
11 42
81 117
40 81
42 67
21 85
38 83
11 40
80 95
40 52
19 59
104 107
76 99
9 42
21 83
17 81
84 90
79 123
21 37
37 85
9 69
12 126
16 60
6 70
20 36
19 25
14 17
109 113
44 69
87 90
78 95
8 128
14 81
24 28
37 83
23 57
42 77
43 78
50 67
41 80
18 120
10 64
23 83
78 97
108 112
44 77
43 48
26 29
102 113
17 38
30 33
59 93
20 120
7 127
21 91
28 31
42 52
113 116
36 58
88 91
115 125
14 93
40 117
27 33
105 109
103 107
42 79
31 34
18 93
70 73
40 123
8 130
103 127
39 54
18 36
80 92
108 128
101 104
47 70
124 128
36 83
5 71
43 80
63 83
99 102
51 54
74 101
83 91
46 49
27 30
41 82
29 32
9 127
28 33
26 34
51 84
21 38
12 64
27 32
27 31
56 84
41 48
39 84
99 106
26 31
15 116
41 47
51 56
11 125
43 46
42 69
25 57
23 36
103 109
48 67
106 110
7 14
17 94
25 36
51 80
84 88
19 24
97 124
72 105
21 24
13 126
58 61
29 33
30 34
29 34
28 34
96 123
9 22
119 127
65 71
15 124
38 61
19 22
70 102
5 25
39 88
26 30
94 98
26 32
17 20
37 59
51 89
90 109
104 109
55 65
98 127
76 113
26 33
82 107
17 93
6 102
23 58
37 90
44 80
48 78
51 75
86 90
20 55
63 108
39 93
106 109
36 55
