126 10
92 20
64 12
93 17
115 79
103 99
117 14
94 80
74 71
69 49
124 115
59 19
82 40
118 95
129 6
97 79
58 35
129 100
52 40
105 101
34 24
125 115
125 112
54 38
55 37
129 108
123 96
63 12
51 39
108 105
57 36
73 2
98 77
68 6
117 79
123 117
100 71
122 115
90 85
57 35
71 3
24 19
81 38
67 9
75 45
92 80
77 43
48 43
125 9
99 76
123 11
17 14
61 36
63 53
60 13
121 117
93 81
66 11
49 43
120 17
130 8
84 54
31 28
129 103
79 43
121 17
122 15
127 111
82 38
65 52
82 51
91 83
83 37
54 37
93 19
80 40
132 5
63 11
125 12
123 114
83 20
63 39
125 11
103 100
51 42
129 110
127 112
94 18
76 44
121 16
121 14
128 8
51 48
63 14
126 112
97 77
65 10
96 78
117 81
98 79
50 42
117 95
51 40
25 22
23 20
59 38
59 36
126 9
84 38
102 99
81 41
79 41
23 19
131 5
66 9
61 55
91 22
95 80
108 104
36 19
67 7
7 3
59 16
69 6
42 9
60 14
76 45
81 40
128 9
38 14
64 13
129 7
71 6
88 85
127 98
108 103
126 12
115 98
82 39
93 80
123 40
95 92
80 43
121 18
127 110
94 81
128 7
79 40
56 37
66 10
34 19
47 43
131 4
70 6
54 39
98 78
100 2
61 58
63 13
49 42
120 18
61 14
131 3
89 85
96 79
84 37
25 21
50 41
125 113
117 94
130 6
127 77
36 23
125 10
129 3
83 36
68 8
124 14
93 83
104 3
81 14
120 117
52 39
44 7
100 74
120 94
105 102
34 23
71 5
127 7
60 17
49 44
48 41
122 116
130 5
121 94
78 44
127 8
74 4
125 111
100 75
123 12
128 109
91 85
52 11
93 18
67 8
62 13
130 109
100 76
70 5
81 39
99 77
93 38
104 101
59 33
95 78
77 44
90 83
81 17
65 53
78 43
74 3
90 84
64 10
125 79
58 38
91 23
129 104
128 111
77 7
122 117
52 42
74 45
100 3
131 6
93 36
70 7
127 103
91 82
24 20
67 10
123 81
111 108
124 12
57 37
58 55
74 44
122 16
97 78
100 77
126 111
129 5
90 39
59 17
69 44
38 17
102 98
68 7
92 82
78 41
122 14
121 15
71 44
71 4
103 98
93 23
73 4
95 79
75 2
40 14
92 81
62 55
127 10
121 116
63 55
129 8
71 7
61 13
32 28
61 39
63 52
115 96
83 19
69 7
80 41
120 16
119 94
83 23
84 39
53 39
47 44
118 96
62 12
67 50
104 100
118 94
66 8
64 11
65 11
123 13
116 96
48 42
59 18
128 110
90 82
93 82
61 17
132 3
99 75
83 38
132 4
79 11
95 81
73 3
58 36
124 114
40 11
111 103
127 9
77 42
46 43
122 114
93 20
63 40
97 76
78 42
129 109
123 115
42 11
36 17
98 76
82 41
60 15
77 9
123 79
72 4
117 17
91 20
117 96
123 14
60 16
67 42
124 113
103 3
55 39
24 21
67 11
59 35
55 38
79 42
126 110
61 38
72 5
94 17
51 41
67 49
119 18
74 2
124 13
10 126
20 92
12 64
17 93
79 115
99 103
14 117
80 94
71 74
49 69
115 124
19 59
40 82
95 118
6 129
79 97
35 58
100 129
40 52
101 105
24 34
115 125
112 125
38 54
37 55
108 129
96 123
12 63
39 51
105 108
36 57
2 73
77 98
6 68
79 117
117 123
71 100
115 122
85 90
35 57
3 71
19 24
38 81
9 67
45 75
80 92
43 77
43 48
9 125
76 99
11 123
14 17
36 61
53 63
13 60
117 121
81 93
11 66
43 49
17 120
8 130
54 84
28 31
103 129
43 79
17 121
15 122
111 127
38 82
52 65
51 82
83 91
37 83
37 54
19 93
40 80
5 132
11 63
12 125
114 123
20 83
39 63
11 125
100 103
42 51
110 129
112 127
18 94
44 76
16 121
14 121
8 128
48 51
14 63
112 126
77 97
10 65
78 96
81 117
79 98
42 50
95 117
40 51
22 25
20 23
38 59
36 59
9 126
38 84
99 102
41 81
41 79
19 23
5 131
9 66
55 61
22 91
80 95
104 108
19 36
7 67
3 7
16 59
6 69
9 42
14 60
45 76
40 81
9 128
14 38
13 64
7 129
6 71
85 88
98 127
103 108
12 126
98 115
39 82
80 93
40 123
92 95
43 80
18 121
110 127
81 94
7 128
40 79
37 56
10 66
19 34
43 47
4 131
6 70
39 54
78 98
2 100
58 61
13 63
42 49
18 120
14 61
3 131
85 89
79 96
37 84
21 25
41 50
113 125
94 117
6 130
77 127
23 36
10 125
3 129
36 83
8 68
14 124
83 93
3 104
14 81
117 120
39 52
7 44
74 100
94 120
102 105
23 34
5 71
7 127
17 60
44 49
41 48
116 122
5 130
94 121
44 78
8 127
4 74
111 125
75 100
12 123
109 128
85 91
11 52
18 93
8 67
13 62
109 130
76 100
5 70
39 81
77 99
38 93
101 104
33 59
78 95
44 77
83 90
17 81
53 65
43 78
3 74
84 90
10 64
79 125
38 58
23 91
104 129
111 128
7 77
117 122
42 52
45 74
3 100
6 131
36 93
7 70
103 127
82 91
20 24
10 67
81 123
108 111
12 124
37 57
55 58
44 74
16 122
78 97
77 100
111 126
5 129
39 90
17 59
44 69
17 38
98 102
7 68
82 92
41 78
14 122
15 121
44 71
4 71
98 103
23 93
4 73
79 95
2 75
14 40
81 92
55 62
10 127
116 121
55 63
8 129
7 71
13 61
28 32
39 61
52 63
96 115
19 83
7 69
41 80
16 120
94 119
23 83
39 84
39 53
44 47
96 118
12 62
50 67
100 104
94 118
8 66
11 64
11 65
13 123
96 116
42 48
18 59
110 128
82 90
82 93
17 61
3 132
75 99
38 83
4 132
11 79
81 95
3 73
36 58
114 124
11 40
103 111
9 127
42 77
43 46
114 122
20 93
40 63
76 97
42 78
109 129
115 123
11 42
17 36
76 98
41 82
15 60
9 77
79 123
4 72
17 117
20 91
96 117
14 123
16 60
42 67
113 124
3 103
39 55
21 24
11 67
35 59
38 55
42 79
110 126
38 61
5 72
17 94
41 51
49 67
18 119
2 74
13 124
