35 31
86 59
32 28
41 31
69 30
10 7
84 59
63 35
16 12
77 62
99 12
61 11
58 21
92 63
10 6
53 50
88 61
85 74
87 70
80 76
89 5
93 65
87 5
96 34
94 90
98 94
40 21
45 27
88 11
59 14
41 28
94 8
14 10
63 36
88 8
89 7
22 11
73 44
50 46
63 22
101 92
30 27
60 21
55 21
58 55
61 20
63 39
79 75
93 66
98 9
65 30
67 64
76 48
73 25
82 56
13 10
87 74
95 36
98 8
86 6
70 64
87 71
92 34
69 66
69 27
69 64
88 63
62 23
78 74
61 14
87 67
17 13
68 65
60 54
72 68
62 25
95 88
41 35
75 71
17 14
94 88
102 37
74 62
20 14
61 22
20 11
78 3
85 62
39 31
78 4
50 42
86 4
80 51
71 5
103 34
76 44
16 13
39 35
14 6
101 96
96 92
11 6
77 60
72 44
73 47
15 11
66 30
71 68
95 37
84 4
13 9
59 20
39 22
92 26
90 8
91 70
85 78
65 33
33 29
50 47
70 25
46 43
36 11
69 65
32 29
96 93
18 14
61 6
15 12
36 22
22 15
86 14
87 65
97 93
94 91
69 26
30 26
12 8
82 77
99 95
75 72
14 11
58 19
59 19
63 31
76 51
70 66
60 55
99 8
79 76
91 88
83 78
92 36
46 28
101 34
49 46
39 36
39 34
70 67
82 55
77 47
78 75
31 35
59 86
28 32
31 41
30 69
7 10
59 84
35 63
12 16
62 77
12 99
11 61
21 58
63 92
6 10
50 53
61 88
74 85
70 87
76 80
5 89
65 93
5 87
34 96
90 94
94 98
21 40
27 45
11 88
14 59
28 41
8 94
10 14
36 63
8 88
7 89
11 22
44 73
46 50
22 63
92 101
27 30
21 60
21 55
55 58
20 61
39 63
75 79
66 93
9 98
30 65
64 67
48 76
25 73
56 82
10 13
74 87
36 95
8 98
6 86
64 70
71 87
34 92
66 69
27 69
64 69
63 88
23 62
74 78
14 61
67 87
13 17
65 68
54 60
68 72
25 62
88 95
35 41
71 75
14 17
88 94
37 102
62 74
14 20
22 61
11 20
3 78
62 85
31 39
4 78
42 50
4 86
51 80
5 71
34 103
44 76
13 16
35 39
6 14
96 101
92 96
6 11
60 77
44 72
47 73
11 15
30 66
68 71
37 95
4 84
9 13
20 59
22 39
26 92
8 90
70 91
78 85
33 65
29 33
47 50
25 70
43 46
11 36
65 69
29 32
93 96
14 18
6 61
12 15
22 36
15 22
14 86
65 87
93 97
91 94
26 69
26 30
8 12
77 82
95 99
72 75
11 14
19 58
19 59
31 63
51 76
66 70
55 60
8 99
76 79
88 91
78 83
36 92
28 46
34 101
46 49
36 39
34 39
67 70
55 82
47 77
75 78
