13 10
15 11
14 11
16 12
14 10
16 13
15 12
12 9
10 7
11 8
17 14
96 93
79 76
13 9
78 75
79 75
98 94
80 76
12 8
10 6
97 94
96 92
17 13
30 27
41 31
95 92
94 8
80 77
98 95
78 74
59 14
32 28
97 93
84 59
71 68
94 91
60 21
32 29
40 21
70 67
69 30
11 7
50 46
31 28
87 5
85 74
75 72
89 7
35 31
99 12
86 59
76 73
77 74
95 91
94 90
89 5
92 63
73 70
33 30
61 11
98 8
58 21
77 62
61 22
74 71
87 70
50 47
101 92
77 73
88 61
41 28
88 8
63 35
62 23
96 34
53 50
69 66
73 44
75 71
45 27
87 6
72 69
99 96
33 29
49 46
82 56
72 68
48 45
86 6
99 95
93 65
88 11
76 48
81 78
55 21
51 48
59 21
73 25
34 31
59 20
61 20
39 35
63 36
11 6
81 77
92 34
67 64
22 11
