35 31
86 59
32 28
41 31
69 30
10 7
84 59
63 35
16 12
77 62
99 12
61 11
58 21
92 63
10 6
53 50
88 61
85 74
87 70
80 76
89 5
93 65
87 5
96 34
94 90
98 94
40 21
45 27
88 11
59 14
41 28
94 8
14 10
63 36
88 8
89 7
22 11
73 44
50 46
63 22
101 92
30 27
60 21
55 21
58 55
61 20
63 39
79 75
93 66
98 9
65 30
67 64
76 48
73 25
31 35
59 86
28 32
31 41
30 69
7 10
59 84
35 63
12 16
62 77
12 99
11 61
21 58
63 92
6 10
50 53
61 88
74 85
70 87
76 80
5 89
65 93
5 87
34 96
90 94
94 98
21 40
27 45
11 88
14 59
28 41
8 94
10 14
36 63
8 88
7 89
11 22
44 73
46 50
22 63
92 101
27 30
21 60
21 55
55 58
20 61
39 63
75 79
66 93
9 98
30 65
64 67
48 76
25 73
