35 31
86 59
32 28
41 31
69 30
10 7
84 59
63 35
16 12
77 62
99 12
61 11
58 21
92 63
10 6
53 50
88 61
85 74
87 70
80 76
89 5
93 65
87 5
96 34
94 90
98 94
40 21
45 27
88 11
59 14
41 28
94 8
14 10
63 36
88 8
89 7
22 11
73 44
50 46
63 22
101 92
30 27
60 21
55 21
58 55
61 20
63 39
79 75
93 66
98 9
65 30
67 64
76 48
73 25
82 56
13 10
87 74
95 36
98 8
86 6
70 64
87 71
92 34
69 66
69 27
69 64
88 63
62 23
78 74
61 14
87 67
17 13
68 65
60 54
72 68
62 25
95 88
41 35
75 71
17 14
94 88
102 37
74 62
20 14
61 22
20 11
78 3
85 62
39 31
78 4
50 42
86 4
80 51
71 5
103 34
76 44
16 13
39 35
14 6
101 96
96 92
11 6
77 60
72 44
73 47
15 11
66 30
71 68
