85 78
35 31
88 63
81 78
102 37
95 36
100 96
61 21
39 22
94 8
51 48
90 66
78 75
11 7
83 57
82 59
39 23
91 65
87 4
61 11
87 61
92 65
83 56
92 63
64 25
80 76
15 12
86 60
50 42
11 8
20 15
55 52
54 50
41 31
74 70
31 28
60 21
84 78
87 74
81 77
70 63
19 14
104 35
86 74
83 78
61 23
76 72
75 3
39 36
59 20
12 9
94 89
69 64
31 26
96 92
89 7
87 63
94 91
59 19
85 60
59 21
79 76
32 28
96 93
41 24
19 15
60 23
54 51
85 61
84 57
99 96
18 14
40 24
63 24
87 71
88 62
30 27
88 67
10 7
53 50
80 77
89 8
69 65
82 78
89 67
88 6
105 34
82 79
50 46
71 67
72 69
92 66
47 44
90 8
88 5
105 35
83 59
104 34
89 68
88 64
88 70
39 24
75 2
102 36
85 75
63 25
32 29
47 43
63 26
33 30
84 58
103 100
87 5
98 8
35 30
104 37
95 90
14 11
82 58
103 36
82 57
103 37
91 67
87 6
22 15
13 9
77 73
30 26
88 61
34 31
41 28
42 25
102 99
18 15
17 14
48 45
85 77
85 62
83 58
41 25
50 47
42 23
10 6
87 62
74 3
85 4
21 18
91 88
79 75
31 24
62 23
95 92
72 68
51 47
63 22
15 11
86 5
87 70
94 90
70 62
97 93
11 6
74 71
88 11
52 49
75 71
58 20
20 17
70 64
78 2
46 43
46 41
85 2
16 12
58 54
87 67
103 35
89 6
47 42
100 95
86 61
64 26
103 99
98 95
84 3
74 62
74 61
49 46
103 96
68 65
70 25
94 66
89 66
67 64
69 66
55 51
82 55
97 94
85 59
92 64
60 22
93 66
73 70
16 13
82 77
53 49
85 74
66 63
75 72
62 24
73 62
96 36
40 23
103 34
45 42
20 14
68 64
42 24
82 56
33 29
88 8
90 67
46 42
88 7
62 22
90 65
21 15
95 8
91 64
71 68
70 67
105 31
99 95
91 63
67 63
62 25
43 25
65 26
89 5
17 13
100 97
78 74
102 96
87 3
12 8
58 21
63 23
91 68
56 51
39 35
35 24
85 82
86 4
84 60
52 48
86 59
86 3
31 27
38 22
64 24
61 20
92 35
73 69
90 7
77 74
81 56
14 10
40 22
105 32
19 16
35 32
41 26
58 55
104 36
105 33
48 44
76 73
86 62
89 63
34 30
93 65
71 5
98 94
98 9
92 36
39 21
41 23
91 66
86 6
85 3
60 20
93 90
95 91
78 3
61 22
84 59
13 10
78 85
31 35
63 88
78 81
37 102
36 95
96 100
21 61
22 39
8 94
48 51
66 90
75 78
7 11
57 83
59 82
23 39
65 91
4 87
11 61
61 87
65 92
56 83
63 92
25 64
76 80
12 15
60 86
42 50
8 11
15 20
52 55
50 54
31 41
70 74
28 31
21 60
78 84
74 87
77 81
63 70
14 19
35 104
74 86
78 83
23 61
72 76
3 75
36 39
20 59
9 12
89 94
64 69
26 31
92 96
7 89
63 87
91 94
19 59
60 85
21 59
76 79
28 32
93 96
24 41
15 19
23 60
51 54
61 85
57 84
96 99
14 18
24 40
24 63
71 87
62 88
27 30
67 88
7 10
50 53
77 80
8 89
65 69
78 82
67 89
6 88
34 105
79 82
46 50
67 71
69 72
66 92
44 47
8 90
5 88
35 105
59 83
34 104
68 89
64 88
70 88
24 39
2 75
36 102
75 85
25 63
29 32
43 47
26 63
30 33
58 84
100 103
5 87
8 98
30 35
37 104
90 95
11 14
58 82
36 103
57 82
37 103
67 91
6 87
15 22
9 13
73 77
26 30
61 88
31 34
28 41
25 42
99 102
15 18
14 17
45 48
77 85
62 85
58 83
25 41
47 50
23 42
6 10
62 87
3 74
4 85
18 21
88 91
75 79
24 31
23 62
92 95
68 72
47 51
22 63
11 15
5 86
70 87
90 94
62 70
93 97
6 11
71 74
11 88
49 52
71 75
20 58
17 20
64 70
2 78
43 46
41 46
2 85
12 16
54 58
67 87
35 103
6 89
42 47
95 100
61 86
26 64
99 103
95 98
3 84
62 74
61 74
46 49
96 103
65 68
25 70
66 94
66 89
64 67
66 69
51 55
55 82
94 97
59 85
64 92
22 60
66 93
70 73
13 16
77 82
49 53
74 85
63 66
72 75
24 62
62 73
36 96
23 40
34 103
42 45
14 20
64 68
24 42
56 82
29 33
8 88
67 90
42 46
7 88
22 62
65 90
15 21
8 95
64 91
68 71
67 70
31 105
95 99
63 91
63 67
25 62
25 43
26 65
5 89
13 17
97 100
74 78
96 102
3 87
8 12
21 58
23 63
68 91
51 56
35 39
24 35
82 85
4 86
60 84
48 52
59 86
3 86
27 31
22 38
24 64
20 61
35 92
69 73
7 90
74 77
56 81
10 14
22 40
32 105
16 19
32 35
26 41
55 58
36 104
33 105
44 48
73 76
62 86
63 89
30 34
65 93
5 71
94 98
9 98
36 92
21 39
23 41
66 91
6 86
3 85
20 60
90 93
91 95
3 78
22 61
59 84
10 13
