13 10
15 11
14 11
16 12
14 10
16 13
15 12
12 9
10 7
11 8
17 14
96 93
79 76
13 9
78 75
79 75
98 94
80 76
12 8
10 6
97 94
96 92
17 13
30 27
41 31
95 92
94 8
80 77
98 95
78 74
59 14
32 28
97 93
84 59
71 68
94 91
60 21
32 29
40 21
70 67
69 30
11 7
50 46
31 28
87 5
85 74
75 72
89 7
35 31
99 12
86 59
76 73
77 74
95 91
94 90
89 5
92 63
73 70
33 30
61 11
98 8
58 21
77 62
61 22
74 71
87 70
50 47
101 92
77 73
88 61
41 28
88 8
63 35
62 23
96 34
53 50
69 66
73 44
75 71
45 27
87 6
72 69
99 96
33 29
49 46
82 56
72 68
48 45
86 6
99 95
93 65
88 11
76 48
81 78
55 21
51 48
59 21
73 25
34 31
59 20
61 20
39 35
63 36
11 6
81 77
92 34
67 64
22 11
31 27
98 9
73 69
63 22
88 6
76 72
18 14
58 55
18 15
30 26
63 39
20 11
61 21
61 23
95 36
86 4
94 88
49 45
69 27
71 67
62 25
70 66
87 74
68 65
34 30
39 36
93 66
70 64
74 70
72 44
86 60
47 44
86 61
74 62
77 60
86 5
39 31
87 71
69 65
87 67
80 51
89 6
46 43
102 37
92 64
78 3
61 14
65 30
69 64
95 88
88 63
103 34
50 42
55 52
10 13
11 15
11 14
12 16
10 14
13 16
12 15
9 12
7 10
8 11
14 17
93 96
76 79
9 13
75 78
75 79
94 98
76 80
8 12
6 10
94 97
92 96
13 17
27 30
31 41
92 95
8 94
77 80
95 98
74 78
14 59
28 32
93 97
59 84
68 71
91 94
21 60
29 32
21 40
67 70
30 69
7 11
46 50
28 31
5 87
74 85
72 75
7 89
31 35
12 99
59 86
73 76
74 77
91 95
90 94
5 89
63 92
70 73
30 33
11 61
8 98
21 58
62 77
22 61
71 74
70 87
47 50
92 101
73 77
61 88
28 41
8 88
35 63
23 62
34 96
50 53
66 69
44 73
71 75
27 45
6 87
69 72
96 99
29 33
46 49
56 82
68 72
45 48
6 86
95 99
65 93
11 88
48 76
78 81
21 55
48 51
21 59
25 73
31 34
20 59
20 61
35 39
36 63
6 11
77 81
34 92
64 67
11 22
27 31
9 98
69 73
22 63
6 88
72 76
14 18
55 58
15 18
26 30
39 63
11 20
21 61
23 61
36 95
4 86
88 94
45 49
27 69
67 71
25 62
66 70
74 87
65 68
30 34
36 39
66 93
64 70
70 74
44 72
60 86
44 47
61 86
62 74
60 77
5 86
31 39
71 87
65 69
67 87
51 80
6 89
43 46
37 102
64 92
3 78
14 61
30 65
64 69
88 95
63 88
34 103
42 50
52 55
