15 11
13 10
14 10
16 12
14 11
15 12
16 13
12 9
13 9
17 14
10 7
11 8
80 77
12 8
79 76
17 13
80 76
97 94
78 75
79 75
98 94
77 74
96 92
11 7
96 93
30 27
97 93
98 95
31 28
71 68
70 67
48 45
10 6
78 74
77 73
95 92
53 50
94 91
33 30
88 7
32 28
69 66
49 46
62 22
76 73
87 5
32 29
73 70
60 21
50 47
75 72
99 96
81 78
18 14
11 15
10 13
10 14
12 16
11 14
12 15
13 16
9 12
9 13
14 17
7 10
8 11
77 80
8 12
76 79
13 17
76 80
94 97
75 78
75 79
94 98
74 77
92 96
7 11
93 96
27 30
93 97
95 98
28 31
68 71
67 70
45 48
6 10
74 78
73 77
92 95
50 53
91 94
30 33
7 88
28 32
66 69
46 49
22 62
73 76
5 87
29 32
70 73
21 60
47 50
72 75
96 99
78 81
14 18
