14 11
16 13
28 25
15 11
15 12
40 37
17 14
16 12
14 10
13 9
12 9
13 10
17 13
9 5
39 36
9 6
27 24
41 38
40 36
8 5
10 7
27 23
25 22
30 27
26 23
29 26
18 14
11 8
29 25
41 37
10 6
41 8
45 36
30 26
30 14
11 7
28 24
12 8
44 39
33 7
42 39
44 40
44 36
18 15
29 17
26 22
29 14
42 12
43 39
26 14
11 14
13 16
25 28
11 15
12 15
37 40
14 17
12 16
10 14
9 13
9 12
10 13
13 17
5 9
36 39
6 9
24 27
38 41
36 40
5 8
7 10
23 27
22 25
27 30
23 26
26 29
14 18
8 11
25 29
37 41
6 10
8 41
36 45
26 30
14 30
7 11
24 28
8 12
39 44
7 33
39 42
40 44
36 44
15 18
17 29
22 26
14 29
12 42
39 43
14 26
