30 7
40 36
29 10
25 14
36 23
37 34
45 8
42 11
46 43
41 11
39 20
15 11
33 30
30 26
44 40
38 30
26 22
14 11
35 27
38 34
17 14
26 15
10 6
20 15
33 27
26 14
12 9
42 12
29 26
26 18
13 10
42 38
42 26
41 33
38 27
26 11
9 5
18 14
16 12
30 10
27 23
28 25
38 23
11 7
34 27
43 40
26 20
15 12
8 4
22 18
29 25
47 44
37 33
23 20
45 11
41 38
7 4
28 24
39 23
39 35
30 27
26 23
12 8
35 26
38 35
43 39
17 13
30 14
10 7
8 5
42 20
22 19
46 42
9 6
11 8
35 23
45 12
45 41
39 26
26 19
13 9
33 7
18 15
16 13
29 14
30 11
42 15
38 26
41 8
42 39
41 7
27 24
25 22
39 36
38 33
40 37
19 15
8 3
7 3
38 11
41 37
35 24
19 16
41 3
25 18
47 43
45 42
44 41
37 27
14 10
7 30
36 40
10 29
14 25
23 36
34 37
8 45
11 42
43 46
11 41
20 39
11 15
30 33
26 30
40 44
30 38
22 26
11 14
27 35
34 38
14 17
15 26
6 10
15 20
27 33
14 26
9 12
12 42
26 29
18 26
10 13
38 42
26 42
33 41
27 38
11 26
5 9
14 18
12 16
10 30
23 27
25 28
23 38
7 11
27 34
40 43
20 26
12 15
4 8
18 22
25 29
44 47
33 37
20 23
11 45
38 41
4 7
24 28
23 39
35 39
27 30
23 26
8 12
26 35
35 38
39 43
13 17
14 30
7 10
5 8
20 42
19 22
42 46
6 9
8 11
23 35
12 45
41 45
26 39
19 26
9 13
7 33
15 18
13 16
14 29
11 30
15 42
26 38
8 41
39 42
7 41
24 27
22 25
36 39
33 38
37 40
15 19
3 8
3 7
11 38
37 41
24 35
16 19
3 41
18 25
43 47
42 45
41 44
27 37
10 14
