40 37
30 14
41 8
9 5
42 12
38 11
13 9
29 17
33 7
45 36
44 39
40 36
12 9
26 14
25 22
28 25
39 36
44 36
11 3
29 14
30 10
25 18
14 10
44 40
36 3
17 13
36 2
13 10
29 25
16 12
30 27
47 43
43 24
34 27
27 24
45 40
30 26
35 3
29 18
34 11
45 35
17 14
16 13
10 7
28 20
43 39
10 6
40 3
45 3
25 5
37 40
14 30
8 41
5 9
12 42
11 38
9 13
17 29
7 33
36 45
39 44
36 40
9 12
14 26
22 25
25 28
36 39
36 44
3 11
14 29
10 30
18 25
10 14
40 44
3 36
13 17
2 36
10 13
25 29
12 16
27 30
43 47
24 43
27 34
24 27
40 45
26 30
3 35
18 29
11 34
35 45
14 17
13 16
7 10
20 28
39 43
6 10
3 40
3 45
5 25
