14 11
16 13
28 25
15 11
15 12
40 37
17 14
16 12
14 10
13 9
12 9
13 10
17 13
9 5
39 36
9 6
27 24
41 38
40 36
8 5
10 7
27 23
25 22
30 27
26 23
29 26
18 14
11 8
29 25
41 37
10 6
41 8
45 36
30 26
30 14
11 7
28 24
12 8
44 39
33 7
42 39
44 40
44 36
18 15
29 17
26 22
29 14
42 12
43 39
26 14
11 3
43 40
7 4
25 18
36 2
30 10
38 11
42 38
19 16
45 40
19 15
7 3
36 3
8 4
35 3
47 43
39 35
31 27
45 41
25 21
6 3
37 34
45 35
44 41
38 35
11 14
13 16
25 28
11 15
12 15
37 40
14 17
12 16
10 14
9 13
9 12
10 13
13 17
5 9
36 39
6 9
24 27
38 41
36 40
5 8
7 10
23 27
22 25
27 30
23 26
26 29
14 18
8 11
25 29
37 41
6 10
8 41
36 45
26 30
14 30
7 11
24 28
8 12
39 44
7 33
39 42
40 44
36 44
15 18
17 29
22 26
14 29
12 42
39 43
14 26
3 11
40 43
4 7
18 25
2 36
10 30
11 38
38 42
16 19
40 45
15 19
3 7
3 36
4 8
3 35
43 47
35 39
27 31
41 45
21 25
3 6
34 37
35 45
41 44
35 38
