115 94
80 76
103 71
131 36
82 71
124 19
13 7
130 40
118 100
121 22
126 65
98 94
106 65
80 73
116 107
45 9
48 44
91 41
125 64
51 47
48 45
68 38
89 41
128 15
54 51
125 65
88 43
118 104
131 11
25 16
57 52
106 67
104 22
59 56
130 14
25 22
124 20
26 23
122 21
28 25
123 21
36 29
131 5
113 108
116 105
85 81
116 68
71 22
67 25
89 42
103 73
107 50
51 48
81 69
11 8
130 8
30 27
117 92
80 71
117 93
116 92
39 8
85 40
119 102
126 66
50 39
130 12
61 15
102 72
28 24
82 38
38 22
123 119
98 92
32 29
90 87
120 101
114 51
31 27
105 79
125 20
86 81
131 14
103 74
117 106
50 47
115 108
49 46
105 70
126 15
125 22
53 14
112 57
69 26
12 6
83 37
130 38
118 99
29 25
50 46
123 120
123 104
125 106
46 41
62 54
130 39
131 29
31 28
37 29
83 40
90 41
70 41
60 56
43 9
67 22
87 78
61 55
127 25
129 29
131 12
100 96
112 55
126 16
113 54
128 66
117 98
40 37
69 37
76 72
62 15
127 28
82 26
113 51
12 2
55 52
83 69
54 15
121 103
127 29
37 26
60 17
12 8
81 70
63 17
113 47
112 51
84 40
38 29
126 62
114 111
62 17
78 72
89 46
131 13
127 16
125 66
84 81
129 14
109 66
36 32
13 5
61 54
113 62
80 70
33 30
117 99
68 40
126 17
67 38
36 31
130 29
106 68
53 6
117 108
83 39
127 20
52 48
55 51
101 97
91 47
82 40
123 106
129 38
53 50
125 119
128 39
125 25
105 68
129 32
115 110
87 81
77 72
46 9
83 35
109 65
66 15
111 93
130 36
119 105
127 66
121 71
68 41
49 13
131 33
56 53
109 63
121 104
122 22
66 62
106 66
120 102
99 92
119 104
99 96
62 56
128 50
130 83
46 42
79 70
79 72
67 20
119 22
119 106
99 95
117 97
126 18
121 102
50 41
116 70
116 108
128 16
49 45
129 37
99 93
108 65
113 109
36 33
70 40
29 26
47 43
87 80
127 67
119 65
76 73
130 37
118 101
82 70
107 68
127 68
26 22
36 30
131 32
89 47
83 38
69 39
28 16
107 65
118 103
47 41
82 69
88 42
129 28
53 49
107 54
110 93
112 109
113 66
107 62
128 67
81 37
130 11
98 95
108 98
125 19
115 93
91 44
47 44
50 13
117 105
37 30
128 38
54 50
104 71
121 21
104 72
49 8
25 21
38 25
52 49
79 71
109 64
61 17
56 52
85 42
118 105
39 13
128 13
89 44
126 63
114 108
113 55
129 16
103 72
68 39
116 106
14 4
127 15
107 66
49 6
113 50
114 91
46 43
13 6
100 97
126 67
125 67
14 6
129 13
105 69
61 56
115 111
69 40
46 8
116 93
130 13
27 23
13 8
104 67
27 24
61 53
24 20
62 55
53 15
108 93
35 30
42 9
25 20
84 80
109 62
89 43
105 92
128 54
107 67
14 5
12 7
120 104
53 13
5 2
80 72
88 85
12 5
38 26
105 71
28 20
79 76
30 26
128 107
117 65
24 21
128 68
115 91
129 36
66 54
124 21
128 14
81 40
128 53
115 107
126 19
98 93
113 107
105 67
115 98
69 38
67 26
123 22
131 35
87 79
119 101
116 91
121 23
50 8
11 7
129 39
82 37
118 98
39 14
114 47
126 64
115 92
104 70
111 108
118 102
127 38
128 62
