121 104
37 26
105 70
127 28
81 70
117 106
82 22
48 44
130 11
117 102
24 20
24 21
125 106
116 47
49 8
130 46
76 72
87 70
50 41
37 30
28 20
47 41
125 119
127 20
32 14
105 79
46 43
68 39
96 92
127 25
32 28
118 97
131 2
83 40
30 26
127 16
118 96
77 72
116 91
39 13
95 92
82 40
88 42
103 76
27 24
46 42
102 97
66 15
119 67
119 106
90 87
103 72
91 47
50 39
130 40
117 108
115 93
130 42
103 98
51 47
38 25
118 102
71 22
131 5
73 23
118 79
127 38
104 121
26 37
70 105
28 127
70 81
106 117
22 82
44 48
11 130
102 117
20 24
21 24
106 125
47 116
8 49
46 130
72 76
70 87
41 50
30 37
20 28
41 47
119 125
20 127
14 32
79 105
43 46
39 68
92 96
25 127
28 32
97 118
2 131
40 83
26 30
16 127
96 118
72 77
91 116
13 39
92 95
40 82
42 88
76 103
24 27
42 46
97 102
15 66
67 119
106 119
87 90
72 103
47 91
39 50
40 130
108 117
93 115
42 130
98 103
47 51
25 38
102 118
22 71
5 131
23 73
79 118
38 127
