121 104
37 26
105 70
127 28
81 70
117 106
82 22
48 44
130 11
117 102
24 20
24 21
125 106
116 47
49 8
130 46
76 72
87 70
50 41
37 30
28 20
47 41
125 119
127 20
32 14
105 79
46 43
68 39
96 92
127 25
32 28
118 97
131 2
83 40
30 26
127 16
118 96
77 72
116 91
39 13
95 92
82 40
88 42
103 76
27 24
46 42
102 97
66 15
119 67
119 106
90 87
103 72
91 47
50 39
130 40
117 108
115 93
130 42
103 98
51 47
38 25
118 102
71 22
131 5
73 23
118 79
127 38
53 6
116 89
130 39
32 5
79 72
107 68
114 51
46 13
130 13
131 36
116 68
31 27
31 28
83 42
53 15
105 92
36 5
40 37
45 8
5 2
46 11
123 120
82 26
25 20
124 21
89 47
123 119
115 91
67 22
115 108
11 8
51 48
102 95
129 121
126 66
74 52
46 40
116 90
118 95
118 98
53 49
78 72
129 29
28 18
116 81
128 15
49 13
46 41
107 104
14 4
124 24
28 16
126 15
128 50
87 40
32 16
83 69
81 69
119 65
86 80
27 23
80 74
114 107
52 48
126 19
6 3
14 5
106 67
85 81
54 15
130 36
10 7
85 42
25 16
30 27
92 79
117 95
80 73
116 41
107 66
125 65
102 98
118 92
13 8
117 98
76 73
130 82
129 104
26 22
87 79
128 66
106 102
104 29
91 44
128 49
79 22
116 92
111 108
28 24
26 23
108 93
102 96
128 54
106 65
105 68
36 33
36 14
107 54
35 31
122 65
43 40
57 54
40 25
124 18
122 56
65 61
75 72
94 19
111 57
92 72
66 54
8 5
130 37
114 47
98 95
68 47
48 45
29 25
77 74
41 37
89 44
123 110
120 102
126 16
