30 26
30 27
31 28
50 47
46 43
51 48
27 24
25 22
31 27
48 44
47 44
50 46
24 21
32 28
49 46
52 49
76 72
29 26
76 73
26 23
51 47
25 21
5 2
24 20
28 25
26 22
29 25
48 45
6 3
130 11
52 48
81 70
75 72
46 42
102 97
77 74
27 23
10 7
95 92
117 106
11 8
117 107
28 24
105 70
32 29
53 50
79 72
77 73
123 120
47 43
9 6
116 91
49 45
115 108
103 98
78 75
77 72
102 98
53 49
37 26
119 106
57 54
46 41
35 32
74 71
116 108
25 20
47 41
127 16
40 37
102 99
96 92
8 5
101 98
33 30
56 53
117 108
68 39
118 102
121 104
58 55
118 106
118 96
47 42
36 33
123 119
115 93
118 97
7 4
117 102
33 29
81 69
126 15
113 110
37 30
131 36
28 20
78 72
107 104
6 2
87 70
112 109
96 93
130 12
115 107
80 72
127 28
116 92
90 87
12 8
116 93
127 20
118 98
107 67
64 61
107 68
81 71
78 74
83 42
117 95
101 97
54 51
75 71
100 97
79 73
130 13
97 94
125 119
55 52
11 7
7 3
10 6
111 108
57 53
23 20
65 62
106 68
80 70
126 16
83 40
62 59
131 2
130 46
125 106
78 73
12 9
116 107
98 95
116 47
117 96
124 121
114 107
116 106
82 22
94 91
45 42
60 57
115 92
129 13
79 71
58 54
38 26
59 56
119 105
68 40
35 31
50 41
88 42
32 14
107 66
82 40
63 60
106 67
126 19
117 97
116 94
82 70
39 13
113 109
115 91
128 13
105 68
38 25
126 20
82 69
103 72
80 73
106 103
125 19
102 96
131 12
118 95
92 89
34 31
130 40
71 68
49 8
128 15
41 38
131 11
103 100
26 30
27 30
28 31
47 50
43 46
48 51
24 27
22 25
27 31
44 48
44 47
46 50
21 24
28 32
46 49
49 52
72 76
26 29
73 76
23 26
47 51
21 25
2 5
20 24
25 28
22 26
25 29
45 48
3 6
11 130
48 52
70 81
72 75
42 46
97 102
74 77
23 27
7 10
92 95
106 117
8 11
107 117
24 28
70 105
29 32
50 53
72 79
73 77
120 123
43 47
6 9
91 116
45 49
108 115
98 103
75 78
72 77
98 102
49 53
26 37
106 119
54 57
41 46
32 35
71 74
108 116
20 25
41 47
16 127
37 40
99 102
92 96
5 8
98 101
30 33
53 56
108 117
39 68
102 118
104 121
55 58
106 118
96 118
42 47
33 36
119 123
93 115
97 118
4 7
102 117
29 33
69 81
15 126
110 113
30 37
36 131
20 28
72 78
104 107
2 6
70 87
109 112
93 96
12 130
107 115
72 80
28 127
92 116
87 90
8 12
93 116
20 127
98 118
67 107
61 64
68 107
71 81
74 78
42 83
95 117
97 101
51 54
71 75
97 100
73 79
13 130
94 97
119 125
52 55
7 11
3 7
6 10
108 111
53 57
20 23
62 65
68 106
70 80
16 126
40 83
59 62
2 131
46 130
106 125
73 78
9 12
107 116
95 98
47 116
96 117
121 124
107 114
106 116
22 82
91 94
42 45
57 60
92 115
13 129
71 79
54 58
26 38
56 59
105 119
40 68
31 35
41 50
42 88
14 32
66 107
40 82
60 63
67 106
19 126
97 117
94 116
70 82
13 39
109 113
91 115
13 128
68 105
25 38
20 126
69 82
72 103
73 80
103 106
19 125
96 102
12 131
95 118
89 92
31 34
40 130
68 71
8 49
15 128
38 41
11 131
100 103
