30 26
30 27
31 28
50 47
46 43
51 48
27 24
25 22
31 27
48 44
47 44
50 46
24 21
32 28
49 46
52 49
76 72
29 26
76 73
26 23
51 47
25 21
5 2
24 20
28 25
26 22
29 25
48 45
6 3
130 11
52 48
81 70
75 72
46 42
102 97
77 74
27 23
10 7
95 92
117 106
11 8
117 107
28 24
105 70
32 29
53 50
79 72
77 73
123 120
47 43
9 6
116 91
49 45
115 108
103 98
78 75
77 72
102 98
53 49
37 26
119 106
57 54
46 41
35 32
74 71
116 108
25 20
26 30
27 30
28 31
47 50
43 46
48 51
24 27
22 25
27 31
44 48
44 47
46 50
21 24
28 32
46 49
49 52
72 76
26 29
73 76
23 26
47 51
21 25
2 5
20 24
25 28
22 26
25 29
45 48
3 6
11 130
48 52
70 81
72 75
42 46
97 102
74 77
23 27
7 10
92 95
106 117
8 11
107 117
24 28
70 105
29 32
50 53
72 79
73 77
120 123
43 47
6 9
91 116
45 49
108 115
98 103
75 78
72 77
98 102
49 53
26 37
106 119
54 57
41 46
32 35
71 74
108 116
20 25
