30 26
30 27
31 28
50 47
46 43
51 48
27 24
25 22
31 27
48 44
47 44
50 46
24 21
32 28
49 46
52 49
76 72
29 26
76 73
26 23
51 47
25 21
5 2
24 20
28 25
26 22
29 25
48 45
6 3
130 11
52 48
81 70
75 72
46 42
102 97
77 74
27 23
10 7
95 92
117 106
11 8
117 107
28 24
105 70
32 29
53 50
79 72
77 73
123 120
47 43
9 6
116 91
49 45
115 108
103 98
78 75
77 72
102 98
53 49
37 26
119 106
57 54
46 41
35 32
74 71
116 108
25 20
47 41
127 16
40 37
102 99
96 92
8 5
101 98
33 30
56 53
117 108
68 39
118 102
121 104
58 55
118 106
118 96
47 42
36 33
123 119
115 93
118 97
7 4
117 102
33 29
81 69
126 15
113 110
37 30
131 36
28 20
78 72
107 104
6 2
87 70
112 109
96 93
130 12
115 107
80 72
127 28
116 92
90 87
12 8
116 93
127 20
118 98
107 67
64 61
107 68
81 71
78 74
83 42
117 95
101 97
54 51
75 71
100 97
79 73
130 13
97 94
125 119
55 52
11 7
7 3
10 6
111 108
57 53
26 30
27 30
28 31
47 50
43 46
48 51
24 27
22 25
27 31
44 48
44 47
46 50
21 24
28 32
46 49
49 52
72 76
26 29
73 76
23 26
47 51
21 25
2 5
20 24
25 28
22 26
25 29
45 48
3 6
11 130
48 52
70 81
72 75
42 46
97 102
74 77
23 27
7 10
92 95
106 117
8 11
107 117
24 28
70 105
29 32
50 53
72 79
73 77
120 123
43 47
6 9
91 116
45 49
108 115
98 103
75 78
72 77
98 102
49 53
26 37
106 119
54 57
41 46
32 35
71 74
108 116
20 25
41 47
16 127
37 40
99 102
92 96
5 8
98 101
30 33
53 56
108 117
39 68
102 118
104 121
55 58
106 118
96 118
42 47
33 36
119 123
93 115
97 118
4 7
102 117
29 33
69 81
15 126
110 113
30 37
36 131
20 28
72 78
104 107
2 6
70 87
109 112
93 96
12 130
107 115
72 80
28 127
92 116
87 90
8 12
93 116
20 127
98 118
67 107
61 64
68 107
71 81
74 78
42 83
95 117
97 101
51 54
71 75
97 100
73 79
13 130
94 97
119 125
52 55
7 11
3 7
6 10
108 111
53 57
