121 104
37 26
105 70
127 28
81 70
117 106
82 22
48 44
130 11
117 102
24 20
24 21
125 106
116 47
49 8
130 46
76 72
87 70
50 41
37 30
28 20
47 41
125 119
127 20
32 14
105 79
46 43
68 39
96 92
127 25
32 28
118 97
131 2
83 40
30 26
127 16
118 96
77 72
116 91
39 13
95 92
82 40
88 42
103 76
27 24
46 42
102 97
66 15
119 67
119 106
90 87
103 72
91 47
50 39
130 40
117 108
115 93
130 42
103 98
51 47
38 25
118 102
71 22
131 5
73 23
118 79
127 38
53 6
116 89
130 39
32 5
79 72
107 68
114 51
46 13
130 13
131 36
116 68
31 27
31 28
83 42
53 15
105 92
36 5
40 37
45 8
5 2
46 11
123 120
82 26
25 20
124 21
89 47
123 119
115 91
67 22
115 108
11 8
51 48
102 95
129 121
126 66
74 52
46 40
116 90
118 95
118 98
53 49
78 72
129 29
28 18
116 81
128 15
49 13
46 41
107 104
14 4
124 24
28 16
126 15
128 50
87 40
32 16
83 69
81 69
119 65
86 80
27 23
80 74
114 107
52 48
126 19
6 3
14 5
104 121
26 37
70 105
28 127
70 81
106 117
22 82
44 48
11 130
102 117
20 24
21 24
106 125
47 116
8 49
46 130
72 76
70 87
41 50
30 37
20 28
41 47
119 125
20 127
14 32
79 105
43 46
39 68
92 96
25 127
28 32
97 118
2 131
40 83
26 30
16 127
96 118
72 77
91 116
13 39
92 95
40 82
42 88
76 103
24 27
42 46
97 102
15 66
67 119
106 119
87 90
72 103
47 91
39 50
40 130
108 117
93 115
42 130
98 103
47 51
25 38
102 118
22 71
5 131
23 73
79 118
38 127
6 53
89 116
39 130
5 32
72 79
68 107
51 114
13 46
13 130
36 131
68 116
27 31
28 31
42 83
15 53
92 105
5 36
37 40
8 45
2 5
11 46
120 123
26 82
20 25
21 124
47 89
119 123
91 115
22 67
108 115
8 11
48 51
95 102
121 129
66 126
52 74
40 46
90 116
95 118
98 118
49 53
72 78
29 129
18 28
81 116
15 128
13 49
41 46
104 107
4 14
24 124
16 28
15 126
50 128
40 87
16 32
69 83
69 81
65 119
80 86
23 27
74 80
107 114
48 52
19 126
3 6
5 14
