124 91
156 137
167 127
201 198
122 111
198 176
154 136
129 77
232 209
46 22
93 51
141 126
230 71
141 128
182 165
193 144
127 90
194 179
165 161
211 73
207 204
178 123
170 70
148 111
193 180
199 171
52 7
169 71
149 111
225 213
151 143
188 157
151 141
166 72
90 71
206 57
151 126
104 101
129 126
197 178
204 59
10 5
205 61
211 50
125 83
152 146
145 124
139 135
63 60
132 88
103 100
227 26
213 90
180 125
225 77
134 106
227 50
75 69
227 153
86 51
192 63
96 55
179 71
67 56
199 180
231 7
149 145
208 98
205 96
97 87
203 173
175 172
140 137
227 92
214 48
48 34
198 171
223 129
52 5
101 67
169 67
165 90
166 74
207 94
228 31
49 20
227 33
193 16
95 58
123 101
191 168
201 18
151 128
224 32
50 31
200 112
228 164
192 144
195 144
209 145
214 125
31 10
87 79
124 110
188 145
148 144
195 177
64 60
120 116
108 104
114 111
223 214
176 96
192 91
191 170
216 88
233 176
183 180
153 122
91 124
137 156
127 167
198 201
111 122
176 198
136 154
77 129
209 232
22 46
51 93
126 141
71 230
128 141
165 182
144 193
90 127
179 194
161 165
73 211
204 207
123 178
70 170
111 148
180 193
171 199
7 52
71 169
111 149
213 225
143 151
157 188
141 151
72 166
71 90
57 206
126 151
101 104
126 129
178 197
59 204
5 10
61 205
50 211
83 125
146 152
124 145
135 139
60 63
88 132
100 103
26 227
90 213
125 180
77 225
106 134
50 227
69 75
153 227
51 86
63 192
55 96
71 179
56 67
180 199
7 231
145 149
98 208
96 205
87 97
173 203
172 175
137 140
92 227
48 214
34 48
171 198
129 223
5 52
67 101
67 169
90 165
74 166
94 207
31 228
20 49
33 227
16 193
58 95
101 123
168 191
18 201
128 151
32 224
31 50
112 200
164 228
144 192
144 195
145 209
125 214
10 31
79 87
110 124
145 188
144 148
177 195
60 64
116 120
104 108
111 114
214 223
96 176
91 192
170 191
88 216
176 233
180 183
122 153
