124 91
167 127
201 198
148 145
141 126
156 137
198 176
129 77
122 111
182 165
207 204
230 71
104 101
154 136
169 71
168 72
63 60
232 209
141 128
194 179
193 144
166 72
170 70
193 180
93 51
46 22
168 71
149 111
129 126
167 73
225 213
148 111
151 143
152 146
147 144
166 74
127 90
103 100
151 141
148 144
110 107
182 179
105 102
151 126
165 161
140 137
167 72
139 135
151 145
199 171
211 50
183 180
146 143
10 5
182 178
52 7
168 70
180 176
197 178
149 146
215 212
90 71
175 172
149 145
213 210
164 161
211 73
193 179
188 185
206 57
169 70
108 105
166 73
230 211
150 145
139 136
178 123
13 10
145 124
120 117
10 7
180 177
188 157
230 210
192 180
213 90
34 31
181 178
203 173
169 72
15 12
197 176
170 71
64 60
109 106
6 3
204 59
205 96
55 52
184 181
21 18
205 61
120 116
216 88
134 106
195 178
111 107
73 69
198 171
166 163
227 50
141 127
75 69
229 226
108 104
165 74
63 59
114 111
207 203
22 19
64 61
230 227
227 26
149 110
87 79
106 103
85 82
111 108
207 94
201 197
107 104
142 126
140 136
95 58
183 166
151 144
96 55
138 135
192 181
16 13
8 5
71 68
124 110
187 184
199 180
214 211
189 186
179 176
122 110
197 59
215 211
143 126
202 199
10 6
225 77
23 19
129 125
67 56
105 88
49 20
186 183
97 87
151 146
165 162
12 9
230 212
192 144
151 128
195 177
150 146
207 58
156 138
224 32
105 87
183 165
147 143
231 7
121 118
118 115
73 70
208 98
122 112
206 58
143 128
221 217
132 88
125 83
170 68
11 8
149 106
194 180
21 16
110 106
133 106
123 101
9 6
127 75
194 177
168 73
52 5
50 31
223 129
112 109
220 41
183 179
26 23
67 55
109 105
179 71
233 230
35 32
227 33
141 129
71 67
105 101
176 173
65 62
193 181
126 89
191 181
70 67
158 83
28 25
23 20
212 209
194 178
53 18
193 177
62 59
127 73
191 168
223 214
16 12
230 209
14 11
164 74
119 116
178 175
185 182
