124 91
156 137
167 127
201 198
122 111
198 176
154 136
129 77
232 209
46 22
93 51
141 126
230 71
141 128
182 165
193 144
127 90
194 179
165 161
211 73
207 204
178 123
170 70
148 111
193 180
199 171
52 7
169 71
149 111
225 213
151 143
188 157
151 141
166 72
90 71
206 57
151 126
104 101
129 126
197 178
204 59
10 5
205 61
211 50
125 83
152 146
145 124
139 135
63 60
132 88
103 100
227 26
213 90
180 125
225 77
134 106
227 50
75 69
227 153
86 51
192 63
96 55
179 71
67 56
199 180
231 7
149 145
208 98
205 96
97 87
203 173
175 172
140 137
227 92
214 48
48 34
198 171
223 129
52 5
101 67
169 67
165 90
166 74
207 94
228 31
49 20
227 33
193 16
95 58
123 101
191 168
201 18
151 128
224 32
50 31
200 112
228 164
192 144
195 144
209 145
214 125
31 10
87 79
124 110
188 145
148 144
195 177
64 60
120 116
108 104
114 111
223 214
176 96
192 91
191 170
216 88
233 176
183 180
153 122
149 106
173 45
144 23
188 168
94 54
129 68
160 83
18 8
197 59
118 65
207 203
214 87
23 19
223 107
186 152
35 22
121 96
178 53
141 135
213 112
168 72
105 83
203 177
169 16
21 16
205 114
127 71
53 18
124 48
226 49
200 191
139 136
159 140
143 128
220 41
106 88
173 62
164 152
197 58
191 181
29 2
55 17
16 12
227 213
216 210
35 19
140 34
10 7
207 58
177 123
149 134
105 87
158 83
73 69
111 8
193 163
182 178
55 52
110 107
34 31
231 212
147 52
180 176
169 78
156 8
135 126
202 129
130 23
128 109
235 188
186 90
105 88
159 135
226 32
197 115
25 19
140 112
151 145
168 70
127 73
53 20
184 165
169 18
183 168
203 123
111 5
123 94
145 128
147 5
226 88
230 211
52 23
230 210
147 141
172 68
173 96
225 76
88 34
111 96
161 28
194 162
89 48
201 91
140 19
168 90
227 169
225 56
147 120
138 87
129 125
212 49
225 21
157 45
147 128
94 48
111 107
146 143
159 2
193 56
221 217
233 183
221 215
106 74
193 182
163 148
161 61
170 25
203 101
141 89
202 190
50 33
76 22
212 91
196 93
135 100
229 212
46 24
230 212
149 122
182 79
90 79
29 24
165 49
226 223
174 71
216 120
71 67
202 146
145 131
185 165
149 110
182 101
133 106
187 60
141 109
145 85
222 217
122 112
163 117
214 208
224 36
212 58
68 55
66 6
145 142
215 25
222 87
232 225
127 52
209 134
25 11
149 105
142 40
100 97
127 75
225 90
62 40
112 107
233 71
168 140
193 23
227 115
42 13
200 59
227 90
99 93
99 51
130 87
229 83
141 129
198 67
173 68
201 197
67 59
221 85
233 87
123 98
226 180
167 73
173 118
194 62
173 170
195 169
201 94
156 138
143 126
206 61
124 17
217 106
55 29
103 16
170 110
196 21
138 112
229 49
213 108
164 74
98 26
152 28
108 79
198 153
236 3
149 107
213 178
13 10
227 127
100 62
199 123
213 138
224 202
222 148
182 68
67 55
207 169
198 151
50 44
234 204
173 87
166 51
91 124
137 156
127 167
198 201
111 122
176 198
136 154
77 129
209 232
22 46
51 93
126 141
71 230
128 141
165 182
144 193
90 127
179 194
161 165
73 211
204 207
123 178
70 170
111 148
180 193
171 199
7 52
71 169
111 149
213 225
143 151
157 188
141 151
72 166
71 90
57 206
126 151
101 104
126 129
178 197
59 204
5 10
61 205
50 211
83 125
146 152
124 145
135 139
60 63
88 132
100 103
26 227
90 213
125 180
77 225
106 134
50 227
69 75
153 227
51 86
63 192
55 96
71 179
56 67
180 199
7 231
145 149
98 208
96 205
87 97
173 203
172 175
137 140
92 227
48 214
34 48
171 198
129 223
5 52
67 101
67 169
90 165
74 166
94 207
31 228
20 49
33 227
16 193
58 95
101 123
168 191
18 201
128 151
32 224
31 50
112 200
164 228
144 192
144 195
145 209
125 214
10 31
79 87
110 124
145 188
144 148
177 195
60 64
116 120
104 108
111 114
214 223
96 176
91 192
170 191
88 216
176 233
180 183
122 153
106 149
45 173
23 144
168 188
54 94
68 129
83 160
8 18
59 197
65 118
203 207
87 214
19 23
107 223
152 186
22 35
96 121
53 178
135 141
112 213
72 168
83 105
177 203
16 169
16 21
114 205
71 127
18 53
48 124
49 226
191 200
136 139
140 159
128 143
41 220
88 106
62 173
152 164
58 197
181 191
2 29
17 55
12 16
213 227
210 216
19 35
34 140
7 10
58 207
123 177
134 149
87 105
83 158
69 73
8 111
163 193
178 182
52 55
107 110
31 34
212 231
52 147
176 180
78 169
8 156
126 135
129 202
23 130
109 128
188 235
90 186
88 105
135 159
32 226
115 197
19 25
112 140
145 151
70 168
73 127
20 53
165 184
18 169
168 183
123 203
5 111
94 123
128 145
5 147
88 226
211 230
23 52
210 230
141 147
68 172
96 173
76 225
34 88
96 111
28 161
162 194
48 89
91 201
19 140
90 168
169 227
56 225
120 147
87 138
125 129
49 212
21 225
45 157
128 147
48 94
107 111
143 146
2 159
56 193
217 221
183 233
215 221
74 106
182 193
148 163
61 161
25 170
101 203
89 141
190 202
33 50
22 76
91 212
93 196
100 135
212 229
24 46
212 230
122 149
79 182
79 90
24 29
49 165
223 226
71 174
120 216
67 71
146 202
131 145
165 185
110 149
101 182
106 133
60 187
109 141
85 145
217 222
112 122
117 163
208 214
36 224
58 212
55 68
6 66
142 145
25 215
87 222
225 232
52 127
134 209
11 25
105 149
40 142
97 100
75 127
90 225
40 62
107 112
71 233
140 168
23 193
115 227
13 42
59 200
90 227
93 99
51 99
87 130
83 229
129 141
67 198
68 173
197 201
59 67
85 221
87 233
98 123
180 226
73 167
118 173
62 194
170 173
169 195
94 201
138 156
126 143
61 206
17 124
106 217
29 55
16 103
110 170
21 196
112 138
49 229
108 213
74 164
26 98
28 152
79 108
153 198
3 236
107 149
178 213
10 13
127 227
62 100
123 199
138 213
202 224
148 222
68 182
55 67
169 207
151 198
44 50
204 234
87 173
51 166
