162 76
228 8
40 37
51 19
112 102
42 35
26 10
109 104
211 51
147 120
221 84
195 153
208 94
185 164
106 89
213 90
214 89
226 31
64 60
208 55
170 70
142 128
154 141
214 108
168 70
213 33
227 76
139 128
208 99
215 44
208 52
167 72
234 70
161 79
217 105
236 57
196 175
30 25
227 31
212 108
227 32
206 56
235 69
205 59
219 44
226 76
230 74
214 105
48 22
114 111
207 55
223 215
202 198
234 2
215 89
220 81
182 168
186 164
162 77
229 10
128 91
123 93
202 199
85 81
41 37
154 144
193 154
227 74
149 113
228 74
216 105
226 77
122 94
166 73
228 75
151 144
202 121
150 116
231 71
105 88
208 98
110 107
227 30
97 55
223 79
225 213
225 32
228 10
29 12
232 4
146 123
221 87
134 114
233 70
235 3
221 44
147 122
204 96
66 59
223 44
204 200
207 58
191 182
35 22
182 165
209 92
66 60
236 65
187 184
209 51
214 106
216 46
207 95
164 77
193 181
231 6
40 36
209 94
46 35
203 58
108 104
212 33
236 58
234 68
207 203
124 93
212 49
203 122
214 34
215 43
206 58
215 88
229 74
176 171
153 145
191 181
56 3
196 177
213 91
166 75
179 171
202 123
145 126
231 5
233 5
128 88
222 215
202 146
53 17
114 107
137 131
234 67
109 49
161 78
112 107
28 11
110 103
215 105
108 103
207 96
222 79
29 10
206 96
26 11
229 8
194 180
177 171
140 130
42 37
139 131
188 184
108 90
85 82
169 71
48 21
172 67
222 81
233 4
34 22
203 199
206 55
141 126
221 217
230 9
43 34
49 33
192 180
181 167
226 32
214 47
109 48
223 88
224 77
121 96
152 146
211 91
199 66
190 184
205 200
50 20
236 68
152 144
224 76
168 72
14 11
148 114
50 23
223 86
221 215
47 33
168 71
138 131
190 182
47 22
112 103
142 125
209 55
120 117
224 36
25 12
131 128
218 45
144 123
217 44
212 110
149 115
105 45
49 23
165 74
136 131
141 127
47 23
86 81
163 77
180 167
217 45
229 7
229 73
110 101
190 183
148 122
80 41
120 95
222 216
186 163
208 51
122 96
150 134
141 138
230 71
219 216
234 3
216 106
209 93
101 20
216 87
221 216
164 76
231 7
186 160
195 144
48 33
140 128
221 86
29 11
213 34
51 18
156 141
226 30
122 95
210 94
220 44
203 94
142 126
214 104
23 19
49 22
107 103
228 9
157 140
221 85
230 6
225 76
154 151
42 36
26 12
180 170
206 97
166 72
33 22
41 38
203 123
192 182
156 140
53 15
191 157
167 73
147 118
46 34
150 115
108 91
194 177
149 114
192 155
121 95
151 146
214 109
151 143
199 176
233 3
178 172
49 21
225 34
212 109
213 89
235 68
124 92
107 102
146 124
49 19
135 131
222 45
210 50
106 87
124 91
49 20
29 26
223 78
108 47
126 92
129 89
48 23
215 46
32 26
222 43
143 125
141 128
179 169
208 97
30 26
165 75
151 135
99 96
159 140
52 16
206 57
43 35
216 45
178 169
27 11
224 35
205 60
130 88
157 142
183 165
225 78
223 80
197 177
214 48
222 85
147 121
213 48
203 96
170 71
149 111
200 58
53 16
188 185
149 145
207 57
29 25
225 75
129 88
64 61
228 73
210 52
127 89
143 127
155 141
147 119
151 148
105 87
148 117
194 179
55 52
209 95
214 33
143 128
235 2
99 95
213 88
128 89
42 34
227 75
200 66
220 43
130 85
148 111
205 61
214 46
86 83
212 93
106 88
197 176
159 77
176 172
32 25
150 145
222 88
47 35
163 76
182 167
135 132
214 87
144 124
213 49
17 14
200 59
51 17
139 129
39 36
220 216
104 46
234 58
124 94
141 129
101 21
25 11
210 93
113 107
31 23
120 96
193 142
66 58
181 168
125 91
140 127
32 24
212 47
195 177
211 50
232 6
222 44
50 17
101 49
104 45
206 203
227 33
126 91
30 27
188 183
225 77
226 34
50 33
157 141
215 104
225 33
152 143
68 58
228 29
109 105
165 76
181 169
220 83
152 145
161 77
113 103
234 69
31 26
209 56
220 84
47 21
216 88
48 34
125 92
184 160
30 10
231 8
150 114
32 23
224 34
148 115
216 86
192 181
132 106
158 140
146 122
111 102
170 69
207 94
111 107
212 92
150 135
229 75
107 104
232 3
223 77
142 127
65 60
232 72
184 163
109 47
162 78
164 74
225 89
184 166
189 183
222 42
208 95
67 58
145 124
31 24
213 109
207 204
183 167
27 12
52 18
193 155
149 146
31 10
111 103
65 59
101 48
230 227
204 121
183 166
179 170
35 23
145 125
163 160
30 9
147 117
162 79
144 125
151 145
143 126
147 123
221 218
128 90
222 87
216 44
185 166
24 19
230 73
197 146
198 173
191 183
204 59
31 25
108 89
167 74
60 57
230 7
166 74
193 180
158 139
170 68
213 47
208 54
208 96
230 8
236 60
204 95
178 170
105 47
30 11
193 179
178 171
129 86
139 130
223 43
43 37
177 172
130 86
224 42
43 36
197 178
182 166
215 47
205 57
221 81
50 19
156 138
211 92
214 88
233 2
47 34
215 87
110 102
224 33
173 68
189 185
148 116
199 58
202 122
194 178
173 66
220 86
229 9
156 142
230 72
149 107
48 19
169 70
212 90
108 105
227 73
100 20
215 45
126 89
171 69
23 20
229 6
192 179
211 90
168 73
202 147
157 139
223 87
218 44
224 78
109 103
52 17
108 88
122 93
155 143
236 59
190 181
234 4
207 56
127 91
123 95
172 68
195 178
236 2
111 108
171 68
231 72
222 86
207 97
41 36
198 176
104 47
154 136
235 67
226 33
236 66
46 43
140 129
233 71
196 178
191 155
225 90
64 59
33 24
225 214
184 164
156 139
34 23
54 16
129 87
184 165
196 176
199 173
134 131
205 58
53 18
121 118
228 31
185 165
173 67
214 90
110 93
29 9
175 172
212 48
228 30
234 56
226 75
212 91
63 60
208 53
180 169
202 197
148 145
139 136
109 101
84 81
10 7
224 32
219 45
110 104
213 108
215 34
123 94
127 90
130 106
149 116
203 121
180 168
46 22
164 75
211 49
176 173
172 69
214 45
163 78
210 92
154 143
221 88
171 70
130 89
212 50
232 70
177 173
222 219
203 95
128 87
67 59
231 4
232 5
148 120
169 72
204 58
154 142
210 51
147 116
153 143
25 10
155 142
236 67
126 90
221 83
86 79
14 10
220 42
233 69
232 69
219 84
215 86
206 59
35 32
201 198
211 93
202 118
232 71
33 23
120 111
187 160
223 42
231 73
153 144
48 20
195 179
209 52
130 87
125 93
67 57
203 200
50 18
224 79
144 126
145 123
210 49
189 184
109 102
36 32
208 56
76 162
8 228
37 40
19 51
102 112
35 42
10 26
104 109
51 211
120 147
84 221
153 195
94 208
164 185
89 106
90 213
89 214
31 226
60 64
55 208
70 170
128 142
141 154
108 214
70 168
33 213
76 227
128 139
99 208
44 215
52 208
72 167
70 234
79 161
105 217
57 236
175 196
25 30
31 227
108 212
32 227
56 206
69 235
59 205
44 219
76 226
74 230
105 214
22 48
111 114
55 207
215 223
198 202
2 234
89 215
81 220
168 182
164 186
77 162
10 229
91 128
93 123
199 202
81 85
37 41
144 154
154 193
74 227
113 149
74 228
105 216
77 226
94 122
73 166
75 228
144 151
121 202
116 150
71 231
88 105
98 208
107 110
30 227
55 97
79 223
213 225
32 225
10 228
12 29
4 232
123 146
87 221
114 134
70 233
3 235
44 221
122 147
96 204
59 66
44 223
200 204
58 207
182 191
22 35
165 182
92 209
60 66
65 236
184 187
51 209
106 214
46 216
95 207
77 164
181 193
6 231
36 40
94 209
35 46
58 203
104 108
33 212
58 236
68 234
203 207
93 124
49 212
122 203
34 214
43 215
58 206
88 215
74 229
171 176
145 153
181 191
3 56
177 196
91 213
75 166
171 179
123 202
126 145
5 231
5 233
88 128
215 222
146 202
17 53
107 114
131 137
67 234
49 109
78 161
107 112
11 28
103 110
105 215
103 108
96 207
79 222
10 29
96 206
11 26
8 229
180 194
171 177
130 140
37 42
131 139
184 188
90 108
82 85
71 169
21 48
67 172
81 222
4 233
22 34
199 203
55 206
126 141
217 221
9 230
34 43
33 49
180 192
167 181
32 226
47 214
48 109
88 223
77 224
96 121
146 152
91 211
66 199
184 190
200 205
20 50
68 236
144 152
76 224
72 168
11 14
114 148
23 50
86 223
215 221
33 47
71 168
131 138
182 190
22 47
103 112
125 142
55 209
117 120
36 224
12 25
128 131
45 218
123 144
44 217
110 212
115 149
45 105
23 49
74 165
131 136
127 141
23 47
81 86
77 163
167 180
45 217
7 229
73 229
101 110
183 190
122 148
41 80
95 120
216 222
163 186
51 208
96 122
134 150
138 141
71 230
216 219
3 234
106 216
93 209
20 101
87 216
216 221
76 164
7 231
160 186
144 195
33 48
128 140
86 221
11 29
34 213
18 51
141 156
30 226
95 122
94 210
44 220
94 203
126 142
104 214
19 23
22 49
103 107
9 228
140 157
85 221
6 230
76 225
151 154
36 42
12 26
170 180
97 206
72 166
22 33
38 41
123 203
182 192
140 156
15 53
157 191
73 167
118 147
34 46
115 150
91 108
177 194
114 149
155 192
95 121
146 151
109 214
143 151
176 199
3 233
172 178
21 49
34 225
109 212
89 213
68 235
92 124
102 107
124 146
19 49
131 135
45 222
50 210
87 106
91 124
20 49
26 29
78 223
47 108
92 126
89 129
23 48
46 215
26 32
43 222
125 143
128 141
169 179
97 208
26 30
75 165
135 151
96 99
140 159
16 52
57 206
35 43
45 216
169 178
11 27
35 224
60 205
88 130
142 157
165 183
78 225
80 223
177 197
48 214
85 222
121 147
48 213
96 203
71 170
111 149
58 200
16 53
185 188
145 149
57 207
25 29
75 225
88 129
61 64
73 228
52 210
89 127
127 143
141 155
119 147
148 151
87 105
117 148
179 194
52 55
95 209
33 214
128 143
2 235
95 99
88 213
89 128
34 42
75 227
66 200
43 220
85 130
111 148
61 205
46 214
83 86
93 212
88 106
176 197
77 159
172 176
25 32
145 150
88 222
35 47
76 163
167 182
132 135
87 214
124 144
49 213
14 17
59 200
17 51
129 139
36 39
216 220
46 104
58 234
94 124
129 141
21 101
11 25
93 210
107 113
23 31
96 120
142 193
58 66
168 181
91 125
127 140
24 32
47 212
177 195
50 211
6 232
44 222
17 50
49 101
45 104
203 206
33 227
91 126
27 30
183 188
77 225
34 226
33 50
141 157
104 215
33 225
143 152
58 68
29 228
105 109
76 165
169 181
83 220
145 152
77 161
103 113
69 234
26 31
56 209
84 220
21 47
88 216
34 48
92 125
160 184
10 30
8 231
114 150
23 32
34 224
115 148
86 216
181 192
106 132
140 158
122 146
102 111
69 170
94 207
107 111
92 212
135 150
75 229
104 107
3 232
77 223
127 142
60 65
72 232
163 184
47 109
78 162
74 164
89 225
166 184
183 189
42 222
95 208
58 67
124 145
24 31
109 213
204 207
167 183
12 27
18 52
155 193
146 149
10 31
103 111
59 65
48 101
227 230
121 204
166 183
170 179
23 35
125 145
160 163
9 30
117 147
79 162
125 144
145 151
126 143
123 147
218 221
90 128
87 222
44 216
166 185
19 24
73 230
146 197
173 198
183 191
59 204
25 31
89 108
74 167
57 60
7 230
74 166
180 193
139 158
68 170
47 213
54 208
96 208
8 230
60 236
95 204
170 178
47 105
11 30
179 193
171 178
86 129
130 139
43 223
37 43
172 177
86 130
42 224
36 43
178 197
166 182
47 215
57 205
81 221
19 50
138 156
92 211
88 214
2 233
34 47
87 215
102 110
33 224
68 173
185 189
116 148
58 199
122 202
178 194
66 173
86 220
9 229
142 156
72 230
107 149
19 48
70 169
90 212
105 108
73 227
20 100
45 215
89 126
69 171
20 23
6 229
179 192
90 211
73 168
147 202
139 157
87 223
44 218
78 224
103 109
17 52
88 108
93 122
143 155
59 236
181 190
4 234
56 207
91 127
95 123
68 172
178 195
2 236
108 111
68 171
72 231
86 222
97 207
36 41
176 198
47 104
136 154
67 235
33 226
66 236
43 46
129 140
71 233
178 196
155 191
90 225
59 64
24 33
214 225
164 184
139 156
23 34
16 54
87 129
165 184
176 196
173 199
131 134
58 205
18 53
118 121
31 228
165 185
67 173
90 214
93 110
9 29
172 175
48 212
30 228
56 234
75 226
91 212
60 63
53 208
169 180
197 202
145 148
136 139
101 109
81 84
7 10
32 224
45 219
104 110
108 213
34 215
94 123
90 127
106 130
116 149
121 203
168 180
22 46
75 164
49 211
173 176
69 172
45 214
78 163
92 210
143 154
88 221
70 171
89 130
50 212
70 232
173 177
219 222
95 203
87 128
59 67
4 231
5 232
120 148
72 169
58 204
142 154
51 210
116 147
143 153
10 25
142 155
67 236
90 126
83 221
79 86
10 14
42 220
69 233
69 232
84 219
86 215
59 206
32 35
198 201
93 211
118 202
71 232
23 33
111 120
160 187
42 223
73 231
144 153
20 48
179 195
52 209
87 130
93 125
57 67
200 203
18 50
79 224
126 144
123 145
49 210
184 189
102 109
32 36
56 208
