124 91
167 127
201 198
148 145
141 126
156 137
198 176
129 77
122 111
182 165
207 204
230 71
104 101
154 136
169 71
168 72
63 60
232 209
141 128
194 179
193 144
166 72
170 70
193 180
93 51
46 22
168 71
149 111
129 126
167 73
225 213
148 111
151 143
152 146
147 144
166 74
127 90
103 100
151 141
148 144
110 107
182 179
105 102
151 126
165 161
140 137
167 72
139 135
151 145
199 171
211 50
183 180
146 143
10 5
182 178
52 7
168 70
180 176
197 178
149 146
215 212
90 71
175 172
149 145
213 210
164 161
211 73
193 179
188 185
206 57
169 70
108 105
166 73
230 211
150 145
139 136
178 123
13 10
145 124
120 117
10 7
180 177
188 157
230 210
192 180
213 90
34 31
181 178
203 173
169 72
15 12
197 176
170 71
64 60
109 106
6 3
204 59
205 96
55 52
184 181
21 18
205 61
120 116
216 88
134 106
195 178
111 107
73 69
198 171
166 163
227 50
141 127
75 69
229 226
108 104
165 74
63 59
114 111
207 203
