148 145
168 72
207 204
201 198
104 101
63 60
169 71
122 111
198 176
168 71
129 126
170 70
124 91
167 72
141 128
140 137
148 144
147 144
194 179
193 180
169 72
105 102
139 136
149 146
169 70
149 145
167 73
10 7
120 117
46 22
156 137
232 209
175 172
141 126
85 82
110 107
168 70
168 73
180 177
166 73
188 185
166 74
193 179
230 71
183 180
13 10
189 186
103 100
11 8
182 178
214 211
164 161
167 74
166 72
149 111
64 60
108 105
15 12
34 31
192 180
225 213
151 146
138 135
182 179
65 62
194 180
213 210
64 61
212 209
181 178
220 217
215 212
109 106
151 145
55 52
119 116
111 108
206 57
197 176
129 77
182 165
229 226
170 71
154 136
230 227
150 145
151 143
180 176
139 135
12 9
146 143
71 68
129 125
27 24
21 18
28 25
125 91
230 211
118 115
193 144
221 218
141 127
16 13
105 101
215 211
165 74
184 181
165 161
10 5
63 59
186 183
143 126
152 146
140 136
195 178
191 181
204 59
6 3
112 109
70 67
201 197
202 199
147 143
208 205
35 32
121 118
142 128
187 184
177 174
126 90
150 146
165 162
192 181
17 14
22 19
195 179
193 181
230 212
10 6
45 42
73 70
120 116
148 111
16 12
9 6
179 176
134 106
166 163
122 110
106 103
183 165
151 144
61 58
14 11
121 117
114 111
8 5
75 69
107 104
206 58
181 177
29 26
163 160
233 230
93 51
97 94
207 203
221 217
141 138
65 61
40 37
23 19
73 69
152 145
111 107
216 88
52 49
199 171
231 228
105 88
184 165
60 57
167 127
230 210
127 90
150 147
214 210
198 171
123 110
74 69
42 39
23 20
7 4
9 5
195 177
226 32
196 177
214 87
164 74
156 138
194 178
157 137
108 104
145 142
211 50
196 178
149 110
197 178
149 143
232 229
176 173
141 137
206 203
182 166
62 59
110 106
183 166
109 105
122 112
178 175
223 214
130 127
231 211
188 157
207 58
228 31
185 165
229 212
200 197
213 90
198 177
85 81
46 43
192 179
205 96
26 23
229 211
185 182
183 167
74 70
74 71
150 143
216 213
24 21
54 51
157 136
233 229
226 31
205 57
207 94
156 136
20 17
133 106
174 171
90 71
223 215
44 41
125 90
87 79
170 69
84 81
151 126
199 180
106 102
196 176
100 97
202 198
191 182
75 70
141 129
225 77
123 111
194 177
94 53
59 56
99 96
231 7
124 110
56 53
104 100
115 112
190 187
187 183
92 89
205 59
183 179
232 210
230 209
72 69
141 136
203 173
205 61
231 209
137 134
98 95
32 29
143 127
215 210
94 58
208 98
55 17
151 148
151 141
145 124
119 115
152 144
121 112
71 67
45 22
226 33
142 126
151 147
205 60
219 216
7 3
11 7
5 2
142 136
157 135
89 86
179 175
154 151
126 89
124 92
46 24
178 123
96 55
228 211
192 144
204 201
226 223
141 135
106 88
33 30
52 7
117 114
166 75
72 68
189 185
69 66
48 34
67 56
184 166
29 25
192 182
224 213
46 23
197 177
143 128
191 180
227 31
226 213
125 89
121 111
213 209
204 60
153 150
188 158
145 148
72 168
204 207
198 201
101 104
60 63
71 169
111 122
176 198
71 168
126 129
70 170
91 124
72 167
128 141
137 140
144 148
144 147
179 194
180 193
72 169
102 105
136 139
146 149
70 169
145 149
73 167
7 10
117 120
22 46
137 156
209 232
172 175
126 141
82 85
107 110
70 168
73 168
177 180
73 166
185 188
74 166
179 193
71 230
180 183
10 13
186 189
100 103
8 11
178 182
211 214
161 164
74 167
72 166
111 149
60 64
105 108
12 15
31 34
180 192
213 225
146 151
135 138
179 182
62 65
180 194
210 213
61 64
209 212
178 181
217 220
212 215
106 109
145 151
52 55
116 119
108 111
57 206
176 197
77 129
165 182
226 229
71 170
136 154
227 230
145 150
143 151
176 180
135 139
9 12
143 146
68 71
125 129
24 27
18 21
25 28
91 125
211 230
115 118
144 193
218 221
127 141
13 16
101 105
211 215
74 165
181 184
161 165
5 10
59 63
183 186
126 143
146 152
136 140
178 195
181 191
59 204
3 6
109 112
67 70
197 201
199 202
143 147
205 208
32 35
118 121
128 142
184 187
174 177
90 126
146 150
162 165
181 192
14 17
19 22
179 195
181 193
212 230
6 10
42 45
70 73
116 120
111 148
12 16
6 9
176 179
106 134
163 166
110 122
103 106
165 183
144 151
58 61
11 14
117 121
111 114
5 8
69 75
104 107
58 206
177 181
26 29
160 163
230 233
51 93
94 97
203 207
217 221
138 141
61 65
37 40
19 23
69 73
145 152
107 111
88 216
49 52
171 199
228 231
88 105
165 184
57 60
127 167
210 230
90 127
147 150
210 214
171 198
110 123
69 74
39 42
20 23
4 7
5 9
177 195
32 226
177 196
87 214
74 164
138 156
178 194
137 157
104 108
142 145
50 211
178 196
110 149
178 197
143 149
229 232
173 176
137 141
203 206
166 182
59 62
106 110
166 183
105 109
112 122
175 178
214 223
127 130
211 231
157 188
58 207
31 228
165 185
212 229
197 200
90 213
177 198
81 85
43 46
179 192
96 205
23 26
211 229
182 185
167 183
70 74
71 74
143 150
213 216
21 24
51 54
136 157
229 233
31 226
57 205
94 207
136 156
17 20
106 133
171 174
71 90
215 223
41 44
90 125
79 87
69 170
81 84
126 151
180 199
102 106
176 196
97 100
198 202
182 191
70 75
129 141
77 225
111 123
177 194
53 94
56 59
96 99
7 231
110 124
53 56
100 104
112 115
187 190
183 187
89 92
59 205
179 183
210 232
209 230
69 72
136 141
173 203
61 205
209 231
134 137
95 98
29 32
127 143
210 215
58 94
98 208
17 55
148 151
141 151
124 145
115 119
144 152
112 121
67 71
22 45
33 226
126 142
147 151
60 205
216 219
3 7
7 11
2 5
136 142
135 157
86 89
175 179
151 154
89 126
92 124
24 46
123 178
55 96
211 228
144 192
201 204
223 226
135 141
88 106
30 33
7 52
114 117
75 166
68 72
185 189
66 69
34 48
56 67
166 184
25 29
182 192
213 224
23 46
177 197
128 143
180 191
31 227
213 226
89 125
111 121
209 213
60 204
150 153
158 188
