138 98
142 97
136 23
133 96
101 94
163 51
145 118
115 101
141 22
66 53
133 25
19 14
100 24
134 22
75 71
162 13
78 48
144 58
159 147
145 60
86 33
40 36
110 85
35 26
99 96
35 28
158 54
149 60
99 95
118 64
63 59
21 11
143 19
164 42
156 148
108 86
112 77
35 31
16 13
117 99
133 99
28 25
28 5
92 30
153 149
135 25
153 148
125 101
133 27
145 142
166 39
141 134
125 94
46 40
166 43
144 64
146 60
24 10
66 55
121 117
131 34
141 118
44 40
39 36
43 39
102 34
110 87
130 101
72 56
65 57
110 104
81 36
130 92
74 68
125 93
130 99
142 98
159 144
129 31
82 44
138 134
30 27
105 84
36 33
157 15
141 138
118 97
119 61
141 116
135 23
39 35
98 138
97 142
23 136
96 133
94 101
51 163
118 145
101 115
22 141
53 66
25 133
14 19
24 100
22 134
71 75
13 162
48 78
58 144
147 159
60 145
33 86
36 40
85 110
26 35
96 99
28 35
54 158
60 149
95 99
64 118
59 63
11 21
19 143
42 164
148 156
86 108
77 112
31 35
13 16
99 117
99 133
25 28
5 28
30 92
149 153
25 135
148 153
101 125
27 133
142 145
39 166
134 141
94 125
40 46
43 166
64 144
60 146
10 24
55 66
117 121
34 131
118 141
40 44
36 39
39 43
34 102
87 110
101 130
56 72
57 65
104 110
36 81
92 130
68 74
93 125
99 130
98 142
144 159
31 129
44 82
134 138
27 30
84 105
33 36
15 157
138 141
97 118
61 119
116 141
23 135
35 39
