138 98
142 97
136 23
133 96
101 94
163 51
145 118
115 101
141 22
66 53
133 25
19 14
100 24
134 22
75 71
162 13
78 48
144 58
159 147
145 60
86 33
40 36
110 85
35 26
99 96
35 28
158 54
149 60
99 95
118 64
63 59
21 11
143 19
164 42
156 148
108 86
112 77
35 31
16 13
117 99
133 99
28 25
28 5
92 30
153 149
135 25
153 148
125 101
133 27
145 142
166 39
141 134
125 94
46 40
166 43
144 64
146 60
24 10
66 55
121 117
131 34
141 118
44 40
39 36
43 39
102 34
110 87
130 101
72 56
65 57
110 104
81 36
130 92
74 68
125 93
130 99
142 98
159 144
129 31
82 44
138 134
30 27
105 84
36 33
157 15
141 138
118 97
119 61
141 116
135 23
39 35
109 87
117 94
22 12
129 110
72 54
109 104
28 6
77 69
104 87
165 21
160 54
116 24
109 105
118 63
153 59
25 5
155 149
88 85
116 22
113 56
65 62
108 87
118 58
91 30
165 9
126 89
55 12
142 138
140 137
162 52
147 19
77 41
85 80
141 64
45 40
164 51
43 40
134 24
113 65
78 49
156 150
76 68
122 93
113 103
120 96
162 18
144 22
129 34
131 100
77 74
147 14
49 44
131 38
23 7
124 62
140 20
100 27
115 57
110 106
154 54
18 13
59 55
64 58
68 53
62 59
164 161
99 27
163 9
103 57
138 97
123 63
159 58
78 70
89 31
95 92
42 39
34 31
103 62
103 65
128 87
103 56
158 15
148 60
109 106
115 94
160 13
130 94
85 33
160 18
145 61
157 147
