143 140
142 139
39 36
41 38
43 40
42 39
39 35
141 138
99 96
145 142
38 35
42 38
133 25
144 141
43 39
134 25
143 139
153 150
41 37
40 36
44 40
115 101
37 34
109 106
38 34
44 41
75 71
19 14
146 143
35 31
36 33
135 23
153 149
40 37
21 11
136 23
135 24
144 140
142 138
16 13
66 53
140 137
99 95
156 148
108 87
134 24
37 33
74 71
66 55
145 141
30 27
134 23
133 24
163 51
62 59
63 59
133 26
35 32
134 22
73 70
109 87
18 15
145 60
101 94
173 170
117 99
135 25
17 14
154 151
130 101
121 118
175 172
109 105
91 30
141 22
74 70
34 31
108 86
125 94
28 5
152 149
109 104
45 41
157 15
158 155
66 54
157 154
77 74
82 79
112 77
107 104
161 52
18 14
14 11
46 40
74 68
174 171
76 69
86 33
35 26
160 13
110 85
77 70
147 144
139 136
28 25
164 42
120 117
153 148
156 149
142 97
162 52
156 153
75 72
177 174
154 150
118 97
151 148
138 134
13 10
64 58
154 149
77 69
65 57
155 150
141 137
92 30
130 100
133 27
65 55
65 56
45 40
22 11
35 28
138 98
20 11
88 85
138 135
129 101
113 65
110 106
110 107
73 69
36 32
12 9
78 48
121 117
110 104
172 169
72 54
159 147
95 92
31 28
28 6
17 13
131 101
156 150
18 13
6 3
23 10
65 58
14 10
76 68
108 105
146 60
22 12
76 70
133 96
110 86
58 55
75 70
162 51
157 148
23 9
110 87
157 147
152 148
178 175
76 71
176 173
15 12
165 162
171 168
85 82
149 60
125 122
33 30
140 22
110 105
146 142
174 170
160 53
166 43
108 104
65 62
155 149
85 80
155 152
164 161
63 60
162 53
78 49
155 148
144 58
20 17
81 78
150 147
84 81
5 2
21 12
19 16
104 87
155 151
47 44
130 102
163 52
74 69
161 53
66 56
72 69
156 147
157 153
140 136
131 100
125 93
137 134
78 70
162 13
113 103
23 7
118 98
120 96
83 80
158 15
122 119
136 24
179 176
161 13
166 163
7 4
160 52
94 91
131 34
111 77
100 24
100 97
21 10
109 86
19 15
135 22
126 123
158 54
109 103
76 73
49 46
113 66
145 118
160 54
73 68
63 58
143 19
68 53
113 56
76 72
125 101
165 21
45 42
110 103
15 11
175 171
137 23
109 85
22 9
140 143
139 142
36 39
38 41
40 43
39 42
35 39
138 141
96 99
142 145
35 38
38 42
25 133
141 144
39 43
25 134
139 143
150 153
37 41
36 40
40 44
101 115
34 37
106 109
34 38
41 44
71 75
14 19
143 146
31 35
33 36
23 135
149 153
37 40
11 21
23 136
24 135
140 144
138 142
13 16
53 66
137 140
95 99
148 156
87 108
24 134
33 37
71 74
55 66
141 145
27 30
23 134
24 133
51 163
59 62
59 63
26 133
32 35
22 134
70 73
87 109
15 18
60 145
94 101
170 173
99 117
25 135
14 17
151 154
101 130
118 121
172 175
105 109
30 91
22 141
70 74
31 34
86 108
94 125
5 28
149 152
104 109
41 45
15 157
155 158
54 66
154 157
74 77
79 82
77 112
104 107
52 161
14 18
11 14
40 46
68 74
171 174
69 76
33 86
26 35
13 160
85 110
70 77
144 147
136 139
25 28
42 164
117 120
148 153
149 156
97 142
52 162
153 156
72 75
174 177
150 154
97 118
148 151
134 138
10 13
58 64
149 154
69 77
57 65
150 155
137 141
30 92
100 130
27 133
55 65
56 65
40 45
11 22
28 35
98 138
11 20
85 88
135 138
101 129
65 113
106 110
107 110
69 73
32 36
9 12
48 78
117 121
104 110
169 172
54 72
147 159
92 95
28 31
6 28
13 17
101 131
150 156
13 18
3 6
10 23
58 65
10 14
68 76
105 108
60 146
12 22
70 76
96 133
86 110
55 58
70 75
51 162
148 157
9 23
87 110
147 157
148 152
175 178
71 76
173 176
12 15
162 165
168 171
82 85
60 149
122 125
30 33
22 140
105 110
142 146
170 174
53 160
43 166
104 108
62 65
149 155
80 85
152 155
161 164
60 63
53 162
49 78
148 155
58 144
17 20
78 81
147 150
81 84
2 5
12 21
16 19
87 104
151 155
44 47
102 130
52 163
69 74
53 161
56 66
69 72
147 156
153 157
136 140
100 131
93 125
134 137
70 78
13 162
103 113
7 23
98 118
96 120
80 83
15 158
119 122
24 136
176 179
13 161
163 166
4 7
52 160
91 94
34 131
77 111
24 100
97 100
10 21
86 109
15 19
22 135
123 126
54 158
103 109
73 76
46 49
66 113
118 145
54 160
68 73
58 63
19 143
53 68
56 113
72 76
101 125
21 165
42 45
103 110
11 15
171 175
23 137
85 109
9 22
