66 53
133 25
162 13
145 142
142 139
39 36
40 36
42 39
143 140
144 141
39 35
133 96
115 101
41 37
141 22
43 40
101 94
145 118
42 38
134 22
99 96
138 98
78 48
141 138
142 97
100 24
38 35
143 19
38 34
143 139
37 34
35 26
164 42
41 38
159 147
43 39
16 13
19 14
117 99
163 51
36 33
35 28
136 23
135 25
21 11
144 58
63 59
149 60
125 93
92 30
28 5
158 54
44 40
35 31
66 55
110 85
156 148
134 24
86 33
109 87
99 95
130 101
135 23
131 34
145 60
133 27
153 149
102 34
118 64
146 143
125 94
108 86
144 140
134 23
75 71
62 59
46 40
34 31
140 137
166 39
166 43
142 138
145 141
40 37
130 92
112 77
108 87
138 134
144 64
35 32
44 41
