144 140
141 138
179 97
112 41
72 56
67 53
129 87
65 58
142 138
21 11
169 4
115 57
17 13
153 149
131 92
162 51
161 55
90 87
77 67
145 60
129 110
21 9
160 54
110 85
137 23
25 7
169 6
76 70
77 70
124 121
158 14
103 66
179 95
157 148
114 67
169 5
115 64
132 99
64 59
49 41
134 23
164 42
19 12
114 101
18 13
164 11
75 68
112 68
130 93
177 2
23 9
50 42
70 47
140 12
115 103
136 22
175 2
144 14
168 7
159 55
100 26
133 100
155 148
29 2
44 40
143 14
136 23
37 33
130 99
174 2
81 33
165 42
112 77
42 38
161 54
144 12
172 3
69 41
160 16
141 118
67 41
113 102
36 28
173 4
109 104
163 11
103 67
39 6
85 79
165 43
142 118
23 8
88 85
130 91
127 106
133 98
154 58
29 5
158 16
162 13
114 100
121 62
41 38
89 30
22 12
50 44
110 34
137 22
69 47
138 98
26 5
166 8
112 50
165 8
81 37
42 10
128 125
131 100
85 33
53 46
76 69
32 29
143 139
134 99
128 115
119 63
132 92
143 140
133 99
162 11
137 20
66 54
84 79
91 2
134 25
108 86
147 58
110 104
75 71
36 33
142 139
109 106
114 38
135 24
161 12
108 104
137 134
20 12
140 21
130 31
117 101
166 43
160 13
131 35
145 64
144 64
155 150
141 134
79 41
121 94
116 64
132 25
69 53
136 21
51 44
68 54
157 14
118 97
119 61
141 22
131 38
85 81
159 15
52 46
28 3
119 97
154 149
83 77
110 84
24 10
26 4
39 36
112 69
159 155
53 50
76 71
43 40
141 137
23 7
131 30
145 58
80 37
129 89
147 14
173 3
42 8
177 92
162 52
158 54
159 144
114 66
159 64
31 28
116 99
103 65
69 49
172 29
178 96
85 37
161 10
173 169
132 27
164 8
134 97
40 37
154 56
110 87
113 104
26 8
82 79
128 101
147 143
66 56
99 92
66 57
130 27
38 34
76 72
175 133
27 5
124 94
74 66
138 22
155 55
27 3
63 59
133 24
132 35
112 79
144 58
69 46
83 78
36 32
64 57
117 99
112 37
120 96
144 55
117 98
72 69
121 96
138 97
72 54
51 47
134 98
156 150
172 4
68 56
92 30
26 7
115 100
128 103
117 62
25 8
162 12
99 94
175 135
131 27
91 31
64 55
153 57
131 101
140 137
175 4
75 72
35 28
102 34
114 65
35 30
179 98
124 117
133 27
125 94
159 58
111 85
35 27
111 104
80 40
135 25
140 22
28 5
113 67
24 8
118 62
48 45
53 47
161 51
130 101
39 8
111 77
19 14
156 147
101 94
116 63
156 148
49 46
159 13
104 87
71 68
120 94
128 124
167 23
30 2
141 116
35 32
111 102
154 150
131 26
155 58
78 70
127 104
49 45
7 4
34 31
110 79
84 78
113 74
83 79
132 26
155 144
25 4
88 32
113 103
161 53
129 102
38 35
130 90
25 6
40 36
179 120
131 102
127 90
76 73
129 34
149 58
38 26
137 21
132 4
42 9
72 68
77 69
108 87
18 12
121 63
99 96
167 8
58 55
134 24
43 39
166 6
110 102
111 103
18 11
66 55
132 24
88 31
62 59
119 62
112 67
37 34
134 100
27 2
122 94
161 11
107 104
100 25
166 42
175 25
146 142
144 19
140 19
110 88
20 11
169 7
69 48
164 10
128 94
111 37
109 84
127 124
77 74
147 144
74 57
167 6
169 25
166 7
110 86
74 56
73 68
161 52
115 65
167 7
128 104
50 10
113 77
68 53
79 37
135 7
80 36
85 82
175 3
163 9
154 151
133 4
160 15
157 15
135 4
47 44
110 37
164 9
41 37
119 96
22 10
52 47
145 118
24 7
168 6
74 65
49 42
157 16
124 101
138 134
162 18
141 97
30 3
65 55
155 56
120 95
111 78
164 43
16 13
116 100
118 61
125 122
177 95
27 4
133 25
35 26
80 41
153 59
158 15
49 44
161 50
160 53
155 147
130 94
129 31
113 66
69 52
159 147
172 5
118 60
162 16
131 34
163 10
99 95
166 39
17 14
84 81
164 51
118 63
67 50
65 56
129 101
113 76
116 98
152 149
160 14
112 78
159 14
29 3
112 76
92 31
141 64
100 38
120 117
26 6
146 143
160 52
121 117
39 26
72 67
120 97
143 19
64 58
177 93
140 20
35 6
155 14
154 57
35 5
155 149
144 141
82 78
100 24
19 13
53 49
109 105
114 103
160 12
167 9
69 50
174 3
32 28
30 27
128 102
117 96
145 142
88 34
107 87
153 58
130 100
28 6
72 53
117 97
88 33
174 4
116 22
178 95
111 84
73 56
108 84
172 169
117 94
113 65
21 12
111 79
156 149
51 46
22 9
89 31
129 88
155 54
50 41
44 41
134 116
116 65
48 44
132 101
122 93
92 27
31 27
74 71
118 64
129 90
163 51
131 31
38 8
42 39
159 54
131 28
91 30
67 55
111 83
77 71
134 22
76 68
132 100
67 49
145 141
24 9
21 10
66 53
65 57
117 63
77 68
158 155
115 66
126 90
95 92
143 12
125 121
146 60
126 93
115 63
157 147
92 2
74 68
135 23
113 68
114 102
141 98
165 9
125 93
130 92
179 96
164 161
125 90
108 85
112 49
103 74
35 31
118 98
51 45
39 35
164 50
159 12
115 101
140 144
138 141
97 179
41 112
56 72
53 67
87 129
58 65
138 142
11 21
4 169
57 115
13 17
149 153
92 131
51 162
55 161
87 90
67 77
60 145
110 129
9 21
54 160
85 110
23 137
7 25
6 169
70 76
70 77
121 124
14 158
66 103
95 179
148 157
67 114
5 169
64 115
99 132
59 64
41 49
23 134
42 164
12 19
101 114
13 18
11 164
68 75
68 112
93 130
2 177
9 23
42 50
47 70
12 140
103 115
22 136
2 175
14 144
7 168
55 159
26 100
100 133
148 155
2 29
40 44
14 143
23 136
33 37
99 130
2 174
33 81
42 165
77 112
38 42
54 161
12 144
3 172
41 69
16 160
118 141
41 67
102 113
28 36
4 173
104 109
11 163
67 103
6 39
79 85
43 165
118 142
8 23
85 88
91 130
106 127
98 133
58 154
5 29
16 158
13 162
100 114
62 121
38 41
30 89
12 22
44 50
34 110
22 137
47 69
98 138
5 26
8 166
50 112
8 165
37 81
10 42
125 128
100 131
33 85
46 53
69 76
29 32
139 143
99 134
115 128
63 119
92 132
140 143
99 133
11 162
20 137
54 66
79 84
2 91
25 134
86 108
58 147
104 110
71 75
33 36
139 142
106 109
38 114
24 135
12 161
104 108
134 137
12 20
21 140
31 130
101 117
43 166
13 160
35 131
64 145
64 144
150 155
134 141
41 79
94 121
64 116
25 132
53 69
21 136
44 51
54 68
14 157
97 118
61 119
22 141
38 131
81 85
15 159
46 52
3 28
97 119
149 154
77 83
84 110
10 24
4 26
36 39
69 112
155 159
50 53
71 76
40 43
137 141
7 23
30 131
58 145
37 80
89 129
14 147
3 173
8 42
92 177
52 162
54 158
144 159
66 114
64 159
28 31
99 116
65 103
49 69
29 172
96 178
37 85
10 161
169 173
27 132
8 164
97 134
37 40
56 154
87 110
104 113
8 26
79 82
101 128
143 147
56 66
92 99
57 66
27 130
34 38
72 76
133 175
5 27
94 124
66 74
22 138
55 155
3 27
59 63
24 133
35 132
79 112
58 144
46 69
78 83
32 36
57 64
99 117
37 112
96 120
55 144
98 117
69 72
96 121
97 138
54 72
47 51
98 134
150 156
4 172
56 68
30 92
7 26
100 115
103 128
62 117
8 25
12 162
94 99
135 175
27 131
31 91
55 64
57 153
101 131
137 140
4 175
72 75
28 35
34 102
65 114
30 35
98 179
117 124
27 133
94 125
58 159
85 111
27 35
104 111
40 80
25 135
22 140
5 28
67 113
8 24
62 118
45 48
47 53
51 161
101 130
8 39
77 111
14 19
147 156
94 101
63 116
148 156
46 49
13 159
87 104
68 71
94 120
124 128
23 167
2 30
116 141
32 35
102 111
150 154
26 131
58 155
70 78
104 127
45 49
4 7
31 34
79 110
78 84
74 113
79 83
26 132
144 155
4 25
32 88
103 113
53 161
102 129
35 38
90 130
6 25
36 40
120 179
102 131
90 127
73 76
34 129
58 149
26 38
21 137
4 132
9 42
68 72
69 77
87 108
12 18
63 121
96 99
8 167
55 58
24 134
39 43
6 166
102 110
103 111
11 18
55 66
24 132
31 88
59 62
62 119
67 112
34 37
100 134
2 27
94 122
11 161
104 107
25 100
42 166
25 175
142 146
19 144
19 140
88 110
11 20
7 169
48 69
10 164
94 128
37 111
84 109
124 127
74 77
144 147
57 74
6 167
25 169
7 166
86 110
56 74
68 73
52 161
65 115
7 167
104 128
10 50
77 113
53 68
37 79
7 135
36 80
82 85
3 175
9 163
151 154
4 133
15 160
15 157
4 135
44 47
37 110
9 164
37 41
96 119
10 22
47 52
118 145
7 24
6 168
65 74
42 49
16 157
101 124
134 138
18 162
97 141
3 30
55 65
56 155
95 120
78 111
43 164
13 16
100 116
61 118
122 125
95 177
4 27
25 133
26 35
41 80
59 153
15 158
44 49
50 161
53 160
147 155
94 130
31 129
66 113
52 69
147 159
5 172
60 118
16 162
34 131
10 163
95 99
39 166
14 17
81 84
51 164
63 118
50 67
56 65
101 129
76 113
98 116
149 152
14 160
78 112
14 159
3 29
76 112
31 92
64 141
38 100
117 120
6 26
143 146
52 160
117 121
26 39
67 72
97 120
19 143
58 64
93 177
20 140
6 35
14 155
57 154
5 35
149 155
141 144
78 82
24 100
13 19
49 53
105 109
103 114
12 160
9 167
50 69
3 174
28 32
27 30
102 128
96 117
142 145
34 88
87 107
58 153
100 130
6 28
53 72
97 117
33 88
4 174
22 116
95 178
84 111
56 73
84 108
169 172
94 117
65 113
12 21
79 111
149 156
46 51
9 22
31 89
88 129
54 155
41 50
41 44
116 134
65 116
44 48
101 132
93 122
27 92
27 31
71 74
64 118
90 129
51 163
31 131
8 38
39 42
54 159
28 131
30 91
55 67
83 111
71 77
22 134
68 76
100 132
49 67
141 145
9 24
10 21
53 66
57 65
63 117
68 77
155 158
66 115
90 126
92 95
12 143
121 125
60 146
93 126
63 115
147 157
2 92
68 74
23 135
68 113
102 114
98 141
9 165
93 125
92 130
96 179
161 164
90 125
85 108
49 112
74 103
31 35
98 118
45 51
35 39
50 164
12 159
101 115
