35 31
36 33
35 32
34 31
36 32
97 94
128 124
33 30
63 60
126 123
43 40
38 35
63 59
127 124
40 37
37 33
32 29
137 134
37 34
34 30
61 58
14 11
38 34
75 59
96 93
39 36
181 4
62 58
137 133
39 35
134 131
129 126
124 121
145 6
157 154
64 61
31 28
33 29
41 38
98 95
66 50
127 123
15 12
74 49
135 131
181 2
61 35
38 6
181 3
94 91
64 36
98 94
136 133
67 63
134 78
62 59
60 32
95 92
125 122
196 193
133 129
128 125
138 134
42 39
159 129
126 122
143 2
123 120
65 6
64 32
130 126
194 191
94 90
97 93
183 2
129 125
123 114
56 26
138 135
28 10
43 39
80 54
158 155
167 164
152 128
143 4
152 148
107 104
62 50
61 57
135 132
77 54
98 90
41 37
16 12
58 52
60 57
44 41
130 78
16 13
59 56
133 130
142 48
73 52
143 48
64 60
60 56
108 105
40 36
108 104
65 61
134 76
131 76
104 101
136 132
182 2
80 22
193 181
131 51
102 99
18 13
75 52
15 11
117 86
159 156
167 163
112 109
65 62
182 3
66 63
106 103
189 184
146 131
195 175
192 183
28 12
14 10
155 152
42 38
145 50
145 47
64 39
96 92
144 49
109 106
179 4
68 64
134 130
60 26
88 85
20 13
158 154
47 4
67 64
110 107
125 121
83 22
131 79
74 51
124 120
131 78
195 192
27 9
30 10
156 153
127 119
174 153
68 40
139 136
107 103
180 4
15 10
68 65
157 153
88 83
147 65
156 128
176 14
143 47
178 175
159 155
44 40
109 105
149 53
110 106
25 13
153 5
142 49
99 96
188 185
132 129
139 135
95 91
153 148
196 41
105 102
190 183
88 84
89 86
178 174
45 4
25 20
31 27
195 191
106 102
156 152
32 28
31 35
33 36
32 35
31 34
32 36
94 97
124 128
30 33
60 63
123 126
40 43
35 38
59 63
124 127
37 40
33 37
29 32
134 137
34 37
30 34
58 61
11 14
34 38
59 75
93 96
36 39
4 181
58 62
133 137
35 39
131 134
126 129
121 124
6 145
154 157
61 64
28 31
29 33
38 41
95 98
50 66
123 127
12 15
49 74
131 135
2 181
35 61
6 38
3 181
91 94
36 64
94 98
133 136
63 67
78 134
59 62
32 60
92 95
122 125
193 196
129 133
125 128
134 138
39 42
129 159
122 126
2 143
120 123
6 65
32 64
126 130
191 194
90 94
93 97
2 183
125 129
114 123
26 56
135 138
10 28
39 43
54 80
155 158
164 167
128 152
4 143
148 152
104 107
50 62
57 61
132 135
54 77
90 98
37 41
12 16
52 58
57 60
41 44
78 130
13 16
56 59
130 133
48 142
52 73
48 143
60 64
56 60
105 108
36 40
104 108
61 65
76 134
76 131
101 104
132 136
2 182
22 80
181 193
51 131
99 102
13 18
52 75
11 15
86 117
156 159
163 167
109 112
62 65
3 182
63 66
103 106
184 189
131 146
175 195
183 192
12 28
10 14
152 155
38 42
50 145
47 145
39 64
92 96
49 144
106 109
4 179
64 68
130 134
26 60
85 88
13 20
154 158
4 47
64 67
107 110
121 125
22 83
79 131
51 74
120 124
78 131
192 195
9 27
10 30
153 156
119 127
153 174
40 68
136 139
103 107
4 180
10 15
65 68
153 157
83 88
65 147
128 156
14 176
47 143
175 178
155 159
40 44
105 109
53 149
106 110
13 25
5 153
49 142
96 99
185 188
129 132
135 139
91 95
148 153
41 196
102 105
183 190
84 88
86 89
174 178
4 45
20 25
27 31
191 195
102 106
152 156
28 32
