80 54
60 32
134 78
30 10
117 86
130 78
159 129
75 59
152 128
181 2
64 32
143 2
131 78
64 36
152 148
131 79
28 10
66 50
74 49
28 12
56 26
145 6
38 6
65 6
98 90
62 50
60 26
63 60
123 120
127 119
77 54
153 148
142 48
145 47
61 35
32 29
47 4
183 2
147 65
63 59
123 114
143 4
131 76
80 22
83 22
36 32
37 33
36 33
174 153
68 40
112 109
15 10
193 181
94 91
181 4
194 191
196 193
192 183
16 12
18 13
143 48
34 30
134 76
176 14
156 128
94 90
146 131
75 52
195 175
33 30
20 13
131 51
139 51
126 123
31 28
133 129
153 5
142 49
189 184
40 37
64 39
67 63
146 79
60 56
67 36
149 53
73 52
88 23
152 124
126 122
20 11
176 11
58 52
25 13
108 104
147 62
143 47
27 9
28 25
95 87
167 164
196 41
25 20
95 90
129 125
137 133
88 83
155 124
135 131
43 40
28 11
33 29
102 99
59 52
75 54
54 22
178 174
156 132
167 163
14 11
73 66
80 77
180 174
34 10
128 124
130 126
45 4
178 175
80 55
159 125
58 53
144 49
156 5
88 84
146 5
194 157
74 51
149 58
97 93
76 51
150 81
56 24
145 50
180 153
110 107
182 157
31 27
170 167
88 21
188 185
35 31
35 27
179 6
97 94
143 45
73 62
68 36
81 8
61 9
59 56
151 124
149 8
146 135
177 38
161 157
118 85
180 157
28 15
176 34
20 14
65 39
43 39
138 134
88 85
91 18
124 82
68 43
147 6
177 35
96 93
165 158
179 4
34 31
73 63
136 133
30 15
23 13
67 64
69 50
182 161
25 12
199 196
155 125
62 52
26 12
110 106
116 86
199 177
195 191
68 39
31 9
144 139
55 22
168 158
139 135
158 154
157 153
69 66
138 49
158 125
189 182
64 60
39 35
122 112
41 38
24 21
25 11
144 51
71 50
115 87
104 101
40 36
192 181
135 51
14 10
34 28
69 46
57 8
144 135
93 17
163 158
176 20
38 35
103 96
160 156
89 23
151 84
179 41
76 54
44 41
171 161
134 131
73 50
50 47
105 101
57 53
64 35
182 3
194 174
151 81
68 64
127 124
56 25
91 17
87 84
113 110
179 38
121 82
201 198
39 36
58 55
92 17
175 172
87 82
135 79
58 11
79 51
69 39
190 183
132 3
174 148
182 5
109 105
147 58
189 3
120 114
91 16
129 126
169 110
149 57
200 197
151 19
124 120
182 160
155 121
143 46
118 114
139 49
29 12
88 22
147 39
92 19
150 20
42 4
81 57
138 51
153 58
98 94
15 11
142 139
191 157
57 7
159 133
154 121
113 106
122 111
137 36
177 34
55 21
66 62
54 80
32 60
78 134
10 30
86 117
78 130
129 159
59 75
128 152
2 181
32 64
2 143
78 131
36 64
148 152
79 131
10 28
50 66
49 74
12 28
26 56
6 145
6 38
6 65
90 98
50 62
26 60
60 63
120 123
119 127
54 77
148 153
48 142
47 145
35 61
29 32
4 47
2 183
65 147
59 63
114 123
4 143
76 131
22 80
22 83
32 36
33 37
33 36
153 174
40 68
109 112
10 15
181 193
91 94
4 181
191 194
193 196
183 192
12 16
13 18
48 143
30 34
76 134
14 176
128 156
90 94
131 146
52 75
175 195
30 33
13 20
51 131
51 139
123 126
28 31
129 133
5 153
49 142
184 189
37 40
39 64
63 67
79 146
56 60
36 67
53 149
52 73
23 88
124 152
122 126
11 20
11 176
52 58
13 25
104 108
62 147
47 143
9 27
25 28
87 95
164 167
41 196
20 25
90 95
125 129
133 137
83 88
124 155
131 135
40 43
11 28
29 33
99 102
52 59
54 75
22 54
174 178
132 156
163 167
11 14
66 73
77 80
174 180
10 34
124 128
126 130
4 45
175 178
55 80
125 159
53 58
49 144
5 156
84 88
5 146
157 194
51 74
58 149
93 97
51 76
81 150
24 56
50 145
153 180
107 110
157 182
27 31
167 170
21 88
185 188
31 35
27 35
6 179
94 97
45 143
62 73
36 68
8 81
9 61
56 59
124 151
8 149
135 146
38 177
157 161
85 118
157 180
15 28
34 176
14 20
39 65
39 43
134 138
85 88
18 91
82 124
43 68
6 147
35 177
93 96
158 165
4 179
31 34
63 73
133 136
15 30
13 23
64 67
50 69
161 182
12 25
196 199
125 155
52 62
12 26
106 110
86 116
177 199
191 195
39 68
9 31
139 144
22 55
158 168
135 139
154 158
153 157
66 69
49 138
125 158
182 189
60 64
35 39
112 122
38 41
21 24
11 25
51 144
50 71
87 115
101 104
36 40
181 192
51 135
10 14
28 34
46 69
8 57
135 144
17 93
158 163
20 176
35 38
96 103
156 160
23 89
84 151
41 179
54 76
41 44
161 171
131 134
50 73
47 50
101 105
53 57
35 64
3 182
174 194
81 151
64 68
124 127
25 56
17 91
84 87
110 113
38 179
82 121
198 201
36 39
55 58
17 92
172 175
82 87
79 135
11 58
51 79
39 69
183 190
3 132
148 174
5 182
105 109
58 147
3 189
114 120
16 91
126 129
110 169
57 149
197 200
19 151
120 124
160 182
121 155
46 143
114 118
49 139
12 29
22 88
39 147
19 92
20 150
4 42
57 81
51 138
58 153
94 98
11 15
139 142
157 191
7 57
133 159
121 154
106 113
111 122
36 137
34 177
21 55
62 66
