35 31
36 33
35 32
34 31
36 32
97 94
128 124
33 30
63 60
126 123
43 40
38 35
63 59
127 124
40 37
37 33
32 29
137 134
37 34
34 30
61 58
14 11
38 34
75 59
96 93
39 36
181 4
62 58
137 133
39 35
134 131
129 126
124 121
145 6
157 154
64 61
31 28
33 29
41 38
98 95
66 50
127 123
15 12
74 49
135 131
181 2
61 35
38 6
181 3
94 91
64 36
98 94
136 133
67 63
134 78
62 59
60 32
95 92
125 122
196 193
133 129
128 125
138 134
42 39
159 129
126 122
143 2
123 120
65 6
64 32
130 126
194 191
94 90
97 93
183 2
129 125
123 114
56 26
138 135
28 10
43 39
80 54
158 155
167 164
152 128
143 4
152 148
107 104
62 50
61 57
135 132
77 54
98 90
41 37
16 12
58 52
60 57
44 41
130 78
16 13
59 56
133 130
142 48
73 52
143 48
64 60
60 56
108 105
40 36
108 104
65 61
134 76
131 76
104 101
136 132
182 2
80 22
193 181
131 51
102 99
18 13
75 52
15 11
117 86
159 156
167 163
112 109
65 62
182 3
66 63
106 103
189 184
146 131
195 175
192 183
28 12
14 10
155 152
42 38
145 50
145 47
64 39
96 92
144 49
109 106
179 4
68 64
134 130
60 26
88 85
20 13
158 154
47 4
67 64
110 107
125 121
83 22
131 79
74 51
124 120
131 78
195 192
27 9
30 10
156 153
127 119
174 153
68 40
139 136
107 103
180 4
15 10
68 65
157 153
88 83
147 65
156 128
176 14
143 47
178 175
159 155
44 40
109 105
149 53
110 106
25 13
153 5
142 49
99 96
188 185
132 129
139 135
95 91
153 148
196 41
105 102
190 183
88 84
89 86
178 174
45 4
25 20
31 27
195 191
106 102
156 152
32 28
160 156
66 62
161 157
28 11
80 55
139 51
155 124
54 22
88 23
160 157
153 150
146 79
147 62
176 11
146 5
170 167
95 90
58 53
56 24
130 127
17 14
28 25
18 14
75 54
74 50
152 124
149 8
188 184
25 12
156 132
116 86
58 55
150 81
69 66
73 50
99 95
118 85
179 6
131 127
73 63
88 21
103 100
95 87
182 4
74 52
156 5
168 165
17 13
25 11
26 12
59 52
68 39
80 77
143 49
192 181
87 84
131 128
20 11
68 36
145 4
70 67
193 190
29 10
57 53
73 66
161 158
20 14
182 157
76 51
91 18
67 36
45 42
159 125
105 101
59 55
149 58
201 198
151 124
152 149
58 54
65 39
124 82
144 50
180 157
180 153
89 85
196 192
100 96
24 20
104 100
72 50
28 15
200 197
56 25
169 166
147 6
118 86
146 6
199 196
180 174
34 10
55 22
76 54
