80 54
60 32
134 78
30 10
117 86
130 78
159 129
75 59
152 128
181 2
64 32
143 2
131 78
64 36
152 148
131 79
28 10
66 50
74 49
28 12
56 26
145 6
38 6
65 6
98 90
62 50
60 26
63 60
123 120
127 119
77 54
153 148
142 48
145 47
61 35
32 29
47 4
183 2
147 65
63 59
123 114
143 4
131 76
80 22
83 22
36 32
37 33
36 33
174 153
68 40
112 109
15 10
193 181
94 91
181 4
194 191
196 193
192 183
16 12
18 13
143 48
34 30
134 76
176 14
156 128
94 90
146 131
75 52
195 175
33 30
20 13
131 51
139 51
126 123
31 28
133 129
153 5
142 49
189 184
40 37
64 39
67 63
146 79
60 56
67 36
149 53
73 52
88 23
152 124
126 122
20 11
176 11
58 52
25 13
108 104
147 62
143 47
27 9
28 25
95 87
167 164
196 41
25 20
