119 83
192 181
34 9
128 78
88 21
191 181
28 15
182 5
104 101
124 120
77 54
147 51
95 91
137 134
188 184
181 4
33 30
136 3
168 165
130 78
144 47
15 11
166 109
83 22
148 7
119 115
50 47
197 177
151 124
169 110
73 50
149 79
159 155
138 135
73 62
34 31
145 6
14 10
61 57
197 175
177 34
165 122
92 17
176 31
179 5
165 155
199 177
199 41
28 11
103 87
89 19
181 2
159 156
67 39
139 136
42 4
72 49
65 62
119 82
59 52
23 20
190 184
149 55
133 130
153 148
97 94
120 114
103 96
177 6
163 158
79 58
103 95
195 173
156 152
183 2
180 4
110 106
179 41
25 11
98 86
35 27
148 8
143 3
84 20
11 8
150 81
55 24
148 128
31 28
94 91
95 92
89 20
147 6
165 110
169 107
14 9
167 110
88 85
108 104
63 59
61 52
134 131
91 18
57 27
47 4
73 59
145 4
81 21
190 183
84 81
67 64
95 87
157 153
81 53
27 12
57 9
169 154
155 129
24 20
168 154
118 82
168 163
83 80
143 4
147 65
71 49
149 81
90 87
146 50
102 99
156 129
146 52
112 109
59 56
135 3
76 53
156 125
195 180
165 125
177 38
64 61
91 16
155 152
96 92
199 38
64 36
144 135
162 159
32 29
31 11
103 100
156 153
99 87
65 6
201 37
98 94
37 33
147 58
176 34
115 102
118 115
59 54
168 155
128 124
164 158
106 103
62 58
75 59
60 27
204 30
204 10
200 197
27 9
176 6
118 84
65 39
60 8
184 136
199 179
187 184
144 51
61 8
199 37
25 20
153 150
58 54
148 58
20 13
60 35
177 61
178 6
115 84
197 178
80 53
55 52
35 9
126 123
89 13
61 6
56 24
121 111
180 174
65 61
18 13
42 38
36 33
113 106
65 42
145 50
39 36
60 32
127 123
57 11
144 3
85 22
43 40
88 23
88 19
166 110
140 137
27 11
40 37
60 56
148 52
142 49
124 119
47 42
31 10
191 180
77 53
182 3
149 82
38 6
163 157
34 10
79 75
99 86
45 4
148 6
133 129
131 127
127 78
128 79
35 31
14 11
145 51
181 5
36 32
134 130
148 81
151 82
64 60
155 151
151 121
120 115
76 54
83 21
189 182
144 49
66 39
73 52
203 200
152 79
201 33
177 7
142 139
84 21
178 175
148 79
98 95
155 124
57 20
143 47
155 128
156 132
23 13
98 87
174 157
147 7
75 52
31 9
82 21
20 11
80 55
59 53
65 38
128 125
73 51
190 182
127 124
121 113
118 83
134 76
107 104
144 4
60 26
60 57
174 154
118 85
18 14
114 105
174 150
131 51
198 41
88 20
89 18
174 153
149 58
177 35
96 93
178 7
189 183
81 20
61 58
123 120
137 133
136 132
89 23
194 191
31 27
153 5
136 133
41 37
99 95
19 13
15 10
73 66
193 179
175 7
193 180
39 35
33 29
75 51
27 8
145 65
55 20
157 154
164 111
32 9
178 174
150 7
124 121
200 177
161 158
196 180
144 139
30 10
105 101
194 157
90 18
98 90
57 25
154 151
38 34
189 184
146 6
165 158
16 13
204 175
147 8
55 8
131 79
147 79
152 53
184 3
200 178
131 78
125 122
58 53
156 128
158 155
191 157
105 102
149 53
58 52
146 135
71 50
80 22
144 48
130 127
17 14
87 19
62 52
28 12
196 179
110 105
194 180
177 9
158 154
64 38
57 24
194 172
129 125
139 48
200 34
167 164
191 160
16 12
81 55
74 50
196 193
152 82
170 167
203 175
74 49
160 156
131 128
202 30
32 27
156 5
179 6
196 178
203 197
62 50
147 59
177 8
66 62
100 96
192 183
152 128
147 50
35 32
189 159
145 62
108 105
103 99
113 109
79 53
113 102
97 93
154 150
143 139
79 52
177 31
112 105
84 19
180 6
109 104
71 47
146 5
117 85
170 163
182 160
25 12
151 81
135 51
179 38
176 10
149 8
158 125
129 126
177 37
45 42
176 8
144 2
104 100
145 49
100 97
146 51
195 174
57 8
182 2
73 63
190 160
80 54
65 50
40 36
148 5
135 132
24 11
64 35
192 182
149 80
66 63
113 105
115 85
199 34
159 125
80 77
79 76
147 61
159 129
152 148
80 21
76 51
42 39
62 59
106 102
120 113
59 55
163 159
61 38
146 3
34 30
168 121
180 157
20 14
69 47
193 181
161 157
132 128
123 82
145 42
130 126
27 10
146 79
131 76
142 48
176 9
41 38
25 14
84 22
37 34
149 21
61 31
79 51
117 86
174 7
153 7
79 54
75 54
146 132
195 179
135 131
90 19
190 185
148 53
67 63
144 50
167 158
132 3
81 22
71 66
103 92
139 49
28 10
126 122
61 35
61 9
73 49
74 52
125 121
142 2
200 176
197 179
198 179
165 111
184 2
145 47
94 90
55 22
145 5
149 7
72 50
69 66
168 158
181 3
152 124
110 107
103 98
58 8
199 40
143 45
160 157
195 175
74 51
179 4
57 26
165 121
123 119
26 11
43 39
188 185
109 105
38 35
58 55
143 46
113 110
200 175
76 52
26 12
25 18
138 134
189 160
146 4
90 86
95 90
107 103
88 84
176 7
180 5
155 121
124 82
121 82
121 110
28 14
168 110
132 129
88 22
64 39
183 3
65 35
61 27
195 172
191 161
143 2
139 135
180 153
195 178
92 19
75 53
17 13
25 13
147 62
200 37
114 102
143 48
71 48
152 80
66 50
191 182
166 111
147 52
87 84
85 21
153 149
167 163
64 32
155 125
32 28
15 12
147 53
152 81
152 149
91 17
140 136
95 19
63 60
83 119
181 192
9 34
78 128
21 88
181 191
15 28
5 182
101 104
120 124
54 77
51 147
91 95
134 137
184 188
4 181
30 33
3 136
165 168
78 130
47 144
11 15
109 166
22 83
7 148
115 119
47 50
177 197
124 151
110 169
50 73
79 149
155 159
135 138
62 73
31 34
6 145
10 14
57 61
175 197
34 177
122 165
17 92
31 176
5 179
155 165
177 199
41 199
11 28
87 103
19 89
2 181
156 159
39 67
136 139
4 42
49 72
62 65
82 119
52 59
20 23
184 190
55 149
130 133
148 153
94 97
114 120
96 103
6 177
158 163
58 79
95 103
173 195
152 156
2 183
4 180
106 110
41 179
11 25
86 98
27 35
8 148
3 143
20 84
8 11
81 150
24 55
128 148
28 31
91 94
92 95
20 89
6 147
110 165
107 169
9 14
110 167
85 88
104 108
59 63
52 61
131 134
18 91
27 57
4 47
59 73
4 145
21 81
183 190
81 84
64 67
87 95
153 157
53 81
12 27
9 57
154 169
129 155
20 24
154 168
82 118
163 168
80 83
4 143
65 147
49 71
81 149
87 90
50 146
99 102
129 156
52 146
109 112
56 59
3 135
53 76
125 156
180 195
125 165
38 177
61 64
16 91
152 155
92 96
38 199
36 64
135 144
159 162
29 32
11 31
100 103
153 156
87 99
6 65
37 201
94 98
33 37
58 147
34 176
102 115
115 118
54 59
155 168
124 128
158 164
103 106
58 62
59 75
27 60
30 204
10 204
197 200
9 27
6 176
84 118
39 65
8 60
136 184
179 199
184 187
51 144
8 61
37 199
20 25
150 153
54 58
58 148
13 20
35 60
61 177
6 178
84 115
178 197
53 80
52 55
9 35
123 126
13 89
6 61
24 56
111 121
174 180
61 65
13 18
38 42
33 36
106 113
42 65
50 145
36 39
32 60
123 127
11 57
3 144
22 85
40 43
23 88
19 88
110 166
137 140
11 27
37 40
56 60
52 148
49 142
119 124
42 47
10 31
180 191
53 77
3 182
82 149
6 38
157 163
10 34
75 79
86 99
4 45
6 148
129 133
127 131
78 127
79 128
31 35
11 14
51 145
5 181
32 36
130 134
81 148
82 151
60 64
151 155
121 151
115 120
54 76
21 83
182 189
49 144
39 66
52 73
200 203
79 152
33 201
7 177
139 142
21 84
175 178
79 148
95 98
124 155
20 57
47 143
128 155
132 156
13 23
87 98
157 174
7 147
52 75
9 31
21 82
11 20
55 80
53 59
38 65
125 128
51 73
182 190
124 127
113 121
83 118
76 134
104 107
4 144
26 60
57 60
154 174
85 118
14 18
105 114
150 174
51 131
41 198
20 88
18 89
153 174
58 149
35 177
93 96
7 178
183 189
20 81
58 61
120 123
133 137
132 136
23 89
191 194
27 31
5 153
133 136
37 41
95 99
13 19
10 15
66 73
179 193
7 175
180 193
35 39
29 33
51 75
8 27
65 145
20 55
154 157
111 164
9 32
174 178
7 150
121 124
177 200
158 161
180 196
139 144
10 30
101 105
157 194
18 90
90 98
25 57
151 154
34 38
184 189
6 146
158 165
13 16
175 204
8 147
8 55
79 131
79 147
53 152
3 184
178 200
78 131
122 125
53 58
128 156
155 158
157 191
102 105
53 149
52 58
135 146
50 71
22 80
48 144
127 130
14 17
19 87
52 62
12 28
179 196
105 110
180 194
9 177
154 158
38 64
24 57
172 194
125 129
48 139
34 200
164 167
160 191
12 16
55 81
50 74
193 196
82 152
167 170
175 203
49 74
156 160
128 131
30 202
27 32
5 156
6 179
178 196
197 203
50 62
59 147
8 177
62 66
96 100
183 192
128 152
50 147
32 35
159 189
62 145
105 108
99 103
109 113
53 79
102 113
93 97
150 154
139 143
52 79
31 177
105 112
19 84
6 180
104 109
47 71
5 146
85 117
163 170
160 182
12 25
81 151
51 135
38 179
10 176
8 149
125 158
126 129
37 177
42 45
8 176
2 144
100 104
49 145
97 100
51 146
174 195
8 57
2 182
63 73
160 190
54 80
50 65
36 40
5 148
132 135
11 24
35 64
182 192
80 149
63 66
105 113
85 115
34 199
125 159
77 80
76 79
61 147
129 159
148 152
21 80
51 76
39 42
59 62
102 106
113 120
55 59
159 163
38 61
3 146
30 34
121 168
157 180
14 20
47 69
181 193
157 161
128 132
82 123
42 145
126 130
10 27
79 146
76 131
48 142
9 176
38 41
14 25
22 84
34 37
21 149
31 61
51 79
86 117
7 174
7 153
54 79
54 75
132 146
179 195
131 135
19 90
185 190
53 148
63 67
50 144
158 167
3 132
22 81
66 71
92 103
49 139
10 28
122 126
35 61
9 61
49 73
52 74
121 125
2 142
176 200
179 197
179 198
111 165
2 184
47 145
90 94
22 55
5 145
7 149
50 72
66 69
158 168
3 181
124 152
107 110
98 103
8 58
40 199
45 143
157 160
175 195
51 74
4 179
26 57
121 165
119 123
11 26
39 43
185 188
105 109
35 38
55 58
46 143
110 113
175 200
52 76
12 26
18 25
134 138
160 189
4 146
86 90
90 95
103 107
84 88
7 176
5 180
121 155
82 124
82 121
110 121
14 28
110 168
129 132
22 88
39 64
3 183
35 65
27 61
172 195
161 191
2 143
135 139
153 180
178 195
19 92
53 75
13 17
13 25
62 147
37 200
102 114
48 143
48 71
80 152
50 66
182 191
111 166
52 147
84 87
21 85
149 153
163 167
32 64
125 155
28 32
12 15
53 147
81 152
149 152
17 91
136 140
19 95
60 63
