35 31
36 33
35 32
34 31
36 32
97 94
128 124
33 30
63 60
126 123
43 40
38 35
63 59
127 124
40 37
37 33
32 29
137 134
37 34
34 30
61 58
14 11
38 34
75 59
96 93
39 36
181 4
62 58
137 133
39 35
134 131
129 126
124 121
145 6
157 154
64 61
31 28
33 29
41 38
98 95
66 50
127 123
15 12
74 49
135 131
181 2
61 35
38 6
181 3
94 91
64 36
98 94
136 133
67 63
134 78
62 59
60 32
95 92
125 122
196 193
133 129
128 125
138 134
42 39
159 129
126 122
143 2
123 120
65 6
64 32
130 126
194 191
94 90
97 93
183 2
129 125
123 114
56 26
138 135
28 10
43 39
80 54
158 155
167 164
152 128
143 4
152 148
107 104
62 50
61 57
135 132
77 54
98 90
41 37
16 12
58 52
60 57
44 41
130 78
16 13
59 56
133 130
142 48
31 35
33 36
32 35
31 34
32 36
94 97
124 128
30 33
60 63
123 126
40 43
35 38
59 63
124 127
37 40
33 37
29 32
134 137
34 37
30 34
58 61
11 14
34 38
59 75
93 96
36 39
4 181
58 62
133 137
35 39
131 134
126 129
121 124
6 145
154 157
61 64
28 31
29 33
38 41
95 98
50 66
123 127
12 15
49 74
131 135
2 181
35 61
6 38
3 181
91 94
36 64
94 98
133 136
63 67
78 134
59 62
32 60
92 95
122 125
193 196
129 133
125 128
134 138
39 42
129 159
122 126
2 143
120 123
6 65
32 64
126 130
191 194
90 94
93 97
2 183
125 129
114 123
26 56
135 138
10 28
39 43
54 80
155 158
164 167
128 152
4 143
148 152
104 107
50 62
57 61
132 135
54 77
90 98
37 41
12 16
52 58
57 60
41 44
78 130
13 16
56 59
130 133
48 142
