33 30
31 28
29 26
30 27
34 31
107 104
30 26
32 29
106 103
64 61
34 30
35 31
106 102
31 27
35 32
89 86
33 29
104 101
67 64
36 33
105 102
69 65
69 66
68 65
32 28
23 20
107 103
89 85
29 25
63 60
88 85
28 25
65 62
105 101
68 64
37 34
76 44
66 63
36 32
59 55
64 60
108 104
104 100
49 16
74 42
87 84
73 68
67 63
108 105
65 61
76 45
70 67
42 10
84 81
60 57
30 33
28 31
26 29
27 30
31 34
104 107
26 30
29 32
103 106
61 64
30 34
31 35
102 106
27 31
32 35
86 89
29 33
101 104
64 67
33 36
102 105
65 69
66 69
65 68
28 32
20 23
103 107
85 89
25 29
60 63
85 88
25 28
62 65
101 105
64 68
34 37
44 76
63 66
32 36
55 59
60 64
104 108
100 104
16 49
42 74
84 87
68 73
63 67
105 108
61 65
45 76
67 70
10 42
81 84
57 60
