33 30
31 28
29 26
30 27
34 31
107 104
30 26
32 29
106 103
64 61
34 30
35 31
106 102
31 27
35 32
89 86
33 29
104 101
67 64
36 33
105 102
69 65
69 66
68 65
32 28
23 20
107 103
89 85
29 25
63 60
88 85
28 25
65 62
105 101
68 64
37 34
76 44
66 63
36 32
59 55
64 60
108 104
104 100
49 16
74 42
87 84
73 68
67 63
108 105
65 61
76 45
70 67
42 10
84 81
60 57
63 59
90 87
43 11
51 18
94 89
50 17
57 54
58 55
66 62
73 41
75 44
77 45
27 24
62 59
91 58
88 84
50 18
96 93
50 47
37 33
97 94
77 44
51 17
91 88
86 83
71 68
28 24
85 82
70 66
41 9
78 44
52 19
73 42
52 18
59 56
78 46
77 46
90 86
76 43
50 16
52 20
73 69
44 12
71 67
44 11
72 68
38 35
58 54
5 2
54 21
74 43
24 21
43 12
79 46
75 45
72 69
30 33
28 31
26 29
27 30
31 34
104 107
26 30
29 32
103 106
61 64
30 34
31 35
102 106
27 31
32 35
86 89
29 33
101 104
64 67
33 36
102 105
65 69
66 69
65 68
28 32
20 23
103 107
85 89
25 29
60 63
85 88
25 28
62 65
101 105
64 68
34 37
44 76
63 66
32 36
55 59
60 64
104 108
100 104
16 49
42 74
84 87
68 73
63 67
105 108
61 65
45 76
67 70
10 42
81 84
57 60
59 63
87 90
11 43
18 51
89 94
17 50
54 57
55 58
62 66
41 73
44 75
45 77
24 27
59 62
58 91
84 88
18 50
93 96
47 50
33 37
94 97
44 77
17 51
88 91
83 86
68 71
24 28
82 85
66 70
9 41
44 78
19 52
42 73
18 52
56 59
46 78
46 77
86 90
43 76
16 50
20 52
69 73
12 44
67 71
11 44
68 72
35 38
54 58
2 5
21 54
43 74
21 24
12 43
46 79
45 75
69 72
