104 101
50 47
94 89
89 85
73 68
69 65
91 58
102 78
51 18
78 44
102 46
79 48
49 16
98 74
99 76
54 21
97 61
60 24
33 30
74 42
108 99
64 31
104 100
98 76
23 20
57 19
97 65
76 42
55 52
63 28
41 9
59 28
64 45
88 80
80 77
67 32
85 80
60 27
105 44
61 45
59 54
52 20
75 45
107 103
73 42
50 19
84 53
79 46
77 45
49 14
57 53
76 44
73 41
105 99
93 62
100 85
29 26
42 10
63 59
50 17
34 30
105 101
80 47
43 11
97 93
44 12
63 24
54 28
27 15
29 25
62 59
97 77
34 11
87 58
21 18
52 18
59 55
97 88
75 68
68 64
94 85
23 17
64 60
73 39
67 36
68 43
106 102
44 10
90 54
75 65
46 14
37 33
40 11
71 39
78 12
102 44
84 81
56 21
88 28
90 55
28 22
87 53
30 26
67 63
104 99
71 36
108 105
83 56
93 58
64 32
86 83
51 17
88 21
87 54
50 16
81 51
86 82
93 54
80 48
53 21
86 53
33 29
74 69
50 15
91 63
31 13
50 18
91 20
51 16
106 10
49 17
57 54
91 87
78 46
71 35
59 20
90 87
36 33
91 64
27 19
72 14
92 63
91 21
73 40
57 52
50 23
91 62
88 84
45 31
32 28
37 6
39 25
93 55
86 18
71 67
91 84
62 55
64 52
50 31
93 87
91 53
59 52
65 62
64 43
98 94
31 24
101 104
47 50
89 94
85 89
68 73
65 69
58 91
78 102
18 51
44 78
46 102
48 79
16 49
74 98
76 99
21 54
61 97
24 60
30 33
42 74
99 108
31 64
100 104
76 98
20 23
19 57
65 97
42 76
52 55
28 63
9 41
28 59
45 64
80 88
77 80
32 67
80 85
27 60
44 105
45 61
54 59
20 52
45 75
103 107
42 73
19 50
53 84
46 79
45 77
14 49
53 57
44 76
41 73
99 105
62 93
85 100
26 29
10 42
59 63
17 50
30 34
101 105
47 80
11 43
93 97
12 44
24 63
28 54
15 27
25 29
59 62
77 97
11 34
58 87
18 21
18 52
55 59
88 97
68 75
64 68
85 94
17 23
60 64
39 73
36 67
43 68
102 106
10 44
54 90
65 75
14 46
33 37
11 40
39 71
12 78
44 102
81 84
21 56
28 88
55 90
22 28
53 87
26 30
63 67
99 104
36 71
105 108
56 83
58 93
32 64
83 86
17 51
21 88
54 87
16 50
51 81
82 86
54 93
48 80
21 53
53 86
29 33
69 74
15 50
63 91
13 31
18 50
20 91
16 51
10 106
17 49
54 57
87 91
46 78
35 71
20 59
87 90
33 36
64 91
19 27
14 72
63 92
21 91
40 73
52 57
23 50
62 91
84 88
31 45
28 32
6 37
25 39
55 93
18 86
67 71
84 91
55 62
52 64
31 50
87 93
53 91
52 59
62 65
43 64
94 98
24 31
