104 101
50 47
94 89
89 85
73 68
69 65
91 58
102 78
51 18
78 44
102 46
79 48
49 16
98 74
99 76
54 21
97 61
60 24
33 30
74 42
108 99
64 31
104 100
98 76
23 20
57 19
97 65
76 42
55 52
63 28
41 9
59 28
64 45
88 80
80 77
67 32
85 80
60 27
105 44
61 45
59 54
52 20
75 45
107 103
73 42
50 19
84 53
79 46
77 45
49 14
57 53
76 44
73 41
105 99
93 62
101 104
47 50
89 94
85 89
68 73
65 69
58 91
78 102
18 51
44 78
46 102
48 79
16 49
74 98
76 99
21 54
61 97
24 60
30 33
42 74
99 108
31 64
100 104
76 98
20 23
19 57
65 97
42 76
52 55
28 63
9 41
28 59
45 64
80 88
77 80
32 67
80 85
27 60
44 105
45 61
54 59
20 52
45 75
103 107
42 73
19 50
53 84
46 79
45 77
14 49
53 57
44 76
41 73
99 105
62 93
