84 80
35 31
106 12
84 77
54 19
25 21
90 87
74 43
14 2
27 3
93 88
39 34
88 80
106 10
67 35
41 9
50 16
56 21
45 13
67 32
74 42
73 42
74 41
72 69
65 62
97 77
60 56
97 93
99 79
102 44
32 29
53 19
84 47
54 24
105 102
88 85
96 75
86 82
64 43
79 46
23 20
100 78
31 28
88 84
55 21
27 24
88 58
63 60
94 89
102 12
75 45
59 56
30 3
71 67
78 44
40 31
96 93
74 68
42 9
11 4
19 15
53 20
16 2
64 31
53 18
78 45
30 27
10 7
93 77
96 65
10 5
106 102
62 59
26 23
34 30
37 33
73 41
75 42
71 41
39 9
71 38
32 28
53 50
69 65
84 50
29 26
52 19
81 47
27 23
87 58
60 24
14 4
31 3
51 18
64 35
80 77
25 22
54 21
27 13
79 47
106 7
48 15
14 3
9 5
105 76
93 89
43 40
71 35
68 35
79 48
76 43
91 88
72 68
13 2
46 15
12 6
36 33
57 24
33 30
34 11
44 12
38 34
60 27
104 101
80 47
77 47
75 43
91 62
26 22
106 6
76 44
50 19
49 15
78 47
108 105
64 28
105 100
46 13
102 46
29 25
81 50
84 81
77 61
68 42
56 24
10 6
75 61
50 47
107 103
43 11
108 104
44 11
94 88
60 28
49 16
12 3
52 18
43 13
95 92
41 35
30 26
92 89
34 31
40 10
64 61
69 66
73 68
87 83
97 94
57 54
102 78
66 63
107 104
89 86
49 46
63 59
106 103
70 66
42 11
65 61
86 83
90 86
37 34
97 88
62 58
11 3
45 15
87 84
57 21
31 11
24 20
88 61
96 77
88 77
43 31
41 38
40 34
98 77
85 81
78 48
11 5
53 15
98 79
61 57
105 78
75 65
11 6
68 65
67 64
28 25
54 20
102 48
44 6
41 10
49 17
100 79
56 25
40 9
68 64
50 15
54 23
71 68
105 98
85 80
98 76
44 10
47 15
75 68
97 80
64 60
33 29
28 24
67 36
97 89
40 11
13 3
39 35
44 13
102 79
66 62
73 69
49 14
105 101
96 76
68 41
38 9
105 44
12 2
35 32
31 27
36 32
53 24
46 14
24 19
40 35
52 17
92 88
42 10
61 58
91 87
61 45
57 53
46 12
104 100
31 13
97 85
78 46
93 65
51 17
89 85
76 42
75 64
83 52
85 82
94 77
24 21
68 43
67 63
76 45
57 19
106 44
98 78
99 78
12 4
70 67
77 45
60 57
58 55
96 88
64 32
23 19
38 35
50 17
80 84
31 35
12 106
77 84
19 54
21 25
87 90
43 74
2 14
3 27
88 93
34 39
80 88
10 106
35 67
9 41
16 50
21 56
13 45
32 67
42 74
42 73
41 74
69 72
62 65
77 97
56 60
93 97
79 99
44 102
29 32
19 53
47 84
24 54
102 105
85 88
75 96
82 86
43 64
46 79
20 23
78 100
28 31
84 88
21 55
24 27
58 88
60 63
89 94
12 102
45 75
56 59
3 30
67 71
44 78
31 40
93 96
68 74
9 42
4 11
15 19
20 53
2 16
31 64
18 53
45 78
27 30
7 10
77 93
65 96
5 10
102 106
59 62
23 26
30 34
33 37
41 73
42 75
41 71
9 39
38 71
28 32
50 53
65 69
50 84
26 29
19 52
47 81
23 27
58 87
24 60
4 14
3 31
18 51
35 64
77 80
22 25
21 54
13 27
47 79
7 106
15 48
3 14
5 9
76 105
89 93
40 43
35 71
35 68
48 79
43 76
88 91
68 72
2 13
15 46
6 12
33 36
24 57
30 33
11 34
12 44
34 38
27 60
101 104
47 80
47 77
43 75
62 91
22 26
6 106
44 76
19 50
15 49
47 78
105 108
28 64
100 105
13 46
46 102
25 29
50 81
81 84
61 77
42 68
24 56
6 10
61 75
47 50
103 107
11 43
104 108
11 44
88 94
28 60
16 49
3 12
18 52
13 43
92 95
35 41
26 30
89 92
31 34
10 40
61 64
66 69
68 73
83 87
94 97
54 57
78 102
63 66
104 107
86 89
46 49
59 63
103 106
66 70
11 42
61 65
83 86
86 90
34 37
88 97
58 62
3 11
15 45
84 87
21 57
11 31
20 24
61 88
77 96
77 88
31 43
38 41
34 40
77 98
81 85
48 78
5 11
15 53
79 98
57 61
78 105
65 75
6 11
65 68
64 67
25 28
20 54
48 102
6 44
10 41
17 49
79 100
25 56
9 40
64 68
15 50
23 54
68 71
98 105
80 85
76 98
10 44
15 47
68 75
80 97
60 64
29 33
24 28
36 67
89 97
11 40
3 13
35 39
13 44
79 102
62 66
69 73
14 49
101 105
76 96
41 68
9 38
44 105
2 12
32 35
27 31
32 36
24 53
14 46
19 24
35 40
17 52
88 92
10 42
58 61
87 91
45 61
53 57
12 46
100 104
13 31
85 97
46 78
65 93
17 51
85 89
42 76
64 75
52 83
82 85
77 94
21 24
43 68
63 67
45 76
19 57
44 106
78 98
78 99
4 12
67 70
45 77
57 60
55 58
88 96
32 64
19 23
35 38
17 50
