33 30
29 26
34 31
30 27
31 27
30 26
69 65
34 30
31 28
89 85
89 86
35 32
35 31
67 64
106 102
68 65
32 28
107 103
32 29
105 102
104 101
64 61
33 29
68 64
69 66
29 25
64 60
106 103
36 33
107 104
65 62
36 32
67 63
76 44
88 85
42 10
102 78
105 101
63 60
41 9
79 48
28 25
58 55
51 18
70 67
73 68
91 58
78 44
94 89
108 105
65 61
43 11
60 27
62 59
108 99
50 47
104 100
23 20
90 87
98 76
63 59
74 42
73 42
60 24
88 84
75 45
87 84
97 65
76 42
59 55
50 17
86 83
49 16
97 61
67 32
73 41
59 28
66 62
99 76
66 63
108 104
37 34
102 46
77 45
76 45
88 80
59 56
50 18
84 81
54 21
57 19
84 53
98 74
28 24
85 80
57 54
55 52
44 12
63 28
37 33
60 57
85 82
90 86
78 46
96 93
61 45
79 46
27 24
62 58
38 35
98 95
61 58
64 31
97 93
52 20
51 17
50 19
64 45
61 57
70 66
105 44
42 11
91 87
97 94
87 83
76 43
91 88
50 16
105 99
57 53
75 43
77 44
49 14
52 18
104 99
93 62
84 80
71 67
53 19
71 68
59 54
85 81
72 68
52 19
26 23
73 69
79 47
86 82
78 45
72 69
44 10
58 54
49 17
5 2
21 18
80 47
60 56
80 77
44 11
24 21
75 44
87 58
43 12
100 85
98 75
71 36
30 33
26 29
31 34
27 30
27 31
26 30
65 69
30 34
28 31
85 89
86 89
32 35
31 35
64 67
102 106
65 68
28 32
103 107
29 32
102 105
101 104
61 64
29 33
64 68
66 69
25 29
60 64
103 106
33 36
104 107
62 65
32 36
63 67
44 76
85 88
10 42
78 102
101 105
60 63
9 41
48 79
25 28
55 58
18 51
67 70
68 73
58 91
44 78
89 94
105 108
61 65
11 43
27 60
59 62
99 108
47 50
100 104
20 23
87 90
76 98
59 63
42 74
42 73
24 60
84 88
45 75
84 87
65 97
42 76
55 59
17 50
83 86
16 49
61 97
32 67
41 73
28 59
62 66
76 99
63 66
104 108
34 37
46 102
45 77
45 76
80 88
56 59
18 50
81 84
21 54
19 57
53 84
74 98
24 28
80 85
54 57
52 55
12 44
28 63
33 37
57 60
82 85
86 90
46 78
93 96
45 61
46 79
24 27
58 62
35 38
95 98
58 61
31 64
93 97
20 52
17 51
19 50
45 64
57 61
66 70
44 105
11 42
87 91
94 97
83 87
43 76
88 91
16 50
99 105
53 57
43 75
44 77
14 49
18 52
99 104
62 93
80 84
67 71
19 53
68 71
54 59
81 85
68 72
19 52
23 26
69 73
47 79
82 86
45 78
69 72
10 44
54 58
17 49
2 5
18 21
47 80
56 60
77 80
11 44
21 24
44 75
58 87
12 43
85 100
75 98
36 71
