60 54
37 34
39 20
47 18
34 25
67 59
72 68
39 21
37 23
33 24
31 13
30 9
50 8
68 65
32 25
69 66
29 9
24 3
26 11
63 6
71 68
31 24
53 2
31 26
46 40
6 3
10 7
54 3
37 22
71 67
64 61
48 15
15 7
40 33
52 23
21 18
26 16
52 6
45 42
15 10
66 63
52 39
53 43
13 9
24 18
18 14
32 27
53 33
46 43
63 60
56 35
37 25
37 21
52 42
32 3
39 17
26 13
53 21
22 6
74 10
29 14
65 61
69 30
74 24
50 14
26 22
67 63
49 20
29 5
70 36
39 8
69 63
54 4
32 29
65 62
36 5
69 61
72 69
24 12
35 28
48 7
48 10
43 20
55 45
53 31
74 12
35 32
53 18
36 14
70 66
72 11
36 32
66 62
70 67
47 43
69 24
37 28
72 66
32 2
25 16
62 51
43 23
54 51
20 3
58 33
67 64
68 62
53 35
72 6
41 24
47 24
40 9
72 10
31 16
71 63
54 60
34 37
20 39
18 47
25 34
59 67
68 72
21 39
23 37
24 33
13 31
9 30
8 50
65 68
25 32
66 69
9 29
3 24
11 26
6 63
68 71
24 31
2 53
26 31
40 46
3 6
7 10
3 54
22 37
67 71
61 64
15 48
7 15
33 40
23 52
18 21
16 26
6 52
42 45
10 15
63 66
39 52
43 53
9 13
18 24
14 18
27 32
33 53
43 46
60 63
35 56
25 37
21 37
42 52
3 32
17 39
13 26
21 53
6 22
10 74
14 29
61 65
30 69
24 74
14 50
22 26
63 67
20 49
5 29
36 70
8 39
63 69
4 54
29 32
62 65
5 36
61 69
69 72
12 24
28 35
7 48
10 48
20 43
45 55
31 53
12 74
32 35
18 53
14 36
66 70
11 72
32 36
62 66
67 70
43 47
24 69
28 37
66 72
2 32
16 25
51 62
23 43
51 54
3 20
33 58
64 67
62 68
35 53
6 72
24 41
24 47
9 40
10 72
16 31
63 71
