30 7
38 33
70 34
30 27
74 33
31 26
50 6
74 71
7 3
47 44
54 2
32 27
24 3
32 24
22 19
38 34
30 9
60 4
10 7
48 15
60 54
73 25
71 67
66 3
74 25
63 4
70 2
58 55
44 33
52 5
51 6
69 65
31 3
31 7
71 68
17 13
30 3
53 2
49 14
23 19
32 25
63 54
38 35
31 27
74 34
19 15
11 7
26 11
34 23
63 59
45 42
17 14
38 23
55 40
52 7
50 10
68 65
67 64
67 56
34 24
37 34
64 59
59 54
50 12
22 16
58 54
44 18
46 43
51 48
73 70
56 2
70 66
50 7
66 2
53 47
64 61
41 20
66 63
48 12
32 3
48 14
72 69
54 4
53 15
67 59
15 12
44 24
74 70
69 32
48 6
11 8
70 35
74 32
47 43
33 2
74 35
24 16
49 12
59 56
47 17
39 20
66 5
63 60
29 8
37 21
16 13
29 9
12 7
30 8
73 27
43 19
55 2
55 45
34 25
24 15
31 16
43 18
44 19
47 14
52 4
70 33
33 24
15 3
31 24
39 21
53 4
66 4
31 13
53 48
55 42
53 3
19 16
37 23
66 59
52 10
18 15
48 44
67 2
70 32
30 11
59 2
8 5
47 15
49 10
38 21
53 44
31 25
33 3
47 18
33 23
52 3
63 5
31 15
64 60
10 6
54 45
59 4
70 67
52 6
48 45
52 48
31 11
18 14
48 7
70 3
71 35
44 15
24 19
73 32
43 20
52 30
53 33
69 66
7 4
73 69
53 45
72 68
74 36
59 55
