69 66
47 18
71 68
72 68
32 25
39 20
72 69
68 65
70 67
34 25
71 67
33 24
31 26
70 66
29 9
46 43
37 23
37 34
67 59
39 21
30 9
60 54
32 24
10 7
69 65
31 24
73 70
47 44
45 42
66 63
67 64
37 21
65 61
63 60
32 27
31 25
31 13
64 61
48 15
53 2
26 11
37 22
65 62
73 69
54 3
33 25
13 10
50 8
15 7
47 43
46 40
68 64
13 9
31 27
40 33
47 19
64 60
30 27
67 63
52 42
21 18
32 29
66 62
6 3
63 6
30 26
74 12
32 26
46 42
53 43
74 11
52 49
24 3
31 28
44 41
52 6
67 60
66 69
18 47
68 71
68 72
25 32
20 39
69 72
65 68
67 70
25 34
67 71
24 33
26 31
66 70
9 29
43 46
23 37
34 37
59 67
21 39
9 30
54 60
24 32
7 10
65 69
24 31
70 73
44 47
42 45
63 66
64 67
21 37
61 65
60 63
27 32
25 31
13 31
61 64
15 48
2 53
11 26
22 37
62 65
69 73
3 54
25 33
10 13
8 50
7 15
43 47
40 46
64 68
9 13
27 31
33 40
19 47
60 64
27 30
63 67
42 52
18 21
29 32
62 66
3 6
6 63
26 30
12 74
26 32
42 46
43 53
11 74
49 52
3 24
28 31
41 44
6 52
60 67
