147 143
146 143
35 32
34 31
36 32
118 115
148 144
115 112
148 145
25 22
147 144
146 142
26 23
94 91
116 113
22 19
34 30
35 31
117 114
24 21
27 24
149 145
153 150
115 111
36 33
119 116
145 142
152 149
53 50
114 111
149 146
33 30
37 34
109 106
26 22
119 115
128 110
23 20
16 13
27 23
28 25
154 150
41 6
25 21
7 4
107 104
150 147
144 141
116 112
66 63
108 105
29 26
153 149
117 113
37 33
145 141
43 6
118 114
28 24
24 20
154 151
23 19
20 17
80 77
38 35
150 146
29 25
89 76
81 78
5 2
67 61
151 148
53 49
84 81
152 148
44 24
116 88
94 68
143 147
143 146
32 35
31 34
32 36
115 118
144 148
112 115
145 148
22 25
144 147
142 146
23 26
91 94
113 116
19 22
30 34
31 35
114 117
21 24
24 27
145 149
150 153
111 115
33 36
116 119
142 145
149 152
50 53
111 114
146 149
30 33
34 37
106 109
22 26
115 119
110 128
20 23
13 16
23 27
25 28
150 154
6 41
21 25
4 7
104 107
147 150
141 144
112 116
63 66
105 108
26 29
149 153
113 117
33 37
141 145
6 43
114 118
24 28
20 24
151 154
19 23
17 20
77 80
35 38
146 150
25 29
76 89
78 81
2 5
61 67
148 151
49 53
81 84
148 152
24 44
88 116
68 94
