128 110
36 32
44 24
116 88
147 143
43 6
94 91
109 90
44 28
149 117
154 150
149 34
148 144
113 88
106 33
7 4
113 31
144 127
22 19
67 61
93 58
89 76
115 111
116 87
16 13
110 33
94 68
146 142
148 127
35 31
41 6
66 63
142 124
115 112
121 115
91 69
92 17
76 67
144 122
34 30
89 80
42 31
52 31
94 69
129 115
139 106
114 111
109 27
92 58
89 61
106 29
98 26
152 42
76 61
124 64
148 120
86 76
80 77
51 40
28 9
153 149
121 111
107 104
118 115
25 22
113 54
53 10
146 37
36 29
94 74
54 27
118 111
105 27
153 121
129 114
119 115
29 25
105 23
110 128
32 36
24 44
88 116
143 147
6 43
91 94
90 109
28 44
117 149
150 154
34 149
144 148
88 113
33 106
4 7
31 113
127 144
19 22
61 67
58 93
76 89
111 115
87 116
13 16
33 110
68 94
142 146
127 148
31 35
6 41
63 66
124 142
112 115
115 121
69 91
17 92
67 76
122 144
30 34
80 89
31 42
31 52
69 94
115 129
106 139
111 114
27 109
58 92
61 89
29 106
26 98
42 152
61 76
64 124
120 148
76 86
77 80
40 51
9 28
149 153
111 121
104 107
115 118
22 25
54 113
10 53
37 146
29 36
74 94
27 54
111 118
27 105
121 153
114 129
115 119
25 29
23 105
