130 122
105 98
39 5
22 18
106 30
90 75
35 32
36 32
54 10
42 6
72 69
131 121
105 26
102 95
25 22
35 31
127 123
89 55
110 30
5 2
153 39
66 61
86 52
56 15
96 18
120 115
40 7
87 54
67 58
55 12
105 96
115 79
30 26
101 97
153 150
153 40
45 10
71 68
108 103
139 107
104 99
43 9
141 127
23 14
112 88
50 9
53 50
67 60
96 15
131 122
148 119
41 35
154 150
42 8
29 25
41 6
53 11
88 54
116 112
92 58
23 19
55 13
145 142
88 55
66 60
65 60
86 77
130 123
44 10
63 60
92 57
87 53
69 59
112 109
89 54
146 143
150 37
52 8
40 35
144 127
46 11
24 20
87 84
85 52
113 31
113 86
36 33
85 79
20 14
45 9
94 70
118 115
112 77
129 122
51 9
103 100
153 149
127 122
149 119
89 77
53 10
26 23
91 58
37 33
110 33
130 124
128 107
141 33
32 29
129 114
26 22
91 57
52 9
86 81
47 10
88 52
140 33
135 104
133 130
86 51
145 128
86 78
56 13
118 80
137 100
110 106
142 127
40 34
114 111
34 31
33 30
73 68
148 144
72 68
144 124
97 17
94 91
91 73
87 77
150 38
103 96
44 8
103 95
119 115
137 99
125 122
108 104
120 114
143 127
129 121
149 118
84 81
88 75
130 127
113 30
149 114
91 56
152 118
90 56
81 2
117 113
104 101
74 71
95 17
50 10
106 26
95 92
154 151
91 67
22 19
112 76
94 71
98 26
66 58
74 67
88 78
128 111
117 79
93 58
151 147
116 78
154 149
147 143
139 136
142 128
109 26
31 28
150 146
94 69
85 81
89 75
66 62
151 148
61 57
106 29
51 7
107 30
115 86
48 45
115 112
90 57
89 56
28 25
80 2
93 69
149 34
116 86
91 74
87 78
23 20
53 12
109 106
104 98
112 108
108 105
141 128
18 15
90 76
73 67
138 135
39 36
88 76
103 94
40 5
68 59
116 87
46 10
41 5
154 38
38 34
149 145
87 52
114 110
103 97
115 111
42 9
130 126
146 141
7 4
45 8
116 52
153 38
86 79
69 58
55 11
90 55
147 144
129 111
116 113
109 27
33 29
86 53
37 34
146 142
14 11
116 77
114 34
144 141
154 39
119 116
42 31
85 78
130 125
85 80
128 122
94 74
115 78
76 73
39 35
67 59
56 14
139 135
52 10
110 31
149 38
67 61
110 27
31 27
23 18
133 108
107 104
112 75
49 10
117 114
88 77
117 2
52 7
34 30
106 27
91 59
84 78
127 124
116 85
51 8
117 80
116 79
88 53
140 128
89 76
95 70
150 147
38 35
109 30
129 120
149 117
110 107
29 26
53 9
98 18
145 129
131 123
144 122
108 75
23 15
42 7
116 80
139 106
93 57
119 114
27 24
41 7
135 107
105 97
54 9
54 12
115 77
53 49
92 15
113 110
44 9
128 110
109 105
32 28
113 109
42 35
108 74
87 51
148 145
91 75
104 97
50 7
101 98
130 121
145 127
55 14
102 97
30 27
104 96
92 56
28 24
68 58
43 8
106 98
40 6
90 74
61 58
43 7
90 54
85 51
50 45
152 148
25 21
98 22
86 80
89 57
27 23
145 141
149 146
54 11
145 122
118 114
116 88
54 13
97 18
104 100
105 23
113 88
24 21
96 17
152 149
119 79
146 37
84 53
85 82
102 96
142 126
118 79
111 108
19 16
43 6
24 11
91 69
111 107
50 8
129 119
135 100
117 86
64 60
100 97
93 70
87 79
66 59
113 77
66 63
122 130
98 105
5 39
18 22
30 106
75 90
32 35
32 36
10 54
6 42
69 72
121 131
26 105
95 102
22 25
31 35
123 127
55 89
30 110
2 5
39 153
61 66
52 86
15 56
18 96
115 120
7 40
54 87
58 67
12 55
96 105
79 115
26 30
97 101
150 153
40 153
10 45
68 71
103 108
107 139
99 104
9 43
127 141
14 23
88 112
9 50
50 53
60 67
15 96
122 131
119 148
35 41
150 154
8 42
25 29
6 41
11 53
54 88
112 116
58 92
19 23
13 55
142 145
55 88
60 66
60 65
77 86
123 130
10 44
60 63
57 92
53 87
59 69
109 112
54 89
143 146
37 150
8 52
35 40
127 144
11 46
20 24
84 87
52 85
31 113
86 113
33 36
79 85
14 20
9 45
70 94
115 118
77 112
122 129
9 51
100 103
149 153
122 127
119 149
77 89
10 53
23 26
58 91
33 37
33 110
124 130
107 128
33 141
29 32
114 129
22 26
57 91
9 52
81 86
10 47
52 88
33 140
104 135
130 133
51 86
128 145
78 86
13 56
80 118
100 137
106 110
127 142
34 40
111 114
31 34
30 33
68 73
144 148
68 72
124 144
17 97
91 94
73 91
77 87
38 150
96 103
8 44
95 103
115 119
99 137
122 125
104 108
114 120
127 143
121 129
118 149
81 84
75 88
127 130
30 113
114 149
56 91
118 152
56 90
2 81
113 117
101 104
71 74
17 95
10 50
26 106
92 95
151 154
67 91
19 22
76 112
71 94
26 98
58 66
67 74
78 88
111 128
79 117
58 93
147 151
78 116
149 154
143 147
136 139
128 142
26 109
28 31
146 150
69 94
81 85
75 89
62 66
148 151
57 61
29 106
7 51
30 107
86 115
45 48
112 115
57 90
56 89
25 28
2 80
69 93
34 149
86 116
74 91
78 87
20 23
12 53
106 109
98 104
108 112
105 108
128 141
15 18
76 90
67 73
135 138
36 39
76 88
94 103
5 40
59 68
87 116
10 46
5 41
38 154
34 38
145 149
52 87
110 114
97 103
111 115
9 42
126 130
141 146
4 7
8 45
52 116
38 153
79 86
58 69
11 55
55 90
144 147
111 129
113 116
27 109
29 33
53 86
34 37
142 146
11 14
77 116
34 114
141 144
39 154
116 119
31 42
78 85
125 130
80 85
122 128
74 94
78 115
73 76
35 39
59 67
14 56
135 139
10 52
31 110
38 149
61 67
27 110
27 31
18 23
108 133
104 107
75 112
10 49
114 117
77 88
2 117
7 52
30 34
27 106
59 91
78 84
124 127
85 116
8 51
80 117
79 116
53 88
128 140
76 89
70 95
147 150
35 38
30 109
120 129
117 149
107 110
26 29
9 53
18 98
129 145
123 131
122 144
75 108
15 23
7 42
80 116
106 139
57 93
114 119
24 27
7 41
107 135
97 105
9 54
12 54
77 115
49 53
15 92
110 113
9 44
110 128
105 109
28 32
109 113
35 42
74 108
51 87
145 148
75 91
97 104
7 50
98 101
121 130
127 145
14 55
97 102
27 30
96 104
56 92
24 28
58 68
8 43
98 106
6 40
74 90
58 61
7 43
54 90
51 85
45 50
148 152
21 25
22 98
80 86
57 89
23 27
141 145
146 149
11 54
122 145
114 118
88 116
13 54
18 97
100 104
23 105
88 113
21 24
17 96
149 152
79 119
37 146
53 84
82 85
96 102
126 142
79 118
108 111
16 19
6 43
11 24
69 91
107 111
8 50
119 129
100 135
86 117
60 64
97 100
70 93
79 87
59 66
77 113
63 66
