128 110
36 32
44 24
116 88
147 143
43 6
94 91
109 90
44 28
149 117
154 150
149 34
148 144
113 88
106 33
7 4
113 31
144 127
22 19
67 61
93 58
89 76
115 111
116 87
16 13
110 33
94 68
146 142
148 127
35 31
41 6
66 63
142 124
115 112
121 115
91 69
92 17
76 67
144 122
34 30
89 80
42 31
52 31
94 69
129 115
139 106
114 111
109 27
92 58
89 61
106 29
98 26
152 42
76 61
124 64
148 120
86 76
80 77
51 40
28 9
153 149
121 111
107 104
118 115
25 22
113 54
53 10
146 37
36 29
94 74
54 27
118 111
105 27
153 121
129 114
119 115
29 25
105 23
141 34
122 117
53 50
102 18
23 15
129 111
129 121
86 78
121 118
91 74
153 145
61 56
89 75
80 75
150 37
41 35
148 14
132 79
91 68
103 71
69 61
126 49
24 14
99 9
141 37
109 30
138 107
112 77
128 74
79 65
81 75
19 5
53 49
19 3
133 106
8 2
118 114
80 76
64 60
121 112
71 68
106 30
133 104
77 61
27 23
89 67
43 8
24 11
132 71
96 63
41 38
143 125
68 61
132 55
48 10
130 124
123 101
88 72
92 24
25 21
28 25
17 5
51 4
33 18
78 63
139 104
93 59
119 111
31 26
74 68
117 42
148 119
43 7
149 119
103 79
10 5
121 114
42 7
128 113
