147 143
148 144
36 32
146 143
115 112
128 110
44 28
35 32
35 31
116 113
43 6
147 144
116 88
22 19
34 30
148 145
25 22
34 31
44 24
109 90
146 142
118 115
149 145
28 25
145 142
94 91
114 111
25 21
113 31
113 88
27 24
24 21
26 23
115 111
117 114
41 6
153 149
36 33
154 150
106 33
153 150
149 34
109 106
37 34
7 4
26 22
144 127
152 149
118 114
144 141
27 23
149 146
149 117
37 33
53 50
116 87
23 20
107 104
93 58
76 67
145 141
66 63
29 25
67 61
116 112
119 116
119 115
94 68
110 33
23 19
89 76
24 20
117 113
152 148
108 105
142 124
144 122
150 147
94 69
29 26
129 111
16 13
80 77
33 30
148 120
150 146
118 111
43 7
42 31
53 49
120 117
38 34
129 114
91 69
33 29
129 115
28 24
121 118
151 147
92 58
148 127
89 80
81 78
91 68
110 107
151 148
110 106
149 119
148 119
20 17
121 115
139 106
89 61
106 29
92 17
5 2
94 74
71 68
129 121
14 11
86 76
38 35
154 151
80 76
68 61
143 140
64 60
113 110
53 10
89 75
98 26
67 63
90 75
84 81
43 8
109 105
124 64
86 78
122 117
76 61
21 18
95 92
80 75
76 68
113 54
42 7
17 5
67 64
152 42
15 12
91 74
41 38
52 31
153 145
22 18
106 30
67 62
143 147
144 148
32 36
143 146
112 115
110 128
28 44
32 35
31 35
113 116
6 43
144 147
88 116
19 22
30 34
145 148
22 25
31 34
24 44
90 109
142 146
115 118
145 149
25 28
142 145
91 94
111 114
21 25
31 113
88 113
24 27
21 24
23 26
111 115
114 117
6 41
149 153
33 36
150 154
33 106
150 153
34 149
106 109
34 37
4 7
22 26
127 144
149 152
114 118
141 144
23 27
146 149
117 149
33 37
50 53
87 116
20 23
104 107
58 93
67 76
141 145
63 66
25 29
61 67
112 116
116 119
115 119
68 94
33 110
19 23
76 89
20 24
113 117
148 152
105 108
124 142
122 144
147 150
69 94
26 29
111 129
13 16
77 80
30 33
120 148
146 150
111 118
7 43
31 42
49 53
117 120
34 38
114 129
69 91
29 33
115 129
24 28
118 121
147 151
58 92
127 148
80 89
78 81
68 91
107 110
148 151
106 110
119 149
119 148
17 20
115 121
106 139
61 89
29 106
17 92
2 5
74 94
68 71
121 129
11 14
76 86
35 38
151 154
76 80
61 68
140 143
60 64
110 113
10 53
75 89
26 98
63 67
75 90
81 84
8 43
105 109
64 124
78 86
117 122
61 76
18 21
92 95
75 80
68 76
54 113
7 42
5 17
64 67
42 152
12 15
74 91
38 41
31 52
145 153
18 22
30 106
62 67
