128 110
36 32
44 24
116 88
147 143
43 6
94 91
109 90
44 28
149 117
154 150
149 34
148 144
113 88
106 33
7 4
113 31
144 127
22 19
67 61
93 58
89 76
115 111
116 87
16 13
110 33
94 68
146 142
148 127
35 31
41 6
66 63
142 124
115 112
121 115
91 69
92 17
76 67
144 122
34 30
89 80
42 31
52 31
94 69
129 115
139 106
114 111
109 27
92 58
89 61
106 29
98 26
152 42
76 61
124 64
148 120
86 76
80 77
51 40
28 9
153 149
121 111
107 104
118 115
25 22
113 54
53 10
146 37
36 29
94 74
54 27
118 111
105 27
153 121
129 114
119 115
29 25
105 23
141 34
122 117
53 50
102 18
23 15
129 111
129 121
86 78
121 118
91 74
153 145
61 56
89 75
80 75
150 37
41 35
148 14
132 79
91 68
103 71
69 61
126 49
24 14
99 9
141 37
109 30
138 107
112 77
128 74
79 65
81 75
19 5
53 49
19 3
133 106
8 2
118 114
80 76
64 60
121 112
71 68
106 30
133 104
77 61
27 23
89 67
43 8
24 11
132 71
96 63
41 38
143 125
68 61
132 55
48 10
130 124
123 101
88 72
92 24
25 21
28 25
17 5
51 4
33 18
78 63
139 104
93 59
119 111
31 26
74 68
117 42
148 119
43 7
149 119
103 79
10 5
121 114
42 7
128 113
141 32
89 68
142 139
86 80
20 11
15 3
122 76
38 7
94 71
87 81
129 118
89 78
75 68
42 35
26 22
138 25
145 115
151 147
89 86
117 9
95 19
140 108
150 51
125 36
20 9
140 137
144 124
110 106
23 11
139 107
119 112
109 92
81 39
127 122
134 73
78 61
145 129
58 25
28 4
20 12
110 107
49 41
84 81
86 63
141 133
117 114
96 89
50 45
56 42
134 43
132 54
76 56
90 75
120 73
67 63
150 143
37 7
56 23
136 108
127 56
113 13
152 65
149 40
85 81
144 80
84 72
105 91
103 95
120 79
94 89
139 97
23 18
124 26
145 111
150 40
19 6
69 59
137 25
110 128
32 36
24 44
88 116
143 147
6 43
91 94
90 109
28 44
117 149
150 154
34 149
144 148
88 113
33 106
4 7
31 113
127 144
19 22
61 67
58 93
76 89
111 115
87 116
13 16
33 110
68 94
142 146
127 148
31 35
6 41
63 66
124 142
112 115
115 121
69 91
17 92
67 76
122 144
30 34
80 89
31 42
31 52
69 94
115 129
106 139
111 114
27 109
58 92
61 89
29 106
26 98
42 152
61 76
64 124
120 148
76 86
77 80
40 51
9 28
149 153
111 121
104 107
115 118
22 25
54 113
10 53
37 146
29 36
74 94
27 54
111 118
27 105
121 153
114 129
115 119
25 29
23 105
34 141
117 122
50 53
18 102
15 23
111 129
121 129
78 86
118 121
74 91
145 153
56 61
75 89
75 80
37 150
35 41
14 148
79 132
68 91
71 103
61 69
49 126
14 24
9 99
37 141
30 109
107 138
77 112
74 128
65 79
75 81
5 19
49 53
3 19
106 133
2 8
114 118
76 80
60 64
112 121
68 71
30 106
104 133
61 77
23 27
67 89
8 43
11 24
71 132
63 96
38 41
125 143
61 68
55 132
10 48
124 130
101 123
72 88
24 92
21 25
25 28
5 17
4 51
18 33
63 78
104 139
59 93
111 119
26 31
68 74
42 117
119 148
7 43
119 149
79 103
5 10
114 121
7 42
113 128
32 141
68 89
139 142
80 86
11 20
3 15
76 122
7 38
71 94
81 87
118 129
78 89
68 75
35 42
22 26
25 138
115 145
147 151
86 89
9 117
19 95
108 140
51 150
36 125
9 20
137 140
124 144
106 110
11 23
107 139
112 119
92 109
39 81
122 127
73 134
61 78
129 145
25 58
4 28
12 20
107 110
41 49
81 84
63 86
133 141
114 117
89 96
45 50
42 56
43 134
54 132
56 76
75 90
73 120
63 67
143 150
7 37
23 56
108 136
56 127
13 113
65 152
40 149
81 85
80 144
72 84
91 105
95 103
79 120
89 94
97 139
18 23
26 124
111 145
40 150
6 19
59 69
25 137
