147 143
148 144
36 32
146 143
115 112
128 110
44 28
35 32
35 31
116 113
43 6
147 144
116 88
22 19
34 30
148 145
25 22
34 31
44 24
109 90
146 142
118 115
149 145
28 25
145 142
94 91
114 111
25 21
113 31
113 88
27 24
24 21
26 23
115 111
117 114
41 6
153 149
36 33
154 150
106 33
153 150
149 34
109 106
37 34
7 4
26 22
144 127
152 149
118 114
144 141
27 23
149 146
149 117
37 33
53 50
116 87
23 20
107 104
93 58
76 67
145 141
66 63
29 25
67 61
116 112
119 116
119 115
94 68
110 33
23 19
89 76
24 20
117 113
152 148
108 105
142 124
144 122
150 147
94 69
29 26
129 111
16 13
80 77
33 30
148 120
150 146
118 111
43 7
42 31
53 49
120 117
38 34
129 114
91 69
33 29
129 115
28 24
121 118
151 147
92 58
148 127
89 80
81 78
91 68
110 107
151 148
110 106
149 119
148 119
20 17
121 115
139 106
89 61
106 29
92 17
5 2
94 74
71 68
129 121
14 11
86 76
38 35
154 151
80 76
68 61
143 140
64 60
113 110
53 10
89 75
98 26
67 63
90 75
84 81
43 8
109 105
124 64
86 78
122 117
76 61
21 18
95 92
80 75
76 68
113 54
42 7
17 5
67 64
152 42
15 12
91 74
41 38
52 31
153 145
22 18
106 30
67 62
142 139
82 79
83 80
121 111
30 27
41 7
146 37
121 117
79 76
128 111
118 112
64 61
121 114
23 15
42 6
19 3
41 35
93 68
86 80
51 48
18 15
13 10
108 104
94 71
109 27
120 116
24 14
8 5
52 49
111 108
51 40
40 6
75 68
142 127
77 61
19 5
121 112
69 61
119 111
78 75
133 106
143 124
32 29
143 126
50 47
20 11
112 77
144 140
103 71
143 125
129 112
39 36
89 78
18 5
112 109
127 110
7 3
48 45
39 35
93 59
119 112
153 121
140 137
104 96
63 60
65 62
19 16
42 35
89 67
54 27
87 81
85 82
6 3
74 68
128 113
54 51
139 107
105 23
