143 139
93 89
30 26
28 24
59 55
58 54
169 166
165 161
147 144
13 10
95 91
142 138
29 25
127 123
127 124
165 162
15 12
146 143
63 60
143 140
166 163
144 141
170 167
148 145
162 159
27 23
169 165
97 94
159 156
79 75
40 27
131 128
168 165
129 125
61 57
164 161
29 26
63 59
60 56
14 10
30 27
163 159
96 93
142 126
163 160
167 164
57 38
94 90
144 140
94 91
141 122
170 166
45 41
92 88
91 72
27 11
148 144
145 141
27 24
140 137
164 160
59 56
141 137
130 127
98 94
141 129
64 60
17 13
142 139
26 14
26 7
14 11
58 42
28 25
141 125
57 45
167 163
53 45
96 92
92 76
97 93
61 35
53 50
168 164
48 24
90 87
62 58
58 55
82 55
92 89
62 59
41 28
26 10
75 59
78 55
77 73
166 162
12 9
56 53
147 143
145 119
145 142
137 134
91 79
91 75
146 142
91 87
57 41
37 31
26 22
41 24
160 157
22 19
26 23
60 57
12 8
132 128
87 84
22 14
77 74
25 22
43 39
93 90
30 11
137 129
131 127
44 24
11 8
16 12
31 27
128 125
80 77
64 61
40 8
161 158
55 52
94 72
75 55
84 79
71 61
98 95
17 14
57 54
15 11
45 24
39 35
37 30
71 62
61 58
16 13
24 21
57 53
13 9
141 138
19 14
74 58
71 68
171 168
46 43
72 62
162 158
128 124
78 75
145 126
37 34
56 52
140 136
45 42
149 119
31 28
130 126
161 157
121 118
10 7
139 136
87 79
79 76
134 129
95 69
82 52
48 21
95 92
129 126
44 41
149 146
43 40
132 129
91 88
144 122
79 55
32 29
126 123
