87 84
137 134
22 19
53 50
159 156
141 122
91 72
141 125
58 42
57 38
75 59
142 126
91 75
57 41
92 76
41 28
27 11
40 27
53 45
26 10
74 58
22 14
26 7
137 129
59 55
93 89
26 14
57 45
87 79
143 139
91 79
48 21
141 129
28 24
82 52
37 31
71 62
78 55
134 129
63 60
94 72
71 68
48 24
44 24
79 75
97 94
147 144
165 161
45 24
129 125
82 55
71 61
61 35
84 79
75 55
144 122
37 34
17 13
41 24
19 14
45 41
145 119
72 62
127 123
121 118
14 10
140 137
37 30
169 166
30 11
148 144
50 45
149 119
38 31
74 43
74 39
152 149
132 128
60 38
145 126
95 69
77 73
68 65
79 55
40 8
92 80
56 53
81 46
27 15
78 51
90 87
65 35
40 12
127 124
64 60
95 76
130 127
142 127
32 29
44 20
44 15
30 4
162 159
13 10
25 22
145 122
43 39
27 12
95 72
50 24
82 78
29 26
125 93
48 44
68 39
85 80
84 55
142 130
47 15
135 130
40 15
58 46
118 115
78 46
94 91
142 138
30 26
163 143
102 99
163 159
103 100
58 54
98 94
78 58
138 130
71 39
148 122
29 7
166 163
61 42
80 77
61 38
64 38
78 54
44 23
74 46
46 43
148 145
145 123
48 20
79 59
57 28
75 62
30 7
144 141
111 106
139 135
20 15
60 57
60 56
138 126
68 35
95 73
110 93
87 59
92 77
91 59
156 139
29 25
80 46
41 31
15 12
99 69
81 51
63 59
97 93
170 166
77 74
109 106
95 91
51 46
106 103
143 140
164 160
16 12
114 111
39 35
174 171
27 23
131 127
170 167
169 165
160 155
47 20
177 174
145 141
58 43
23 11
10 6
37 27
149 146
56 52
12 8
53 28
94 90
164 161
90 56
86 52
154 136
167 163
110 106
34 8
82 51
71 58
32 28
93 59
98 72
45 28
6 3
161 157
146 143
135 85
147 97
54 42
92 88
12 9
24 20
70 36
72 68
13 9
26 11
26 22
114 110
147 143
140 90
43 40
141 91
64 61
24 21
131 128
90 86
55 52
136 86
113 110
38 34
158 136
104 101
13 6
58 39
81 77
152 123
165 143
118 34
47 43
77 43
153 150
52 21
91 87
98 95
142 123
167 160
54 46
117 67
88 76
107 104
86 21
140 136
80 15
63 32
28 25
9 6
10 7
132 129
118 68
141 137
165 162
97 63
68 34
17 14
31 28
89 85
61 39
61 57
168 164
137 87
85 51
123 119
91 76
84 87
134 137
19 22
50 53
156 159
122 141
72 91
125 141
42 58
38 57
59 75
126 142
75 91
41 57
76 92
28 41
11 27
27 40
45 53
10 26
58 74
14 22
7 26
129 137
55 59
89 93
14 26
45 57
79 87
139 143
79 91
21 48
129 141
24 28
52 82
31 37
62 71
55 78
129 134
60 63
72 94
68 71
24 48
24 44
75 79
94 97
144 147
161 165
24 45
125 129
55 82
61 71
35 61
79 84
55 75
122 144
34 37
13 17
24 41
14 19
41 45
119 145
62 72
123 127
118 121
10 14
137 140
30 37
166 169
11 30
144 148
45 50
119 149
31 38
43 74
39 74
149 152
128 132
38 60
126 145
69 95
73 77
65 68
55 79
8 40
80 92
53 56
46 81
15 27
51 78
87 90
35 65
12 40
124 127
60 64
76 95
127 130
127 142
29 32
20 44
15 44
4 30
159 162
10 13
22 25
122 145
39 43
12 27
72 95
24 50
78 82
26 29
93 125
44 48
39 68
80 85
55 84
130 142
15 47
130 135
15 40
46 58
115 118
46 78
91 94
138 142
26 30
143 163
99 102
159 163
100 103
54 58
94 98
58 78
130 138
39 71
122 148
7 29
163 166
42 61
77 80
38 61
38 64
54 78
23 44
46 74
43 46
145 148
123 145
20 48
59 79
28 57
62 75
7 30
141 144
106 111
135 139
15 20
57 60
56 60
126 138
35 68
73 95
93 110
59 87
77 92
59 91
139 156
25 29
46 80
31 41
12 15
69 99
51 81
59 63
93 97
166 170
74 77
106 109
91 95
46 51
103 106
140 143
160 164
12 16
111 114
35 39
171 174
23 27
127 131
167 170
165 169
155 160
20 47
174 177
141 145
43 58
11 23
6 10
27 37
146 149
52 56
8 12
28 53
90 94
161 164
56 90
52 86
136 154
163 167
106 110
8 34
51 82
58 71
28 32
59 93
72 98
28 45
3 6
157 161
143 146
85 135
97 147
42 54
88 92
9 12
20 24
36 70
68 72
9 13
11 26
22 26
110 114
143 147
90 140
40 43
91 141
61 64
21 24
128 131
86 90
52 55
86 136
110 113
34 38
136 158
101 104
6 13
39 58
77 81
123 152
143 165
34 118
43 47
43 77
150 153
21 52
87 91
95 98
123 142
160 167
46 54
67 117
76 88
104 107
21 86
136 140
15 80
32 63
25 28
6 9
7 10
129 132
68 118
137 141
162 165
63 97
34 68
14 17
28 31
85 89
39 61
57 61
164 168
87 137
51 85
119 123
76 91
