138 130
94 72
138 135
45 24
139 136
120 117
129 89
140 126
159 156
121 95
179 175
90 76
161 142
183 111
169 160
54 43
58 38
117 104
44 21
137 134
116 104
165 161
164 138
188 9
30 26
64 34
60 38
26 8
121 96
180 112
125 92
89 86
55 52
138 127
181 111
60 35
126 123
164 139
82 79
48 45
44 40
182 9
94 69
159 155
61 57
169 127
149 145
115 107
154 120
128 88
188 184
168 165
95 73
95 92
30 4
189 186
98 67
172 124
133 130
88 85
84 81
112 107
23 20
109 106
55 51
88 75
118 99
137 126
178 16
121 118
118 104
74 71
23 10
26 10
11 8
135 129
31 28
8 4
184 111
61 34
125 89
23 12
18 15
116 107
50 47
57 39
94 91
148 144
63 59
134 131
33 30
41 27
91 73
124 120
15 11
95 91
166 163
73 70
39 36
45 41
170 160
188 183
148 119
128 86
25 22
178 15
71 62
75 59
163 160
61 39
112 109
145 123
81 77
90 87
64 61
155 152
85 79
96 92
36 33
13 10
93 89
181 37
26 22
128 124
167 135
82 51
128 85
141 125
54 51
68 65
37 33
105 99
81 78
95 71
91 76
139 126
44 24
169 163
24 20
92 73
72 58
129 85
12 9
62 58
143 140
148 118
42 38
113 106
75 72
165 139
140 137
48 21
27 11
29 25
71 68
58 54
9 5
65 61
101 97
5 2
40 37
60 56
187 184
43 40
171 127
134 129
53 50
122 92
141 137
49 46
138 129
157 142
38 27
27 7
188 6
187 5
56 53
168 163
92 77
121 93
177 47
83 80
164 160
118 103
173 123
53 45
124 92
167 130
179 112
59 56
102 99
165 162
71 39
57 42
127 123
91 88
54 44
167 163
41 28
22 11
179 114
174 77
99 69
79 75
47 43
75 71
25 21
12 8
168 164
40 27
133 129
188 5
37 8
74 70
138 126
116 105
89 76
141 138
147 144
131 127
83 79
169 130
141 123
173 124
84 79
72 69
148 103
128 80
98 95
30 7
169 164
115 104
128 89
182 111
23 13
78 74
58 39
141 122
68 62
75 58
78 51
50 45
92 76
91 72
146 119
14 11
31 4
29 26
64 60
92 72
111 107
157 154
173 120
138 128
128 125
181 110
99 95
7 3
89 85
9 6
145 118
41 37
96 93
61 58
60 57
27 8
45 42
162 158
18 14
93 90
118 102
30 3
116 70
11 7
155 151
10 6
113 107
20 15
57 53
101 96
8 5
134 130
82 78
39 35
179 113
58 42
137 129
123 120
48 44
44 41
125 93
182 12
57 38
182 8
142 139
166 162
22 14
98 69
61 37
154 151
181 39
72 62
169 131
183 5
16 13
172 123
95 69
77 73
158 154
28 25
38 34
92 89
103 99
97 93
23 14
19 14
164 130
98 68
149 119
161 158
105 102
182 112
130 127
158 155
182 110
154 149
88 78
97 94
78 55
72 68
114 106
129 125
17 14
181 113
183 8
75 55
113 108
80 76
125 122
92 88
25 11
178 18
164 135
62 35
167 164
172 127
143 139
95 68
170 163
50 46
129 126
104 99
100 96
131 128
181 112
26 7
142 126
22 15
189 185
138 125
66 62
53 42
71 61
181 36
145 142
67 62
147 143
124 121
146 143
160 156
71 58
150 103
142 123
22 19
61 36
175 74
121 117
145 120
46 42
78 54
99 96
157 146
41 24
16 12
154 150
141 126
88 76
112 108
135 130
88 79
76 72
38 33
98 94
14 10
127 124
13 9
20 14
145 119
30 27
114 108
126 122
131 85
160 157
78 46
138 134
181 40
56 52
23 11
54 46
188 185
88 84
132 128
132 85
160 142
139 135
15 12
144 119
115 106
28 24
161 157
41 38
58 55
157 149
162 159
6 2
144 141
158 146
157 123
177 43
85 80
179 176
115 105
142 122
66 63
144 122
54 45
180 12
46 43
160 123
90 86
19 16
163 159
27 23
87 76
56 42
145 122
94 90
61 35
161 139
111 108
27 24
183 9
54 50
137 130
65 35
64 35
37 30
55 42
40 36
48 20
54 42
148 145
154 119
122 118
157 120
120 116
57 54
91 75
180 113
125 121
73 69
155 149
37 27
7 4
121 73
91 87
61 38
123 119
38 35
146 142
87 79
49 45
164 161
51 45
74 58
130 126
26 11
44 20
24 11
37 34
117 105
118 96
29 7
24 21
122 96
47 44
161 143
47 20
6 3
119 103
121 92
157 119
117 103
23 15
78 75
63 35
62 59
121 116
144 140
77 74
84 80
187 183
42 39
175 114
116 106
145 141
57 41
23 19
114 107
30 8
54 41
79 76
95 72
44 23
63 60
100 97
80 77
110 107
19 15
157 145
95 70
51 46
122 119
88 77
87 84
59 55
180 111
140 136
17 13
76 73
142 138
170 127
180 40
96 69
132 129
65 62
26 23
69 66
156 153
43 39
88 80
10 7
149 146
130 138
72 94
135 138
24 45
136 139
117 120
89 129
126 140
156 159
95 121
175 179
76 90
142 161
111 183
160 169
43 54
38 58
104 117
21 44
134 137
104 116
161 165
138 164
9 188
26 30
34 64
38 60
8 26
96 121
112 180
92 125
86 89
52 55
127 138
111 181
35 60
123 126
139 164
79 82
45 48
40 44
9 182
69 94
155 159
57 61
127 169
145 149
107 115
120 154
88 128
184 188
165 168
73 95
92 95
4 30
186 189
67 98
124 172
130 133
85 88
81 84
107 112
20 23
106 109
51 55
75 88
99 118
126 137
16 178
118 121
104 118
71 74
10 23
10 26
8 11
129 135
28 31
4 8
111 184
34 61
89 125
12 23
15 18
107 116
47 50
39 57
91 94
144 148
59 63
131 134
30 33
27 41
73 91
120 124
11 15
91 95
163 166
70 73
36 39
41 45
160 170
183 188
119 148
86 128
22 25
15 178
62 71
59 75
160 163
39 61
109 112
123 145
77 81
87 90
61 64
152 155
79 85
92 96
33 36
10 13
89 93
37 181
22 26
124 128
135 167
51 82
85 128
125 141
51 54
65 68
33 37
99 105
78 81
71 95
76 91
126 139
24 44
163 169
20 24
73 92
58 72
85 129
9 12
58 62
140 143
118 148
38 42
106 113
72 75
139 165
137 140
21 48
11 27
25 29
68 71
54 58
5 9
61 65
97 101
2 5
37 40
56 60
184 187
40 43
127 171
129 134
50 53
92 122
137 141
46 49
129 138
142 157
27 38
7 27
6 188
5 187
53 56
163 168
77 92
93 121
47 177
80 83
160 164
103 118
123 173
45 53
92 124
130 167
112 179
56 59
99 102
162 165
39 71
42 57
123 127
88 91
44 54
163 167
28 41
11 22
114 179
77 174
69 99
75 79
43 47
71 75
21 25
8 12
164 168
27 40
129 133
5 188
8 37
70 74
126 138
105 116
76 89
138 141
144 147
127 131
79 83
130 169
123 141
124 173
79 84
69 72
103 148
80 128
95 98
7 30
164 169
104 115
89 128
111 182
13 23
74 78
39 58
122 141
62 68
58 75
51 78
45 50
76 92
72 91
119 146
11 14
4 31
26 29
60 64
72 92
107 111
154 157
120 173
128 138
125 128
110 181
95 99
3 7
85 89
6 9
118 145
37 41
93 96
58 61
57 60
8 27
42 45
158 162
14 18
90 93
102 118
3 30
70 116
7 11
151 155
6 10
107 113
15 20
53 57
96 101
5 8
130 134
78 82
35 39
113 179
42 58
129 137
120 123
44 48
41 44
93 125
12 182
38 57
8 182
139 142
162 166
14 22
69 98
37 61
151 154
39 181
62 72
131 169
5 183
13 16
123 172
69 95
73 77
154 158
25 28
34 38
89 92
99 103
93 97
14 23
14 19
130 164
68 98
119 149
158 161
102 105
112 182
127 130
155 158
110 182
149 154
78 88
94 97
55 78
68 72
106 114
125 129
14 17
113 181
8 183
55 75
108 113
76 80
122 125
88 92
11 25
18 178
135 164
35 62
164 167
127 172
139 143
68 95
163 170
46 50
126 129
99 104
96 100
128 131
112 181
7 26
126 142
15 22
185 189
125 138
62 66
42 53
61 71
36 181
142 145
62 67
143 147
121 124
143 146
156 160
58 71
103 150
123 142
19 22
36 61
74 175
117 121
120 145
42 46
54 78
96 99
146 157
24 41
12 16
150 154
126 141
76 88
108 112
130 135
79 88
72 76
33 38
94 98
10 14
124 127
9 13
14 20
119 145
27 30
108 114
122 126
85 131
157 160
46 78
134 138
40 181
52 56
11 23
46 54
185 188
84 88
128 132
85 132
142 160
135 139
12 15
119 144
106 115
24 28
157 161
38 41
55 58
149 157
159 162
2 6
141 144
146 158
123 157
43 177
80 85
176 179
105 115
122 142
63 66
122 144
45 54
12 180
43 46
123 160
86 90
16 19
159 163
23 27
76 87
42 56
122 145
90 94
35 61
139 161
108 111
24 27
9 183
50 54
130 137
35 65
35 64
30 37
42 55
36 40
20 48
42 54
145 148
119 154
118 122
120 157
116 120
54 57
75 91
113 180
121 125
69 73
149 155
27 37
4 7
73 121
87 91
38 61
119 123
35 38
142 146
79 87
45 49
161 164
45 51
58 74
126 130
11 26
20 44
11 24
34 37
105 117
96 118
7 29
21 24
96 122
44 47
143 161
20 47
3 6
103 119
92 121
119 157
103 117
15 23
75 78
35 63
59 62
116 121
140 144
74 77
80 84
183 187
39 42
114 175
106 116
141 145
41 57
19 23
107 114
8 30
41 54
76 79
72 95
23 44
60 63
97 100
77 80
107 110
15 19
145 157
70 95
46 51
119 122
77 88
84 87
55 59
111 180
136 140
13 17
73 76
138 142
127 170
40 180
69 96
129 132
62 65
23 26
66 69
153 156
39 43
80 88
7 10
146 149
