143 139
93 89
30 26
28 24
59 55
58 54
169 166
165 161
147 144
13 10
95 91
142 138
29 25
127 123
127 124
165 162
15 12
146 143
63 60
143 140
166 163
144 141
170 167
148 145
162 159
27 23
169 165
97 94
159 156
79 75
40 27
131 128
168 165
129 125
61 57
164 161
29 26
63 59
60 56
14 10
30 27
163 159
96 93
142 126
163 160
167 164
57 38
94 90
144 140
94 91
141 122
170 166
45 41
92 88
91 72
27 11
148 144
145 141
27 24
140 137
164 160
59 56
141 137
130 127
98 94
141 129
64 60
17 13
142 139
26 14
26 7
14 11
58 42
28 25
141 125
57 45
167 163
53 45
96 92
92 76
97 93
61 35
53 50
168 164
48 24
90 87
62 58
58 55
82 55
92 89
62 59
41 28
26 10
75 59
78 55
77 73
166 162
12 9
56 53
147 143
145 119
145 142
137 134
91 79
91 75
146 142
91 87
57 41
37 31
26 22
41 24
160 157
22 19
26 23
60 57
12 8
132 128
87 84
22 14
77 74
25 22
43 39
93 90
30 11
137 129
131 127
44 24
11 8
16 12
31 27
128 125
80 77
64 61
40 8
161 158
55 52
94 72
75 55
84 79
71 61
98 95
17 14
57 54
15 11
45 24
39 35
37 30
71 62
61 58
16 13
24 21
57 53
13 9
141 138
19 14
74 58
71 68
171 168
46 43
72 62
162 158
128 124
78 75
145 126
37 34
56 52
140 136
45 42
149 119
31 28
130 126
161 157
121 118
10 7
139 136
87 79
79 76
134 129
95 69
82 52
48 21
95 92
129 126
44 41
149 146
43 40
132 129
91 88
144 122
79 55
32 29
126 123
171 167
81 78
125 122
89 86
126 122
38 35
103 100
92 80
74 43
48 45
23 20
78 54
44 15
47 43
95 72
80 76
90 86
139 135
48 44
65 35
44 23
78 51
60 38
114 111
145 122
44 20
138 135
38 31
123 120
160 156
25 21
54 51
50 45
95 76
10 6
81 77
82 79
24 20
32 28
78 46
138 130
11 7
81 46
149 145
82 78
47 44
9 6
74 39
68 65
9 5
152 149
26 11
118 115
48 20
68 39
39 36
125 121
163 143
40 12
27 15
82 51
8 5
47 15
88 85
75 72
46 42
18 14
107 104
6 3
55 51
113 110
40 15
72 69
30 4
50 24
38 34
91 76
40 36
109 106
29 7
61 38
114 110
108 105
124 120
133 130
61 42
57 42
78 74
89 85
71 39
124 121
68 35
57 28
85 80
159 155
141 126
139 143
89 93
26 30
24 28
55 59
54 58
166 169
161 165
144 147
10 13
91 95
138 142
25 29
123 127
124 127
162 165
12 15
143 146
60 63
140 143
163 166
141 144
167 170
145 148
159 162
23 27
165 169
94 97
156 159
75 79
27 40
128 131
165 168
125 129
57 61
161 164
26 29
59 63
56 60
10 14
27 30
159 163
93 96
126 142
160 163
164 167
38 57
90 94
140 144
91 94
122 141
166 170
41 45
88 92
72 91
11 27
144 148
141 145
24 27
137 140
160 164
56 59
137 141
127 130
94 98
129 141
60 64
13 17
139 142
14 26
7 26
11 14
42 58
25 28
125 141
45 57
163 167
45 53
92 96
76 92
93 97
35 61
50 53
164 168
24 48
87 90
58 62
55 58
55 82
89 92
59 62
28 41
10 26
59 75
55 78
73 77
162 166
9 12
53 56
143 147
119 145
142 145
134 137
79 91
75 91
142 146
87 91
41 57
31 37
22 26
24 41
157 160
19 22
23 26
57 60
8 12
128 132
84 87
14 22
74 77
22 25
39 43
90 93
11 30
129 137
127 131
24 44
8 11
12 16
27 31
125 128
77 80
61 64
8 40
158 161
52 55
72 94
55 75
79 84
61 71
95 98
14 17
54 57
11 15
24 45
35 39
30 37
62 71
58 61
13 16
21 24
53 57
9 13
138 141
14 19
58 74
68 71
168 171
43 46
62 72
158 162
124 128
75 78
126 145
34 37
52 56
136 140
42 45
119 149
28 31
126 130
157 161
118 121
7 10
136 139
79 87
76 79
129 134
69 95
52 82
21 48
92 95
126 129
41 44
146 149
40 43
129 132
88 91
122 144
55 79
29 32
123 126
167 171
78 81
122 125
86 89
122 126
35 38
100 103
80 92
43 74
45 48
20 23
54 78
15 44
43 47
72 95
76 80
86 90
135 139
44 48
35 65
23 44
51 78
38 60
111 114
122 145
20 44
135 138
31 38
120 123
156 160
21 25
51 54
45 50
76 95
6 10
77 81
79 82
20 24
28 32
46 78
130 138
7 11
46 81
145 149
78 82
44 47
6 9
39 74
65 68
5 9
149 152
11 26
115 118
20 48
39 68
36 39
121 125
143 163
12 40
15 27
51 82
5 8
15 47
85 88
72 75
42 46
14 18
104 107
3 6
51 55
110 113
15 40
69 72
4 30
24 50
34 38
76 91
36 40
106 109
7 29
38 61
110 114
105 108
120 124
130 133
42 61
42 57
74 78
85 89
39 71
121 124
35 68
28 57
80 85
155 159
126 141
