143 139
93 89
30 26
28 24
59 55
58 54
169 166
165 161
147 144
13 10
95 91
142 138
29 25
127 123
127 124
165 162
15 12
146 143
63 60
143 140
166 163
144 141
170 167
148 145
162 159
27 23
169 165
97 94
159 156
79 75
40 27
131 128
168 165
129 125
61 57
164 161
29 26
63 59
60 56
14 10
30 27
163 159
96 93
142 126
163 160
167 164
57 38
94 90
144 140
94 91
141 122
170 166
45 41
92 88
91 72
27 11
148 144
145 141
27 24
140 137
164 160
59 56
141 137
130 127
98 94
141 129
64 60
17 13
142 139
26 14
26 7
14 11
58 42
28 25
141 125
57 45
167 163
53 45
96 92
92 76
97 93
61 35
53 50
168 164
48 24
90 87
62 58
58 55
82 55
92 89
62 59
41 28
26 10
75 59
78 55
77 73
