87 84
137 134
22 19
53 50
159 156
141 122
91 72
141 125
58 42
57 38
75 59
142 126
91 75
57 41
92 76
41 28
27 11
40 27
53 45
26 10
74 58
22 14
26 7
137 129
59 55
93 89
26 14
57 45
87 79
143 139
91 79
48 21
141 129
28 24
82 52
37 31
71 62
78 55
134 129
63 60
94 72
71 68
48 24
44 24
79 75
97 94
147 144
165 161
45 24
129 125
82 55
71 61
61 35
84 79
75 55
144 122
37 34
17 13
41 24
19 14
45 41
145 119
72 62
127 123
121 118
14 10
140 137
37 30
169 166
30 11
148 144
50 45
149 119
38 31
74 43
74 39
152 149
132 128
60 38
145 126
95 69
77 73
68 65
79 55
40 8
92 80
56 53
81 46
27 15
78 51
90 87
65 35
40 12
127 124
64 60
95 76
130 127
142 127
32 29
44 20
44 15
30 4
162 159
13 10
25 22
145 122
43 39
27 12
95 72
50 24
82 78
29 26
125 93
48 44
68 39
85 80
84 55
142 130
47 15
135 130
40 15
58 46
118 115
78 46
94 91
142 138
30 26
163 143
102 99
163 159
103 100
58 54
98 94
78 58
138 130
71 39
148 122
29 7
166 163
61 42
80 77
61 38
64 38
78 54
44 23
74 46
46 43
148 145
145 123
48 20
79 59
57 28
75 62
30 7
144 141
111 106
139 135
20 15
60 57
60 56
138 126
68 35
95 73
110 93
87 59
92 77
91 59
156 139
29 25
80 46
41 31
15 12
99 69
81 51
63 59
97 93
170 166
77 74
109 106
95 91
51 46
106 103
143 140
164 160
16 12
114 111
39 35
174 171
27 23
131 127
170 167
169 165
84 87
134 137
19 22
50 53
156 159
122 141
72 91
125 141
42 58
38 57
59 75
126 142
75 91
41 57
76 92
28 41
11 27
27 40
45 53
10 26
58 74
14 22
7 26
129 137
55 59
89 93
14 26
45 57
79 87
139 143
79 91
21 48
129 141
24 28
52 82
31 37
62 71
55 78
129 134
60 63
72 94
68 71
24 48
24 44
75 79
94 97
144 147
161 165
24 45
125 129
55 82
61 71
35 61
79 84
55 75
122 144
34 37
13 17
24 41
14 19
41 45
119 145
62 72
123 127
118 121
10 14
137 140
30 37
166 169
11 30
144 148
45 50
119 149
31 38
43 74
39 74
149 152
128 132
38 60
126 145
69 95
73 77
65 68
55 79
8 40
80 92
53 56
46 81
15 27
51 78
87 90
35 65
12 40
124 127
60 64
76 95
127 130
127 142
29 32
20 44
15 44
4 30
159 162
10 13
22 25
122 145
39 43
12 27
72 95
24 50
78 82
26 29
93 125
44 48
39 68
80 85
55 84
130 142
15 47
130 135
15 40
46 58
115 118
46 78
91 94
138 142
26 30
143 163
99 102
159 163
100 103
54 58
94 98
58 78
130 138
39 71
122 148
7 29
163 166
42 61
77 80
38 61
38 64
54 78
23 44
46 74
43 46
145 148
123 145
20 48
59 79
28 57
62 75
7 30
141 144
106 111
135 139
15 20
57 60
56 60
126 138
35 68
73 95
93 110
59 87
77 92
59 91
139 156
25 29
46 80
31 41
12 15
69 99
51 81
59 63
93 97
166 170
74 77
106 109
91 95
46 51
103 106
140 143
160 164
12 16
111 114
35 39
171 174
23 27
127 131
167 170
165 169
