87 84
137 134
22 19
53 50
159 156
141 122
91 72
141 125
58 42
57 38
75 59
142 126
91 75
57 41
92 76
41 28
27 11
40 27
53 45
26 10
74 58
22 14
26 7
137 129
59 55
93 89
26 14
57 45
87 79
143 139
91 79
48 21
141 129
28 24
82 52
37 31
71 62
78 55
134 129
63 60
94 72
71 68
48 24
44 24
79 75
97 94
147 144
165 161
45 24
129 125
82 55
71 61
61 35
84 79
75 55
144 122
37 34
17 13
41 24
19 14
45 41
145 119
72 62
127 123
121 118
14 10
140 137
37 30
169 166
30 11
148 144
50 45
149 119
38 31
74 43
74 39
152 149
132 128
60 38
145 126
95 69
77 73
68 65
79 55
40 8
92 80
56 53
81 46
27 15
78 51
90 87
65 35
40 12
127 124
64 60
95 76
