13 7
12 9
52 48
110 49
48 17
80 53
139 16
127 38
52 24
115 38
101 98
50 14
110 52
51 17
140 131
48 20
62 53
49 37
129 38
117 85
54 14
55 51
71 63
139 130
12 8
107 81
62 58
54 18
114 36
35 24
138 131
51 14
81 72
109 83
33 30
148 145
99 83
109 103
83 70
117 94
152 143
139 7
141 137
16 7
58 53
51 10
114 38
125 36
14 10
149 146
130 48
17 13
138 133
21 17
108 78
119 91
12 7
19 15
18 15
55 21
114 85
56 21
102 72
93 90
94 88
142 129
125 121
142 127
103 99
151 148
108 52
100 95
33 24
138 6
47 13
99 94
147 33
126 20
108 33
140 129
128 35
110 35
22 18
47 7
22 19
86 41
130 7
50 10
81 70
80 58
79 76
52 21
110 80
116 85
15 12
116 89
150 146
110 98
136 8
55 18
102 70
151 147
107 78
107 79
61 58
47 10
138 4
97 88
121 115
53 50
61 50
141 16
136 6
53 49
14 11
102 83
140 137
97 94
51 13
152 149
22 15
81 46
117 114
17 10
96 93
78 75
104 100
86 66
117 36
17 14
102 97
121 117
32 24
150 147
102 68
154 150
109 81
54 50
117 99
20 16
107 33
132 40
153 149
136 133
102 71
67 36
60 10
23 19
141 126
107 41
130 13
98 93
143 137
16 13
153 146
116 88
103 81
68 63
148 143
102 98
128 20
144 127
155 152
95 92
146 135
108 24
119 49
108 30
71 53
114 96
108 80
51 46
122 83
153 150
122 34
63 10
58 50
51 7
71 60
67 63
154 151
122 114
55 22
78 74
63 53
123 22
132 43
98 83
96 92
138 76
152 67
101 97
139 13
19 5
52 17
79 31
100 97
111 85
109 66
129 15
154 146
130 104
8 5
131 40
111 69
55 17
52 49
111 103
24 20
124 36
151 5
83 46
154 149
110 100
78 31
73 68
122 81
10 7
104 88
106 30
145 125
18 9
122 103
15 11
148 124
71 61
72 68
111 73
102 81
106 32
144 141
118 94
96 60
52 35
120 89
135 11
98 81
