138 130
99 70
148 126
106 31
55 21
108 21
125 33
80 73
60 54
96 92
86 66
150 146
56 53
97 70
141 5
76 57
114 85
132 43
53 50
26 23
121 34
111 85
13 10
48 17
154 151
81 70
114 111
16 13
54 14
128 45
139 48
33 29
83 65
127 38
22 18
140 5
113 88
128 48
91 88
110 52
82 64
111 36
106 32
82 71
142 129
145 126
109 35
70 65
100 95
23 19
80 53
17 13
149 143
152 148
104 100
52 21
55 14
147 29
110 37
82 70
81 71
148 125
78 75
115 85
120 95
108 79
130 45
143 125
102 81
106 28
35 24
102 32
15 12
128 35
142 2
132 44
137 131
82 65
75 53
99 94
12 9
56 25
155 141
111 34
114 36
93 89
102 72
19 16
143 2
16 5
45 37
154 26
27 23
111 37
124 34
137 7
139 3
79 73
116 113
152 2
124 36
93 90
55 51
69 65
136 9
105 32
81 72
22 19
15 11
17 14
83 69
140 4
152 3
107 80
16 7
141 128
141 126
131 43
141 127
136 6
62 53
121 94
103 34
44 13
114 38
129 38
139 5
109 103
138 133
21 18
108 80
153 150
48 45
138 131
124 111
87 67
151 148
52 18
84 65
151 147
43 40
18 15
151 141
107 78
51 48
75 57
82 53
51 14
142 127
28 25
126 36
142 126
84 64
151 125
21 17
155 19
108 24
108 81
152 126
18 14
117 94
151 143
14 11
88 69
112 64
135 9
129 39
12 7
151 27
99 95
51 17
112 86
154 27
111 35
75 58
51 13
47 13
112 45
152 141
136 133
147 126
137 43
16 12
145 125
154 150
139 129
109 34
49 37
106 30
113 86
147 31
138 132
96 93
48 44
80 72
127 124
130 39
130 43
141 4
27 24
33 27
56 52
140 131
149 145
139 130
128 37
144 124
144 126
55 52
117 88
62 46
112 85
155 23
23 20
56 22
139 128
138 7
13 7
25 22
105 79
102 99
49 46
140 129
58 54
20 17
148 144
51 21
110 49
51 18
108 33
122 103
62 49
110 80
140 3
152 143
50 46
117 85
137 44
78 25
71 64
147 27
105 102
45 39
97 94
121 118
117 113
62 50
94 91
116 86
118 115
112 37
131 39
150 27
110 82
102 98
108 35
62 51
49 45
138 6
117 114
20 16
143 126
149 146
122 34
121 91
128 38
108 78
47 44
144 125
48 37
73 58
97 69
139 131
139 16
58 55
77 74
123 34
120 92
132 40
32 29
110 83
109 80
120 91
126 35
107 33
102 70
140 2
107 32
87 69
145 123
113 83
112 83
109 81
71 65
42 39
79 74
126 34
19 15
118 114
47 10
151 126
52 49
141 129
148 143
137 130
48 16
14 10
108 32
53 21
114 37
118 91
153 149
50 47
71 68
93 88
62 54
51 47
110 81
83 70
110 35
126 33
58 53
105 101
130 48
103 100
50 14
124 35
121 114
137 132
76 56
107 103
138 5
140 127
80 74
130 37
73 53
150 147
125 34
87 84
55 18
68 65
56 18
44 39
26 22
53 49
57 54
155 152
132 42
13 9
104 32
137 6
82 49
52 48
106 29
144 127
111 83
107 102
144 123
48 13
128 36
122 32
80 75
147 125
64 46
57 53
122 109
138 4
125 35
117 91
116 85
136 132
155 151
25 21
45 42
137 133
82 73
151 24
114 83
109 83
151 23
45 38
103 99
97 93
99 96
79 72
121 117
52 20
82 62
120 117
78 74
104 101
120 94
12 8
130 44
95 92
84 69
47 14
88 85
94 88
55 17
116 91
56 21
120 99
112 84
98 70
151 33
136 8
87 66
135 10
52 17
139 4
55 22
103 32
59 54
107 79
81 73
112 49
130 38
140 128
54 50
101 98
113 84
109 32
145 124
24 20
85 69
43 39
141 2
102 79
148 145
136 7
152 149
154 23
141 3
109 102
137 13
78 56
84 46
84 66
112 46
147 33
155 3
119 91
139 7
24 21
116 88
33 24
71 63
106 79
107 81
109 33
121 111
113 85
62 58
124 114
75 56
54 51
127 36
48 20
