16 13
53 49
53 50
14 11
17 14
15 12
17 13
52 49
14 10
18 15
22 19
52 48
18 14
13 10
21 17
16 12
12 9
15 11
21 18
54 50
22 18
48 17
19 15
81 72
110 49
20 17
117 85
101 98
149 146
19 16
49 37
23 19
103 100
80 53
48 20
140 129
138 131
51 17
20 16
52 24
13 9
150 147
127 38
54 51
148 145
13 7
115 38
140 131
62 53
151 148
55 51
23 20
110 52
102 98
102 99
71 63
12 8
107 81
97 94
152 143
51 48
139 16
139 130
99 83
83 70
35 24
54 14
129 38
138 6
62 58
103 99
114 38
109 103
139 7
142 129
114 85
95 92
51 14
81 70
