53 50
16 13
17 14
18 15
18 14
14 11
17 13
53 49
15 12
22 19
14 10
19 15
52 49
21 18
20 17
12 9
13 10
15 11
19 16
23 20
16 12
22 18
103 100
101 98
23 19
149 146
151 148
54 51
54 50
52 48
13 9
102 99
148 145
81 72
150 147
20 16
51 48
21 17
97 94
140 129
138 131
102 98
140 130
103 99
152 149
12 8
100 97
136 133
55 51
95 92
96 93
55 52
150 146
139 131
139 130
61 58
153 150
101 97
13 7
93 90
151 147
142 127
138 6
99 94
141 129
104 101
100 95
99 96
98 94
51 47
104 100
152 143
98 95
97 93
155 152
50 47
33 30
117 94
138 132
149 145
152 148
79 76
127 38
148 144
140 131
12 7
13 8
117 85
138 130
99 83
24 21
81 70
154 151
83 70
141 137
117 114
142 128
24 20
115 38
153 149
107 81
140 137
108 81
81 71
139 129
108 79
109 103
142 129
62 58
114 38
140 128
139 7
78 75
138 4
119 91
121 118
138 133
138 5
110 35
99 95
137 133
141 128
141 138
100 96
125 36
127 37
107 79
71 63
16 7
109 82
96 92
109 83
154 150
107 80
110 52
143 127
108 33
108 78
55 21
94 91
107 78
98 93
125 122
56 53
108 80
138 7
48 17
110 49
109 81
114 85
56 21
78 74
120 117
139 6
80 53
86 41
109 80
146 143
50 53
13 16
14 17
15 18
14 18
11 14
13 17
49 53
12 15
19 22
10 14
15 19
49 52
18 21
17 20
9 12
10 13
11 15
16 19
20 23
12 16
18 22
100 103
98 101
19 23
146 149
148 151
51 54
50 54
48 52
9 13
99 102
145 148
72 81
147 150
16 20
48 51
17 21
94 97
129 140
131 138
98 102
130 140
99 103
149 152
8 12
97 100
133 136
51 55
92 95
93 96
52 55
146 150
131 139
130 139
58 61
150 153
97 101
7 13
90 93
147 151
127 142
6 138
94 99
129 141
101 104
95 100
96 99
94 98
47 51
100 104
143 152
95 98
93 97
152 155
47 50
30 33
94 117
132 138
145 149
148 152
76 79
38 127
144 148
131 140
7 12
8 13
85 117
130 138
83 99
21 24
70 81
151 154
70 83
137 141
114 117
128 142
20 24
38 115
149 153
81 107
137 140
81 108
71 81
129 139
79 108
103 109
129 142
58 62
38 114
128 140
7 139
75 78
4 138
91 119
118 121
133 138
5 138
35 110
95 99
133 137
128 141
138 141
96 100
36 125
37 127
79 107
63 71
7 16
82 109
92 96
83 109
150 154
80 107
52 110
127 143
33 108
78 108
21 55
91 94
78 107
93 98
122 125
53 56
80 108
7 138
17 48
49 110
81 109
85 114
21 56
74 78
117 120
6 139
53 80
41 86
80 109
143 146
