16 13
53 49
53 50
14 11
17 14
15 12
17 13
52 49
14 10
18 15
22 19
52 48
18 14
13 10
21 17
16 12
12 9
15 11
21 18
54 50
22 18
48 17
19 15
81 72
110 49
20 17
117 85
101 98
149 146
19 16
49 37
23 19
103 100
80 53
48 20
140 129
138 131
51 17
20 16
52 24
13 9
150 147
127 38
54 51
148 145
13 7
115 38
140 131
62 53
151 148
55 51
23 20
110 52
102 98
102 99
71 63
12 8
107 81
97 94
152 143
51 48
139 16
139 130
99 83
83 70
35 24
54 14
129 38
138 6
62 58
103 99
114 38
109 103
139 7
142 129
114 85
95 92
51 14
81 70
99 94
142 127
119 91
100 97
33 30
114 36
109 83
93 90
96 93
153 150
138 133
117 94
54 18
149 145
55 52
125 36
150 146
51 47
12 7
86 41
56 21
108 33
136 133
58 53
61 58
138 4
51 10
50 14
101 97
55 21
152 148
151 147
125 121
16 7
33 24
141 137
152 149
100 95
104 101
107 79
140 137
50 47
94 88
110 35
126 20
108 52
104 100
108 80
117 114
136 6
24 20
100 96
108 79
110 80
98 94
108 81
148 144
138 130
32 24
139 131
116 85
139 129
147 33
99 95
141 128
107 78
125 122
102 72
141 129
108 78
116 89
121 115
47 13
50 10
79 76
78 74
99 96
13 8
96 92
154 151
121 117
97 93
141 138
155 152
140 128
79 74
130 48
94 91
102 97
136 8
140 130
98 95
121 118
109 81
138 5
86 66
80 72
81 46
107 33
102 83
24 21
78 75
141 127
80 58
142 128
55 18
77 74
98 83
102 68
153 149
116 88
128 35
137 133
47 7
102 70
137 6
98 93
61 50
138 132
154 150
97 88
51 13
10 7
67 63
56 53
146 143
52 21
139 128
110 98
95 91
81 71
137 132
11 8
106 32
60 57
118 91
138 7
144 127
124 36
152 144
102 71
82 70
155 151
80 74
147 144
127 37
141 126
130 7
105 102
143 127
132 40
107 80
67 64
93 89
139 6
110 34
146 135
101 96
