13 7
12 9
52 48
110 49
48 17
80 53
139 16
127 38
52 24
115 38
101 98
50 14
110 52
51 17
140 131
48 20
62 53
49 37
129 38
117 85
54 14
55 51
71 63
139 130
12 8
107 81
62 58
54 18
114 36
35 24
138 131
51 14
81 72
109 83
33 30
148 145
99 83
109 103
83 70
117 94
152 143
139 7
141 137
16 7
58 53
51 10
114 38
125 36
14 10
149 146
130 48
17 13
138 133
21 17
108 78
119 91
12 7
19 15
18 15
55 21
114 85
56 21
102 72
93 90
94 88
142 129
125 121
142 127
103 99
151 148
108 52
100 95
33 24
138 6
47 13
99 94
147 33
126 20
108 33
