13 7
12 9
52 48
110 49
48 17
80 53
139 16
127 38
52 24
115 38
101 98
50 14
110 52
51 17
140 131
48 20
62 53
49 37
129 38
117 85
54 14
55 51
71 63
139 130
12 8
107 81
62 58
54 18
114 36
35 24
138 131
51 14
81 72
109 83
33 30
148 145
99 83
109 103
83 70
117 94
152 143
139 7
141 137
16 7
58 53
51 10
114 38
125 36
14 10
149 146
130 48
17 13
138 133
21 17
108 78
119 91
12 7
19 15
18 15
55 21
114 85
56 21
102 72
93 90
94 88
142 129
125 121
142 127
103 99
151 148
108 52
100 95
33 24
138 6
47 13
99 94
147 33
126 20
108 33
140 129
128 35
110 35
22 18
47 7
22 19
86 41
130 7
50 10
81 70
80 58
79 76
52 21
110 80
116 85
15 12
116 89
150 146
110 98
136 8
55 18
102 70
151 147
107 78
107 79
61 58
47 10
138 4
97 88
121 115
53 50
61 50
141 16
136 6
53 49
14 11
102 83
140 137
97 94
51 13
152 149
22 15
81 46
117 114
17 10
96 93
78 75
104 100
86 66
117 36
17 14
102 97
121 117
32 24
150 147
102 68
154 150
109 81
54 50
117 99
20 16
107 33
132 40
153 149
136 133
102 71
67 36
60 10
23 19
141 126
107 41
130 13
98 93
143 137
16 13
153 146
116 88
103 81
68 63
7 13
9 12
48 52
49 110
17 48
53 80
16 139
38 127
24 52
38 115
98 101
14 50
52 110
17 51
131 140
20 48
53 62
37 49
38 129
85 117
14 54
51 55
63 71
130 139
8 12
81 107
58 62
18 54
36 114
24 35
131 138
14 51
72 81
83 109
30 33
145 148
83 99
103 109
70 83
94 117
143 152
7 139
137 141
7 16
53 58
10 51
38 114
36 125
10 14
146 149
48 130
13 17
133 138
17 21
78 108
91 119
7 12
15 19
15 18
21 55
85 114
21 56
72 102
90 93
88 94
129 142
121 125
127 142
99 103
148 151
52 108
95 100
24 33
6 138
13 47
94 99
33 147
20 126
33 108
129 140
35 128
35 110
18 22
7 47
19 22
41 86
7 130
10 50
70 81
58 80
76 79
21 52
80 110
85 116
12 15
89 116
146 150
98 110
8 136
18 55
70 102
147 151
78 107
79 107
58 61
10 47
4 138
88 97
115 121
50 53
50 61
16 141
6 136
49 53
11 14
83 102
137 140
94 97
13 51
149 152
15 22
46 81
114 117
10 17
93 96
75 78
100 104
66 86
36 117
14 17
97 102
117 121
24 32
147 150
68 102
150 154
81 109
50 54
99 117
16 20
33 107
40 132
149 153
133 136
71 102
36 67
10 60
19 23
126 141
41 107
13 130
93 98
137 143
13 16
146 153
88 116
81 103
63 68
