130 118
202 198
163 160
204 201
129 120
130 117
129 118
164 161
22 9
161 158
145 142
201 198
129 119
202 199
199 196
129 117
200 197
95 91
115 112
205 202
198 195
203 200
46 28
201 197
191 188
162 159
160 157
22 12
19 16
128 119
131 118
152 108
96 93
18 15
159 156
143 139
203 199
65 58
193 190
144 141
146 143
23 10
163 159
128 118
95 92
141 136
120 107
192 189
200 196
94 89
139 136
204 200
146 142
197 194
206 203
142 139
23 12
15 12
30 17
128 117
19 15
120 72
59 17
144 140
200 174
46 43
47 28
196 181
165 162
89 86
129 126
120 108
175 148
128 120
65 59
154 151
94 91
158 155
62 39
143 140
202 194
59 18
22 10
121 109
203 174
68 53
168 142
116 113
160 156
36 33
199 195
205 201
17 14
190 187
16 13
24 10
121 108
13 10
118 58
90 71
118 107
161 157
23 9
84 63
118 130
198 202
160 163
201 204
120 129
117 130
118 129
161 164
9 22
158 161
142 145
198 201
119 129
199 202
196 199
117 129
197 200
91 95
112 115
202 205
195 198
200 203
28 46
197 201
188 191
159 162
157 160
12 22
16 19
119 128
118 131
108 152
93 96
15 18
156 159
139 143
199 203
58 65
190 193
141 144
143 146
10 23
159 163
118 128
92 95
136 141
107 120
189 192
196 200
89 94
136 139
200 204
142 146
194 197
203 206
139 142
12 23
12 15
17 30
117 128
15 19
72 120
17 59
140 144
174 200
43 46
28 47
181 196
162 165
86 89
126 129
108 120
148 175
120 128
59 65
151 154
91 94
155 158
39 62
140 143
194 202
18 59
10 22
109 121
174 203
53 68
142 168
113 116
156 160
33 36
195 199
201 205
14 17
187 190
13 16
10 24
108 121
10 13
58 118
71 90
107 118
157 161
9 23
63 84
