130 118
202 198
163 160
204 201
129 120
130 117
129 118
164 161
22 9
161 158
145 142
201 198
129 119
202 199
199 196
129 117
200 197
95 91
115 112
205 202
198 195
203 200
46 28
201 197
191 188
162 159
160 157
22 12
19 16
128 119
131 118
152 108
96 93
18 15
159 156
143 139
203 199
65 58
193 190
144 141
146 143
23 10
163 159
128 118
95 92
141 136
120 107
192 189
200 196
94 89
139 136
204 200
146 142
197 194
206 203
142 139
23 12
15 12
30 17
128 117
19 15
120 72
59 17
144 140
200 174
46 43
47 28
196 181
165 162
89 86
129 126
120 108
175 148
128 120
65 59
154 151
94 91
158 155
62 39
143 140
202 194
59 18
22 10
121 109
203 174
68 53
168 142
116 113
160 156
36 33
199 195
205 201
17 14
190 187
16 13
24 10
121 108
13 10
118 58
90 71
118 107
161 157
23 9
84 63
66 50
198 194
174 171
101 98
63 60
194 191
141 138
47 44
84 74
7 4
10 3
120 110
31 27
137 134
129 125
30 27
41 38
145 141
164 160
173 115
46 29
41 28
166 163
120 109
23 13
64 59
102 99
201 194
155 152
12 9
47 29
185 182
14 11
37 34
174 150
58 55
94 90
65 60
202 179
30 18
66 57
172 169
130 127
140 136
83 74
95 90
40 37
116 112
182 171
202 195
25 22
66 58
20 17
23 11
93 90
193 189
198 179
131 58
24 19
121 107
121 73
157 154
153 150
129 58
201 195
127 119
35 32
6 3
122 106
119 109
195 192
91 67
66 63
45 42
118 111
114 111
162 158
87 84
88 85
80 76
63 59
24 11
142 138
42 27
187 184
22 13
90 87
118 112
136 133
64 41
80 77
84 75
20 16
189 186
192 188
56 11
140 137
115 111
144 139
75 72
152 149
165 161
90 72
119 108
122 107
64 58
117 114
88 71
16 12
119 111
31 28
154 113
52 49
169 166
48 45
21 18
47 43
122 109
62 59
188 185
198 180
128 125
167 164
191 187
195 181
59 56
94 72
64 60
41 29
119 107
31 18
119 110
169 144
138 121
30 16
58 17
76 73
22 11
141 137
63 39
169 145
75 28
67 57
93 89
17 13
57 54
122 105
175 172
46 30
123 107
169 142
145 103
67 53
131 117
109 106
186 183
26 23
67 55
22 19
147 143
159 155
196 180
100 97
118 108
83 75
196 193
47 30
199 174
168 144
206 202
23 19
196 192
29 23
81 78
42 28
128 116
120 73
24 8
173 170
67 58
30 19
79 76
91 72
46 17
27 24
135 126
97 93
21 17
98 95
171 112
156 153
62 41
119 72
119 112
59 54
31 19
121 110
197 181
96 92
59 30
24 7
75 49
191 182
175 149
89 71
152 109
181 170
182 172
95 89
118 130
198 202
160 163
201 204
120 129
117 130
118 129
161 164
9 22
158 161
142 145
198 201
119 129
199 202
196 199
117 129
197 200
91 95
112 115
202 205
195 198
200 203
28 46
197 201
188 191
159 162
157 160
12 22
16 19
119 128
118 131
108 152
93 96
15 18
156 159
139 143
199 203
58 65
190 193
141 144
143 146
10 23
159 163
118 128
92 95
136 141
107 120
189 192
196 200
89 94
136 139
200 204
142 146
194 197
203 206
139 142
12 23
12 15
17 30
117 128
15 19
72 120
17 59
140 144
174 200
43 46
28 47
181 196
162 165
86 89
126 129
108 120
148 175
120 128
59 65
151 154
91 94
155 158
39 62
140 143
194 202
18 59
10 22
109 121
174 203
53 68
142 168
113 116
156 160
33 36
195 199
201 205
14 17
187 190
13 16
10 24
108 121
10 13
58 118
71 90
107 118
157 161
9 23
63 84
50 66
194 198
171 174
98 101
60 63
191 194
138 141
44 47
74 84
4 7
3 10
110 120
27 31
134 137
125 129
27 30
38 41
141 145
160 164
115 173
29 46
28 41
163 166
109 120
13 23
59 64
99 102
194 201
152 155
9 12
29 47
182 185
11 14
34 37
150 174
55 58
90 94
60 65
179 202
18 30
57 66
169 172
127 130
136 140
74 83
90 95
37 40
112 116
171 182
195 202
22 25
58 66
17 20
11 23
90 93
189 193
179 198
58 131
19 24
107 121
73 121
154 157
150 153
58 129
195 201
119 127
32 35
3 6
106 122
109 119
192 195
67 91
63 66
42 45
111 118
111 114
158 162
84 87
85 88
76 80
59 63
11 24
138 142
27 42
184 187
13 22
87 90
112 118
133 136
41 64
77 80
75 84
16 20
186 189
188 192
11 56
137 140
111 115
139 144
72 75
149 152
161 165
72 90
108 119
107 122
58 64
114 117
71 88
12 16
111 119
28 31
113 154
49 52
166 169
45 48
18 21
43 47
109 122
59 62
185 188
180 198
125 128
164 167
187 191
181 195
56 59
72 94
60 64
29 41
107 119
18 31
110 119
144 169
121 138
16 30
17 58
73 76
11 22
137 141
39 63
145 169
28 75
57 67
89 93
13 17
54 57
105 122
172 175
30 46
107 123
142 169
103 145
53 67
117 131
106 109
183 186
23 26
55 67
19 22
143 147
155 159
180 196
97 100
108 118
75 83
193 196
30 47
174 199
144 168
202 206
19 23
192 196
23 29
78 81
28 42
116 128
73 120
8 24
170 173
58 67
19 30
76 79
72 91
17 46
24 27
126 135
93 97
17 21
95 98
112 171
153 156
41 62
72 119
112 119
54 59
19 31
110 121
181 197
92 96
30 59
7 24
49 75
182 191
149 175
71 89
109 152
170 181
172 182
89 95
