118 58
95 91
46 28
91 67
152 108
200 174
22 12
84 74
138 121
131 118
141 136
84 63
129 120
196 181
120 72
22 9
146 142
65 58
75 28
203 174
130 117
202 179
47 28
131 58
175 148
173 115
68 53
56 11
94 89
59 17
66 50
145 142
171 65
30 17
143 139
202 198
31 27
128 119
129 118
154 113
122 68
62 39
19 15
59 30
146 143
197 194
174 150
115 112
120 87
42 27
75 66
127 44
169 98
182 171
199 174
129 58
120 107
69 25
173 112
115 110
73 3
171 112
10 3
200 196
180 29
136 27
41 28
142 139
24 19
153 106
90 71
204 201
140 42
108 11
198 195
121 108
129 125
132 25
141 126
183 173
75 49
97 8
121 73
52 44
145 103
69 55
59 19
135 126
123 107
205 38
124 6
182 61
30 19
136 126
30 16
66 40
122 105
56 30
173 40
191 181
120 96
80 57
66 63
173 126
58 118
91 95
28 46
67 91
108 152
174 200
12 22
74 84
121 138
118 131
136 141
63 84
120 129
181 196
72 120
9 22
142 146
58 65
28 75
174 203
117 130
179 202
28 47
58 131
148 175
115 173
53 68
11 56
89 94
17 59
50 66
142 145
65 171
17 30
139 143
198 202
27 31
119 128
118 129
113 154
68 122
39 62
15 19
30 59
143 146
194 197
150 174
112 115
87 120
27 42
66 75
44 127
98 169
171 182
174 199
58 129
107 120
25 69
112 173
110 115
3 73
112 171
3 10
196 200
29 180
27 136
28 41
139 142
19 24
106 153
71 90
201 204
42 140
11 108
195 198
108 121
125 129
25 132
126 141
173 183
49 75
8 97
73 121
44 52
103 145
55 69
19 59
126 135
107 123
38 205
6 124
61 182
19 30
126 136
16 30
40 66
105 122
30 56
40 173
181 191
96 120
57 80
63 66
126 173
