138 130
197 178
77 63
48 43
174 149
128 117
129 118
48 45
84 74
190 143
153 110
202 198
206 201
137 131
144 126
151 12
152 109
20 13
134 94
120 110
88 73
30 19
138 97
73 50
199 177
205 202
58 13
104 70
24 8
139 128
171 155
122 108
138 129
176 149
89 86
69 55
61 16
204 200
81 47
65 58
7 2
182 165
24 10
149 108
94 72
182 170
187 184
199 179
127 121
45 41
128 119
148 122
54 26
120 107
185 182
57 12
29 21
94 91
42 28
188 184
168 165
154 113
175 149
52 25
181 170
32 18
59 13
50 47
66 58
205 38
183 164
68 54
170 164
22 10
189 186
90 71
63 59
134 131
201 177
175 9
95 92
166 163
115 112
135 96
154 111
169 165
179 175
38 30
151 11
33 30
174 151
76 62
31 22
121 109
95 91
169 112
137 134
23 12
73 67
140 129
41 27
18 15
131 117
109 57
132 116
108 56
32 20
187 183
152 149
142 125
176 8
77 16
162 159
68 51
173 150
183 169
126 121
118 110
106 103
188 145
153 58
81 77
118 115
62 16
96 92
66 54
64 59
116 60
191 145
33 19
40 28
170 156
152 11
138 98
179 173
151 55
66 50
155 113
63 60
108 55
147 124
153 12
201 2
87 84
53 27
175 151
26 23
46 43
27 23
28 23
21 13
169 157
202 199
151 108
108 11
137 97
141 125
42 27
122 106
191 188
188 183
87 83
206 3
139 127
30 20
171 153
184 171
59 15
21 14
101 97
57 11
31 20
180 174
39 36
153 13
184 169
192 145
151 9
71 68
93 89
175 150
36 33
181 172
131 95
151 109
29 23
195 180
75 64
183 166
96 91
110 58
122 107
164 158
102 97
163 160
73 65
140 98
173 153
170 154
81 78
189 142
66 51
54 10
191 187
169 154
111 60
55 10
77 15
149 123
72 66
105 68
173 151
197 180
198 180
91 70
139 99
22 11
72 65
177 174
141 127
106 67
83 73
120 108
30 21
129 119
163 157
190 187
54 11
153 112
64 60
29 22
84 76
175 148
40 27
137 133
192 144
108 10
76 63
206 203
137 129
190 186
127 119
109 58
20 12
203 200
54 24
124 121
178 174
182 164
87 74
134 96
41 28
178 175
151 56
47 43
91 72
20 15
135 95
104 69
134 130
139 129
180 172
154 110
116 112
185 171
90 70
51 43
103 70
171 152
78 62
54 23
108 57
127 120
121 108
96 93
191 144
18 14
73 51
162 158
204 201
93 90
81 76
126 120
21 12
45 42
179 174
7 3
81 75
153 14
188 182
31 21
147 125
156 113
136 133
73 66
181 171
90 72
173 152
153 111
32 21
84 75
184 170
136 96
82 78
88 72
65 60
194 191
65 59
174 150
48 44
80 46
168 156
206 2
134 95
131 118
173 149
148 123
24 9
151 107
138 96
118 111
152 13
117 111
203 159
67 57
67 55
199 178
200 177
83 50
28 25
158 155
172 152
142 128
121 107
194 180
161 158
125 122
80 76
196 180
182 172
172 153
43 26
19 14
142 127
111 59
67 56
39 29
53 25
183 170
107 11
74 65
31 19
163 158
30 22
133 130
135 92
150 8
107 56
72 68
54 25
105 70
92 70
71 67
59 16
58 14
195 182
41 29
56 10
23 10
49 44
66 56
53 43
25 10
56 12
189 185
119 111
53 26
91 71
150 11
130 117
201 3
170 158
148 124
170 157
62 15
137 96
177 8
177 7
38 29
197 181
195 181
52 26
66 57
110 57
28 21
194 145
82 77
68 56
68 53
74 66
83 74
154 112
200 178
40 30
141 128
146 124
142 126
183 171
22 13
75 63
67 51
83 49
107 10
87 73
130 118
117 112
149 121
155 112
189 144
64 57
141 126
170 163
198 178
23 9
150 108
204 2
152 108
149 122
19 15
82 75
88 74
120 106
38 35
55 11
147 123
149 146
64 58
197 179
143 126
118 109
106 55
176 7
82 47
67 54
106 69
150 107
83 76
101 98
106 70
171 112
64 15
204 31
176 9
153 109
176 150
53 24
111 58
74 64
23 11
110 13
72 67
56 11
62 59
102 98
122 105
125 121
89 72
121 106
116 111
126 119
203 199
43 27
75 65
28 24
68 55
135 94
184 165
179 172
190 144
171 154
198 179
50 44
188 144
83 75
94 90
143 125
82 76
139 97
194 146
126 122
22 12
7 4
151 10
87 72
84 73
130 116
182 171
43 28
20 14
137 95
57 54
174 9
80 77
177 5
70 67
131 116
183 168
169 155
40 29
55 25
77 64
169 113
83 47
109 56
206 202
47 44
50 43
58 12
74 63
22 9
94 89
149 107
106 56
27 24
187 182
128 118
89 71
19 16
97 92
57 13
169 156
110 59
88 71
136 95
181 173
140 128
155 14
81 46
129 117
163 159
150 9
123 107
76 64
135 93
152 12
172 154
24 11
42 26
103 97
24 7
54 51
180 173
120 109
89 73
68 52
188 185
184 168
105 69
183 165
137 130
59 14
174 152
65 57
135 97
137 132
25 9
139 98
193 145
119 110
189 145
52 44
170 155
200 179
105 55
152 110
204 38
140 127
205 201
119 109
189 143
128 120
170 165
32 19
204 3
181 164
66 55
28 22
115 111
107 55
150 10
203 160
52 43
77 62
130 138
178 197
63 77
43 48
149 174
117 128
118 129
45 48
74 84
143 190
110 153
198 202
201 206
131 137
126 144
12 151
109 152
13 20
94 134
110 120
73 88
19 30
97 138
50 73
177 199
202 205
13 58
70 104
8 24
128 139
155 171
108 122
129 138
149 176
86 89
55 69
16 61
200 204
47 81
58 65
2 7
165 182
10 24
108 149
72 94
170 182
184 187
179 199
121 127
41 45
119 128
122 148
26 54
107 120
182 185
12 57
21 29
91 94
28 42
184 188
165 168
113 154
149 175
25 52
170 181
18 32
13 59
47 50
58 66
38 205
164 183
54 68
164 170
10 22
186 189
71 90
59 63
131 134
177 201
9 175
92 95
163 166
112 115
96 135
111 154
165 169
175 179
30 38
11 151
30 33
151 174
62 76
22 31
109 121
91 95
112 169
134 137
12 23
67 73
129 140
27 41
15 18
117 131
57 109
116 132
56 108
20 32
183 187
149 152
125 142
8 176
16 77
159 162
51 68
150 173
169 183
121 126
110 118
103 106
145 188
58 153
77 81
115 118
16 62
92 96
54 66
59 64
60 116
145 191
19 33
28 40
156 170
11 152
98 138
173 179
55 151
50 66
113 155
60 63
55 108
124 147
12 153
2 201
84 87
27 53
151 175
23 26
43 46
23 27
23 28
13 21
157 169
199 202
108 151
11 108
97 137
125 141
27 42
106 122
188 191
183 188
83 87
3 206
127 139
20 30
153 171
171 184
15 59
14 21
97 101
11 57
20 31
174 180
36 39
13 153
169 184
145 192
9 151
68 71
89 93
150 175
33 36
172 181
95 131
109 151
23 29
180 195
64 75
166 183
91 96
58 110
107 122
158 164
97 102
160 163
65 73
98 140
153 173
154 170
78 81
142 189
51 66
10 54
187 191
154 169
60 111
10 55
15 77
123 149
66 72
68 105
151 173
180 197
180 198
70 91
99 139
11 22
65 72
174 177
127 141
67 106
73 83
108 120
21 30
119 129
157 163
187 190
11 54
112 153
60 64
22 29
76 84
148 175
27 40
133 137
144 192
10 108
63 76
203 206
129 137
186 190
119 127
58 109
12 20
200 203
24 54
121 124
174 178
164 182
74 87
96 134
28 41
175 178
56 151
43 47
72 91
15 20
95 135
69 104
130 134
129 139
172 180
110 154
112 116
171 185
70 90
43 51
70 103
152 171
62 78
23 54
57 108
120 127
108 121
93 96
144 191
14 18
51 73
158 162
201 204
90 93
76 81
120 126
12 21
42 45
174 179
3 7
75 81
14 153
182 188
21 31
125 147
113 156
133 136
66 73
171 181
72 90
152 173
111 153
21 32
75 84
170 184
96 136
78 82
72 88
60 65
191 194
59 65
150 174
44 48
46 80
156 168
2 206
95 134
118 131
149 173
123 148
9 24
107 151
96 138
111 118
13 152
111 117
159 203
57 67
55 67
178 199
177 200
50 83
25 28
155 158
152 172
128 142
107 121
180 194
158 161
122 125
76 80
180 196
172 182
153 172
26 43
14 19
127 142
59 111
56 67
29 39
25 53
170 183
11 107
65 74
19 31
158 163
22 30
130 133
92 135
8 150
56 107
68 72
25 54
70 105
70 92
67 71
16 59
14 58
182 195
29 41
10 56
10 23
44 49
56 66
43 53
10 25
12 56
185 189
111 119
26 53
71 91
11 150
117 130
3 201
158 170
124 148
157 170
15 62
96 137
8 177
7 177
29 38
181 197
181 195
26 52
57 66
57 110
21 28
145 194
77 82
56 68
53 68
66 74
74 83
112 154
178 200
30 40
128 141
124 146
126 142
171 183
13 22
63 75
51 67
49 83
10 107
73 87
118 130
112 117
121 149
112 155
144 189
57 64
126 141
163 170
178 198
9 23
108 150
2 204
108 152
122 149
15 19
75 82
74 88
106 120
35 38
11 55
123 147
146 149
58 64
179 197
126 143
109 118
55 106
7 176
47 82
54 67
69 106
107 150
76 83
98 101
70 106
112 171
15 64
31 204
9 176
109 153
150 176
24 53
58 111
64 74
11 23
13 110
67 72
11 56
59 62
98 102
105 122
121 125
72 89
106 121
111 116
119 126
199 203
27 43
65 75
24 28
55 68
94 135
165 184
172 179
144 190
154 171
179 198
44 50
144 188
75 83
90 94
125 143
76 82
97 139
146 194
122 126
12 22
4 7
10 151
72 87
73 84
116 130
171 182
28 43
14 20
95 137
54 57
9 174
77 80
5 177
67 70
116 131
168 183
155 169
29 40
25 55
64 77
113 169
47 83
56 109
202 206
44 47
43 50
12 58
63 74
9 22
89 94
107 149
56 106
24 27
182 187
118 128
71 89
16 19
92 97
13 57
156 169
59 110
71 88
95 136
173 181
128 140
14 155
46 81
117 129
159 163
9 150
107 123
64 76
93 135
12 152
154 172
11 24
26 42
97 103
7 24
51 54
173 180
109 120
73 89
52 68
185 188
168 184
69 105
165 183
130 137
14 59
152 174
57 65
97 135
132 137
9 25
98 139
145 193
110 119
145 189
44 52
155 170
179 200
55 105
110 152
38 204
127 140
201 205
109 119
143 189
120 128
165 170
19 32
3 204
164 181
55 66
22 28
111 115
55 107
10 150
160 203
43 52
62 77
