118 58
95 91
46 28
91 67
152 108
200 174
22 12
84 74
138 121
131 118
141 136
84 63
129 120
196 181
120 72
22 9
146 142
65 58
75 28
203 174
130 117
202 179
47 28
131 58
175 148
173 115
68 53
56 11
94 89
59 17
66 50
145 142
171 65
30 17
143 139
202 198
31 27
128 119
129 118
154 113
122 68
62 39
19 15
59 30
146 143
197 194
174 150
115 112
120 87
42 27
75 66
127 44
169 98
182 171
199 174
129 58
120 107
69 25
173 112
115 110
73 3
171 112
10 3
200 196
180 29
136 27
41 28
142 139
24 19
153 106
90 71
204 201
140 42
108 11
198 195
121 108
129 125
132 25
141 126
183 173
75 49
97 8
121 73
52 44
145 103
69 55
59 19
135 126
123 107
205 38
124 6
182 61
30 19
136 126
30 16
66 40
122 105
56 30
173 40
191 181
120 96
80 57
66 63
173 126
108 27
75 21
198 179
88 73
51 29
168 142
67 58
127 73
24 7
129 72
169 144
65 60
164 157
34 20
181 66
96 72
190 183
24 10
19 16
23 10
46 17
173 134
89 86
54 12
118 107
173 152
64 41
98 95
84 76
126 117
175 66
81 62
169 145
52 22
115 80
180 175
59 54
94 27
46 30
89 9
119 115
106 57
152 28
22 2
63 50
109 56
91 72
17 12
202 199
30 18
205 182
130 127
160 156
23 13
89 43
131 60
201 106
43 25
202 194
183 57
144 126
142 121
43 7
179 40
88 83
183 44
199 196
88 68
206 203
126 67
184 115
182 113
87 74
76 57
102 6
164 158
150 11
202 66
62 17
119 112
160 157
191 182
117 73
83 75
144 139
74 65
201 42
47 30
205 196
67 55
64 59
51 47
150 8
161 157
180 149
113 20
205 39
129 121
169 142
78 29
205 186
128 111
65 52
153 124
119 72
131 65
87 4
29 23
100 49
153 24
103 72
180 51
118 111
128 117
122 88
200 197
177 109
87 71
200 71
120 68
122 55
118 65
172 80
201 197
47 44
41 22
150 55
120 109
187 182
201 194
114 61
145 141
173 67
154 123
182 37
66 57
163 159
29 3
123 75
129 117
84 24
121 109
98 3
181 115
57 44
106 76
126 104
41 2
163 160
23 19
181 170
13 3
130 115
168 150
171 154
69 47
80 74
177 4
54 43
89 82
122 101
108 89
80 76
192 148
164 159
85 45
111 97
119 65
177 22
143 28
88 47
204 179
144 141
122 106
28 13
94 72
66 28
189 67
83 49
75 5
163 157
134 12
179 174
162 158
204 199
125 69
138 107
95 45
109 73
120 4
163 158
174 20
153 57
152 98
65 49
161 158
113 39
147 90
101 31
122 91
84 70
95 90
184 171
206 3
97 75
129 92
203 84
151 89
205 2
