16 13
55 37
13 9
51 34
57 37
71 39
74 69
17 14
12 9
55 52
77 32
16 12
13 10
16 9
97 38
51 35
15 12
77 50
50 34
86 45
88 83
62 34
86 83
89 82
89 19
32 28
17 13
83 21
62 35
77 49
73 70
54 38
48 40
92 20
89 57
49 21
73 69
47 34
32 29
50 33
93 74
50 32
34 28
24 6
98 21
51 47
59 50
83 80
60 47
72 69
12 8
9 5
11 7
90 87
61 33
51 48
15 9
59 35
90 20
14 11
7 4
87 44
61 34
74 71
16 11
61 35
16 10
46 35
56 53
74 70
35 28
95 92
14 10
15 11
30 26
87 83
30 27
87 84
71 38
61 50
61 51
55 38
68 2
62 51
47 35
49 32
51 36
48 34
71 68
84 30
17 9
82 12
46 36
85 10
80 12
59 34
13 7
51 33
13 6
56 52
13 8
93 48
28 25
93 72
16 6
30 8
99 42
59 33
96 84
11 8
41 36
74 67
9 6
51 28
23 5
91 41
50 35
50 47
53 39
101 75
61 36
26 21
44 36
59 51
8 5
59 36
47 33
31 28
70 67
48 35
57 52
88 85
23 6
83 5
59 47
94 91
60 48
89 83
6 3
62 32
10 7
73 67
10 5
61 47
42 25
88 82
92 74
91 20
45 35
57 53
36 33
54 37
72 67
15 8
62 39
16 7
62 33
87 45
98 6
