55 37
97 38
57 37
16 13
13 9
98 21
77 32
51 34
74 69
24 6
49 21
92 20
34 28
83 21
89 57
71 39
77 49
16 9
51 28
84 30
77 50
90 87
89 19
48 40
30 26
91 41
89 82
16 11
99 42
83 5
85 10
26 21
62 34
15 12
96 84
93 48
51 25
99 63
77 21
35 28
41 36
88 83
51 47
62 51
82 12
86 45
54 38
49 32
93 74
9 5
30 8
68 4
57 20
37 55
38 97
37 57
13 16
9 13
21 98
32 77
34 51
69 74
6 24
21 49
20 92
28 34
21 83
57 89
39 71
49 77
9 16
28 51
30 84
50 77
87 90
19 89
40 48
26 30
41 91
82 89
11 16
42 99
5 83
10 85
21 26
34 62
12 15
84 96
48 93
25 51
63 99
21 77
28 35
36 41
83 88
47 51
51 62
12 82
45 86
38 54
32 49
74 93
5 9
8 30
4 68
20 57
