55 37
97 38
57 37
16 13
13 9
98 21
77 32
51 34
74 69
24 6
49 21
92 20
34 28
83 21
89 57
71 39
77 49
16 9
51 28
84 30
77 50
90 87
89 19
48 40
30 26
91 41
89 82
16 11
99 42
83 5
85 10
26 21
62 34
15 12
96 84
93 48
51 25
99 63
77 21
35 28
41 36
88 83
51 47
62 51
82 12
86 45
54 38
49 32
93 74
9 5
30 8
68 4
57 20
98 6
91 26
25 9
85 64
86 83
51 35
91 14
83 4
50 32
66 21
72 6
83 80
87 44
65 45
47 34
15 9
55 52
98 85
34 25
98 49
65 29
12 9
74 67
17 9
100 18
42 25
101 75
80 12
53 39
46 36
90 80
63 46
96 74
95 12
90 20
60 47
62 28
97 74
48 35
42 9
51 9
44 36
56 6
61 50
59 50
61 35
59 35
58 2
32 29
57 52
101 64
84 40
92 65
61 33
59 33
94 30
64 52
29 5
29 8
40 31
23 5
60 41
43 18
98 66
59 51
61 51
21 15
73 38
39 31
68 39
70 22
89 67
78 34
62 39
89 12
80 75
82 23
15 11
90 63
46 5
73 67
100 73
51 42
42 20
18 4
63 37
100 93
83 49
88 21
28 25
93 72
41 32
89 38
83 10
71 38
32 28
61 34
59 34
63 32
73 64
86 26
91 20
58 43
52 45
81 23
63 58
