16 13
15 12
16 12
17 14
13 10
13 9
55 37
51 34
55 52
73 70
17 13
74 71
16 9
12 9
86 83
74 69
51 48
50 34
71 39
50 33
88 83
71 68
72 69
62 34
55 38
61 35
15 11
12 8
47 34
16 10
51 35
57 37
16 11
61 33
32 29
14 10
87 83
56 53
95 92
73 69
88 85
32 28
15 9
62 35
24 6
48 34
13 8
14 11
51 47
54 38
56 52
89 83
9 5
13 16
12 15
12 16
14 17
10 13
9 13
37 55
34 51
52 55
70 73
13 17
71 74
9 16
9 12
83 86
69 74
48 51
34 50
39 71
33 50
83 88
68 71
69 72
34 62
38 55
35 61
11 15
8 12
34 47
10 16
35 51
37 57
11 16
33 61
29 32
10 14
83 87
53 56
92 95
69 73
85 88
28 32
9 15
35 62
6 24
34 48
8 13
11 14
47 51
38 54
52 56
83 89
5 9
