16 13
55 37
13 9
51 34
57 37
71 39
74 69
17 14
12 9
55 52
77 32
16 12
13 10
16 9
97 38
51 35
15 12
77 50
50 34
86 45
88 83
62 34
86 83
89 82
89 19
32 28
17 13
83 21
62 35
77 49
73 70
54 38
48 40
92 20
89 57
49 21
73 69
47 34
32 29
50 33
93 74
50 32
34 28
24 6
98 21
51 47
59 50
83 80
60 47
72 69
12 8
9 5
11 7
90 87
61 33
51 48
15 9
59 35
90 20
14 11
7 4
87 44
61 34
74 71
16 11
61 35
16 10
46 35
56 53
74 70
35 28
95 92
14 10
15 11
30 26
87 83
30 27
87 84
71 38
61 50
61 51
55 38
68 2
62 51
47 35
49 32
51 36
48 34
71 68
84 30
17 9
82 12
46 36
85 10
80 12
59 34
13 7
51 33
13 6
56 52
13 8
93 48
28 25
93 72
16 6
30 8
13 16
37 55
9 13
34 51
37 57
39 71
69 74
14 17
9 12
52 55
32 77
12 16
10 13
9 16
38 97
35 51
12 15
50 77
34 50
45 86
83 88
34 62
83 86
82 89
19 89
28 32
13 17
21 83
35 62
49 77
70 73
38 54
40 48
20 92
57 89
21 49
69 73
34 47
29 32
33 50
74 93
32 50
28 34
6 24
21 98
47 51
50 59
80 83
47 60
69 72
8 12
5 9
7 11
87 90
33 61
48 51
9 15
35 59
20 90
11 14
4 7
44 87
34 61
71 74
11 16
35 61
10 16
35 46
53 56
70 74
28 35
92 95
10 14
11 15
26 30
83 87
27 30
84 87
38 71
50 61
51 61
38 55
2 68
51 62
35 47
32 49
36 51
34 48
68 71
30 84
9 17
12 82
36 46
10 85
12 80
34 59
7 13
33 51
6 13
52 56
8 13
48 93
25 28
72 93
6 16
8 30
