39 28
17 12
96 11
95 11
75 62
83 45
47 19
64 45
59 56
39 25
94 14
95 10
62 46
90 19
45 25
37 31
35 31
49 20
83 25
83 80
52 7
78 31
82 27
71 63
82 26
37 30
50 11
22 19
49 11
48 12
48 19
80 58
49 12
43 24
37 34
86 24
43 40
85 24
87 22
59 49
97 7
64 43
55 52
80 57
48 18
49 19
88 85
71 64
19 12
79 58
48 21
54 6
84 25
38 29
62 47
76 37
51 10
40 25
103 4
63 46
9 6
46 19
72 62
93 12
85 21
42 26
102 98
93 13
86 21
78 37
87 23
59 50
54 5
55 6
48 11
20 12
77 60
51 6
51 5
41 24
48 20
84 26
46 21
84 24
69 64
56 53
71 62
82 79
90 18
92 20
82 25
39 30
54 7
62 37
80 59
97 9
82 78
64 44
92 49
69 65
56 6
77 59
47 22
92 50
62 45
103 35
51 9
16 12
41 28
15 11
48 16
46 20
52 9
103 100
83 27
98 8
102 99
57 51
78 38
17 14
94 12
36 33
72 63
38 28
45 24
90 21
14 11
89 20
53 6
34 31
40 28
76 60
78 29
92 10
89 19
49 9
84 81
75 61
78 36
77 61
50 47
79 57
76 34
88 21
49 16
81 57
86 23
91 88
103 5
58 51
78 60
41 25
60 49
60 51
50 9
47 23
77 37
61 46
46 22
45 22
56 52
84 23
91 20
47 21
61 48
78 59
76 62
77 58
36 31
41 27
90 12
16 13
73 62
63 44
75 72
70 65
60 47
79 59
74 62
77 35
70 64
53 8
91 12
70 66
94 11
56 50
96 8
57 54
89 22
44 24
75 37
95 9
18 13
59 51
42 25
82 29
39 29
38 30
98 6
63 39
40 26
85 22
96 10
28 25
50 10
44 23
55 51
63 43
68 65
72 64
92 13
64 46
97 8
72 65
62 48
46 23
40 29
92 12
42 24
59 48
82 28
95 8
58 50
41 26
20 11
52 8
48 17
83 26
43 39
88 20
47 20
40 27
56 51
45 23
55 5
76 61
60 50
86 22
91 11
17 13
71 65
93 10
44 25
70 67
89 21
49 10
75 60
44 22
37 29
51 8
60 48
88 22
95 14
92 11
18 12
52 6
53 7
96 9
61 49
94 10
38 31
59 47
87 21
98 9
63 45
85 23
7 4
61 47
76 36
78 58
83 24
94 13
83 23
61 45
36 32
77 36
96 14
93 11
98 7
52 10
76 35
16 11
90 20
19 16
43 25
58 55
28 39
12 17
11 96
11 95
62 75
45 83
19 47
45 64
56 59
25 39
14 94
10 95
46 62
19 90
25 45
31 37
31 35
20 49
25 83
80 83
7 52
31 78
27 82
63 71
26 82
30 37
11 50
19 22
11 49
12 48
19 48
58 80
12 49
24 43
34 37
24 86
40 43
24 85
22 87
49 59
7 97
43 64
52 55
57 80
18 48
19 49
85 88
64 71
12 19
58 79
21 48
6 54
25 84
29 38
47 62
37 76
10 51
25 40
4 103
46 63
6 9
19 46
62 72
12 93
21 85
26 42
98 102
13 93
21 86
37 78
23 87
50 59
5 54
6 55
11 48
12 20
60 77
6 51
5 51
24 41
20 48
26 84
21 46
24 84
64 69
53 56
62 71
79 82
18 90
20 92
25 82
30 39
7 54
37 62
59 80
9 97
78 82
44 64
49 92
65 69
6 56
59 77
22 47
50 92
45 62
35 103
9 51
12 16
28 41
11 15
16 48
20 46
9 52
100 103
27 83
8 98
99 102
51 57
38 78
14 17
12 94
33 36
63 72
28 38
24 45
21 90
11 14
20 89
6 53
31 34
28 40
60 76
29 78
10 92
19 89
9 49
81 84
61 75
36 78
61 77
47 50
57 79
34 76
21 88
16 49
57 81
23 86
88 91
5 103
51 58
60 78
25 41
49 60
51 60
9 50
23 47
37 77
46 61
22 46
22 45
52 56
23 84
20 91
21 47
48 61
59 78
62 76
58 77
31 36
27 41
12 90
13 16
62 73
44 63
72 75
65 70
47 60
59 79
62 74
35 77
64 70
8 53
12 91
66 70
11 94
50 56
8 96
54 57
22 89
24 44
37 75
9 95
13 18
51 59
25 42
29 82
29 39
30 38
6 98
39 63
26 40
22 85
10 96
25 28
10 50
23 44
51 55
43 63
65 68
64 72
13 92
46 64
8 97
65 72
48 62
23 46
29 40
12 92
24 42
48 59
28 82
8 95
50 58
26 41
11 20
8 52
17 48
26 83
39 43
20 88
20 47
27 40
51 56
23 45
5 55
61 76
50 60
22 86
11 91
13 17
65 71
10 93
25 44
67 70
21 89
10 49
60 75
22 44
29 37
8 51
48 60
22 88
14 95
11 92
12 18
6 52
7 53
9 96
49 61
10 94
31 38
47 59
21 87
9 98
45 63
23 85
4 7
47 61
36 76
58 78
24 83
13 94
23 83
45 61
32 36
36 77
14 96
11 93
7 98
10 52
35 76
11 16
20 90
16 19
25 43
55 58
