167 162
178 154
128 121
45 13
208 188
59 3
17 13
174 72
154 65
169 153
186 182
59 45
212 158
189 180
15 11
135 90
205 68
192 178
219 212
213 179
11 8
133 128
166 143
201 192
12 9
62 57
100 76
67 63
178 166
43 10
136 104
43 4
42 35
100 97
95 92
147 102
179 155
171 150
119 36
201 195
167 163
169 166
154 80
95 32
119 116
181 158
96 92
140 107
9 6
135 104
179 158
89 62
64 60
106 83
175 71
196 173
67 22
163 155
189 179
212 184
201 193
30 7
109 85
44 3
29 25
88 62
114 110
92 29
178 155
187 184
12 8
153 79
112 52
220 216
200 195
73 70
105 87
98 75
45 10
25 20
147 104
42 34
202 193
103 93
45 4
101 94
86 38
96 77
19 2
167 164
131 127
132 98
187 181
187 179
211 157
129 126
137 110
143 106
133 127
62 58
17 14
64 61
213 155
103 94
50 39
85 50
87 84
134 104
166 82
60 45
219 215
10 4
142 138
132 103
98 94
206 188
221 217
190 162
101 97
135 117
133 130
193 174
107 85
79 69
67 20
157 82
220 109
93 81
132 97
127 123
96 93
60 14
207 187
152 77
77 73
10 2
130 127
202 192
153 82
176 153
28 24
35 7
175 72
131 128
96 66
180 160
102 78
195 172
194 170
104 80
66 29
96 25
150 80
144 136
216 139
218 215
220 52
183 160
177 65
204 188
212 157
29 14
60 2
137 107
133 103
73 66
66 28
133 105
135 106
54 50
43 9
194 167
120 91
112 109
145 142
43 34
65 61
137 113
65 62
194 174
151 78
211 156
27 23
106 82
26 11
94 90
168 164
111 52
97 73
192 170
30 8
59 34
148 143
177 153
114 111
31 28
219 53
44 41
173 151
154 93
169 148
148 80
207 188
134 103
135 87
176 155
19 15
96 70
116 90
179 156
86 56
55 49
156 82
70 22
209 187
26 23
208 187
211 55
123 91
66 25
194 175
133 91
152 73
169 149
142 139
38 34
109 54
88 38
14 11
98 95
95 28
96 74
69 65
61 57
157 83
56 34
48 40
132 102
89 66
34 7
200 194
103 90
108 83
200 167
177 155
192 176
97 93
67 25
106 80
134 105
59 2
34 10
198 172
92 28
106 81
124 91
140 108
96 69
59 10
29 26
122 36
191 68
9 5
104 90
178 82
121 117
116 84
104 79
159 141
20 14
68 64
117 113
13 3
59 11
107 83
173 72
112 54
214 157
97 74
93 79
169 145
13 4
16 13
120 36
168 148
60 19
187 180
166 141
154 89
102 97
103 78
72 69
26 22
120 116
144 140
91 32
213 141
30 26
135 107
147 144
44 10
43 35
168 165
195 173
132 99
205 177
93 89
29 11
192 166
49 40
43 7
116 85
213 158
89 84
216 109
97 76
213 178
92 32
177 69
96 28
88 34
166 162
162 159
208 189
211 158
119 87
135 116
133 94
105 80
56 38
132 127
191 177
25 21
169 143
115 112
26 15
170 150
13 10
15 12
131 102
123 37
173 170
220 217
200 170
186 181
54 49
150 147
10 6
37 32
143 80
63 20
170 153
151 73
175 151
10 3
77 72
112 86
177 68
199 194
174 171
211 53
220 53
67 64
177 154
140 106
9 4
139 108
56 50
176 154
119 86
133 120
135 84
191 175
68 65
176 170
190 179
63 14
63 29
104 81
13 9
179 159
174 152
166 80
129 125
200 192
138 107
20 11
116 87
123 119
38 35
101 76
194 171
169 150
57 47
48 42
213 140
115 85
59 19
147 80
102 94
119 115
182 160
106 84
132 126
154 82
79 73
14 2
175 68
9 3
45 2
88 36
203 190
174 150
70 24
140 83
48 39
103 80
213 157
197 172
166 163
152 93
113 110
44 4
89 81
41 38
210 157
205 188
30 27
166 155
116 113
192 167
95 91
219 109
125 121
219 216
200 193
135 113
199 195
148 144
165 143
123 32
100 75
203 191
116 105
119 37
66 62
174 170
165 142
166 153
180 158
191 176
27 24
144 104
33 7
213 160
113 107
89 65
79 72
188 181
124 121
48 41
151 72
163 142
123 36
210 179
45 3
127 120
102 76
91 87
119 88
169 144
159 155
63 59
196 172
219 108
29 20
202 190
138 108
36 32
112 51
93 66
180 159
143 140
116 112
116 86
153 80
210 156
174 153
45 14
190 180
134 131
210 158
194 172
198 194
213 156
206 189
132 101
154 69
87 37
113 109
171 149
133 90
154 79
21 18
119 91
152 79
209 184
163 159
207 189
163 140
138 106
189 178
85 56
112 84
184 158
112 107
19 14
32 29
192 162
144 106
211 54
153 143
59 14
98 76
204 190
120 90
92 88
188 179
190 177
208 61
90 84
204 189
85 54
103 81
143 82
86 37
208 158
118 115
132 128
155 82
115 86
96 24
74 71
102 79
213 83
105 90
13 2
150 79
59 29
192 177
193 176
64 19
151 74
70 66
48 38
11 7
17 2
202 191
156 83
97 94
137 106
213 82
58 46
101 77
70 67
93 90
128 117
185 181
95 31
204 191
171 78
205 190
50 37
182 158
153 150
127 124
115 50
105 81
107 84
178 163
118 114
55 50
18 14
30 11
156 89
92 62
36 33
58 45
116 37
155 83
147 78
194 173
147 134
42 7
90 81
90 87
207 186
218 212
207 204
190 178
89 57
58 47
170 166
169 80
213 163
132 94
43 5
137 108
152 69
178 162
171 151
121 118
109 52
63 60
170 167
189 177
96 73
48 44
154 81
101 78
208 179
112 50
55 51
43 3
105 84
198 195
25 22
122 118
149 78
188 180
55 48
88 32
169 165
179 157
32 28
219 54
18 15
26 20
194 176
112 85
178 159
97 79
56 48
193 173
205 189
187 158
151 77
134 102
193 175
124 120
214 183
152 72
113 106
152 78
136 106
61 58
178 158
175 170
156 81
181 160
192 175
165 141
170 149
101 75
144 105
130 126
20 15
165 145
174 151
120 117
92 66
10 7
152 80
63 25
93 73
46 41
219 52
213 210
101 98
175 152
180 162
205 191
97 75
144 80
50 38
55 47
156 65
183 158
107 54
136 113
97 77
67 21
218 214
77 74
130 99
91 88
42 39
178 156
176 167
216 108
151 79
175 153
128 120
54 51
117 114
185 182
87 81
86 50
31 27
120 87
42 37
16 12
221 218
66 63
175 69
62 29
163 143
212 183
103 79
187 182
163 141
91 37
156 57
88 56
128 125
94 91
210 187
180 161
150 78
73 69
213 159
127 91
210 57
127 94
113 85
96 79
115 111
69 66
42 33
56 37
97 78
105 83
103 97
28 25
140 82
63 19
122 119
43 6
113 84
181 159
70 25
62 59
14 10
42 38
135 120
123 33
136 105
123 120
92 89
56 47
178 153
37 34
148 145
151 97
105 82
176 166
84 81
135 105
137 109
143 139
116 107
219 214
88 37
