119 115
118 115
117 114
119 116
116 113
122 119
117 113
121 118
135 113
105 84
118 114
120 117
200 194
191 175
17 14
27 24
31 28
30 26
31 27
30 27
201 193
168 164
168 165
120 116
193 175
121 117
202 192
16 13
203 191
28 25
29 26
113 107
144 136
27 23
169 143
95 31
114 110
67 21
169 148
200 192
150 147
166 155
134 102
130 95
115 112
135 105
32 28
202 190
200 167
92 89
105 81
29 10
197 172
169 166
175 152
122 118
63 60
150 144
29 25
137 113
205 68
178 155
167 164
135 90
28 24
171 151
214 108
61 58
202 191
201 195
210 179
191 176
208 61
17 13
149 143
93 73
152 77
12 8
137 110
18 14
116 112
195 172
179 57
203 193
169 149
204 190
114 111
65 62
152 69
64 61
156 81
62 59
26 23
214 141
14 11
201 192
132 97
18 15
14 10
89 66
64 60
199 194
147 144
73 70
13 9
194 172
192 176
198 194
204 188
170 153
122 36
123 119
115 119
115 118
114 117
116 119
113 116
119 122
113 117
118 121
113 135
84 105
114 118
117 120
194 200
175 191
14 17
24 27
28 31
26 30
27 31
27 30
193 201
164 168
165 168
116 120
175 193
117 121
192 202
13 16
191 203
25 28
26 29
107 113
136 144
23 27
143 169
31 95
110 114
21 67
148 169
192 200
147 150
155 166
102 134
95 130
112 115
105 135
28 32
190 202
167 200
89 92
81 105
10 29
172 197
166 169
152 175
118 122
60 63
144 150
25 29
113 137
68 205
155 178
164 167
90 135
24 28
151 171
108 214
58 61
191 202
195 201
179 210
176 191
61 208
13 17
143 149
73 93
77 152
8 12
110 137
14 18
112 116
172 195
57 179
193 203
149 169
190 204
111 114
62 65
69 152
61 64
81 156
59 62
23 26
141 214
11 14
192 201
97 132
15 18
10 14
66 89
60 64
194 199
144 147
70 73
9 13
172 194
176 192
194 198
188 204
153 170
36 122
119 123
