119 115
118 115
117 114
119 116
116 113
122 119
117 113
121 118
135 113
105 84
118 114
120 117
200 194
191 175
17 14
27 24
31 28
30 26
31 27
30 27
201 193
168 164
168 165
120 116
193 175
121 117
202 192
16 13
203 191
28 25
29 26
113 107
144 136
27 23
169 143
95 31
114 110
67 21
169 148
200 192
150 147
166 155
134 102
130 95
115 112
135 105
32 28
202 190
200 167
92 89
105 81
29 10
197 172
169 166
175 152
122 118
63 60
150 144
29 25
137 113
205 68
178 155
167 164
135 90
28 24
171 151
214 108
61 58
202 191
201 195
210 179
191 176
208 61
17 13
149 143
93 73
152 77
12 8
137 110
18 14
116 112
195 172
179 57
203 193
169 149
204 190
114 111
65 62
152 69
64 61
156 81
62 59
26 23
214 141
14 11
201 192
132 97
18 15
14 10
89 66
64 60
199 194
147 144
73 70
13 9
194 172
192 176
198 194
204 188
170 153
122 36
123 119
205 191
133 120
135 120
123 120
154 89
109 52
169 165
93 89
152 73
136 104
13 10
32 29
61 57
92 66
148 143
54 51
54 50
213 157
92 29
20 14
159 141
111 52
25 22
63 59
15 12
149 146
203 190
210 65
92 88
192 175
11 7
94 90
200 193
130 94
132 94
210 57
16 12
9 6
164 161
12 9
147 78
149 144
147 104
97 73
102 78
93 90
208 187
191 177
208 181
204 191
15 11
10 7
202 193
166 163
94 91
198 172
206 64
213 159
97 94
170 166
199 195
192 162
219 215
89 81
105 90
213 141
203 192
201 194
30 15
96 93
156 89
67 22
11 8
96 24
74 70
62 58
101 97
60 45
133 90
66 63
73 69
58 47
88 32
156 105
10 6
43 35
21 14
65 61
196 172
115 111
204 189
156 84
215 141
211 157
123 36
212 158
211 55
21 18
187 181
211 54
101 98
157 57
74 71
89 62
26 22
148 144
176 170
219 216
91 88
170 167
53 50
19 15
211 57
115 119
115 118
114 117
116 119
113 116
119 122
113 117
118 121
113 135
84 105
114 118
117 120
194 200
175 191
14 17
24 27
28 31
26 30
27 31
27 30
193 201
164 168
165 168
116 120
175 193
117 121
192 202
13 16
191 203
25 28
26 29
107 113
136 144
23 27
143 169
31 95
110 114
21 67
148 169
192 200
147 150
155 166
102 134
95 130
112 115
105 135
28 32
190 202
167 200
89 92
81 105
10 29
172 197
166 169
152 175
118 122
60 63
144 150
25 29
113 137
68 205
155 178
164 167
90 135
24 28
151 171
108 214
58 61
191 202
195 201
179 210
176 191
61 208
13 17
143 149
73 93
77 152
8 12
110 137
14 18
112 116
172 195
57 179
193 203
149 169
190 204
111 114
62 65
69 152
61 64
81 156
59 62
23 26
141 214
11 14
192 201
97 132
15 18
10 14
66 89
60 64
194 199
144 147
70 73
9 13
172 194
176 192
194 198
188 204
153 170
36 122
119 123
191 205
120 133
120 135
120 123
89 154
52 109
165 169
89 93
73 152
104 136
10 13
29 32
57 61
66 92
143 148
51 54
50 54
157 213
29 92
14 20
141 159
52 111
22 25
59 63
12 15
146 149
190 203
65 210
88 92
175 192
7 11
90 94
193 200
94 130
94 132
57 210
12 16
6 9
161 164
9 12
78 147
144 149
104 147
73 97
78 102
90 93
187 208
177 191
181 208
191 204
11 15
7 10
193 202
163 166
91 94
172 198
64 206
159 213
94 97
166 170
195 199
162 192
215 219
81 89
90 105
141 213
192 203
194 201
15 30
93 96
89 156
22 67
8 11
24 96
70 74
58 62
97 101
45 60
90 133
63 66
69 73
47 58
32 88
105 156
6 10
35 43
14 21
61 65
172 196
111 115
189 204
84 156
141 215
157 211
36 123
158 212
55 211
18 21
181 187
54 211
98 101
57 157
71 74
62 89
22 26
144 148
170 176
216 219
88 91
167 170
50 53
15 19
57 211
