113 107
169 143
105 84
168 164
135 105
150 144
178 155
130 95
135 113
119 115
191 175
152 77
200 194
200 167
137 113
67 21
171 151
193 175
144 136
134 102
95 31
175 152
166 155
205 68
152 73
152 69
92 29
29 10
169 149
135 90
149 143
197 172
89 66
203 191
137 110
92 66
122 36
156 81
133 120
169 148
105 81
114 110
132 97
150 147
214 108
147 78
213 157
111 52
195 172
210 179
135 120
93 73
198 194
148 143
208 61
170 153
204 188
109 52
179 57
105 90
202 190
201 195
194 172
31 27
147 104
13 9
192 176
156 89
210 65
192 162
156 105
67 22
199 195
27 23
198 172
97 73
154 89
204 190
102 78
30 26
11 7
96 24
43 35
60 45
205 191
20 14
206 64
61 57
30 15
203 193
132 94
89 81
95 32
122 119
18 14
215 141
117 114
121 117
196 172
48 38
89 62
93 69
63 29
75 24
13 10
210 57
214 141
159 141
12 8
88 32
176 170
136 104
213 159
101 97
16 13
26 15
133 90
154 65
199 196
21 14
62 56
94 90
93 79
200 192
156 84
177 68
93 81
208 181
117 113
187 181
73 69
211 55
213 141
17 13
130 32
61 58
59 29
208 187
206 189
211 57
211 54
67 14
54 50
144 104
130 94
96 28
163 149
157 57
67 25
147 144
23 15
19 14
192 167
129 124
45 17
108 54
123 36
16 12
112 86
156 66
200 172
208 189
30 8
58 47
189 65
210 157
211 179
98 76
120 91
119 116
70 22
84 81
79 73
208 205
112 54
123 119
179 62
97 76
89 65
138 106
56 38
178 159
202 192
96 25
123 37
178 162
17 2
30 12
17 9
211 157
212 112
58 55
216 142
133 97
164 161
212 158
150 80
17 11
215 160
77 74
156 57
116 113
36 33
140 82
81 62
92 88
201 193
15 11
132 76
54 49
17 10
74 70
133 94
179 157
189 61
63 20
32 28
115 39
86 56
57 47
213 155
136 36
154 93
65 62
219 215
21 18
154 81
92 89
165 142
158 155
150 143
141 108
30 11
59 45
118 114
156 62
176 166
76 73
157 58
96 66
135 32
45 13
120 105
186 181
149 140
134 30
190 176
27 24
199 172
210 47
9 4
67 20
168 165
26 20
121 118
145 131
92 28
211 47
159 155
50 47
112 107
62 57
152 74
65 57
152 76
82 21
181 163
149 145
192 188
167 164
147 134
48 39
157 56
208 56
109 51
103 79
208 58
66 62
153 43
73 22
201 188
174 170
151 77
171 78
126 5
211 62
146 136
180 162
91 37
17 14
93 89
66 25
29 14
147 102
194 187
62 42
97 75
188 164
150 104
211 56
63 59
128 119
142 138
136 102
135 116
121 90
194 167
176 155
63 25
149 146
198 168
75 25
152 66
209 58
25 22
63 11
35 7
139 81
55 48
67 18
140 83
213 80
209 49
136 107
104 84
208 62
10 7
133 113
192 180
187 179
95 28
107 62
41 27
133 119
191 177
139 54
97 94
