113 107
169 143
105 84
168 164
135 105
150 144
178 155
130 95
135 113
119 115
191 175
152 77
200 194
200 167
137 113
67 21
171 151
193 175
144 136
134 102
95 31
175 152
166 155
205 68
152 73
152 69
92 29
29 10
169 149
135 90
149 143
197 172
89 66
203 191
137 110
92 66
122 36
156 81
133 120
169 148
105 81
114 110
132 97
150 147
214 108
147 78
213 157
111 52
195 172
210 179
135 120
93 73
198 194
148 143
208 61
170 153
204 188
109 52
179 57
105 90
202 190
201 195
194 172
31 27
147 104
13 9
192 176
156 89
210 65
192 162
156 105
67 22
199 195
27 23
198 172
97 73
154 89
204 190
102 78
30 26
11 7
96 24
43 35
60 45
205 191
20 14
206 64
61 57
30 15
203 193
132 94
89 81
95 32
122 119
18 14
215 141
117 114
121 117
196 172
48 38
89 62
93 69
63 29
75 24
13 10
210 57
214 141
159 141
12 8
88 32
176 170
136 104
107 113
143 169
84 105
164 168
105 135
144 150
155 178
95 130
113 135
115 119
175 191
77 152
194 200
167 200
113 137
21 67
151 171
175 193
136 144
102 134
31 95
152 175
155 166
68 205
73 152
69 152
29 92
10 29
149 169
90 135
143 149
172 197
66 89
191 203
110 137
66 92
36 122
81 156
120 133
148 169
81 105
110 114
97 132
147 150
108 214
78 147
157 213
52 111
172 195
179 210
120 135
73 93
194 198
143 148
61 208
153 170
188 204
52 109
57 179
90 105
190 202
195 201
172 194
27 31
104 147
9 13
176 192
89 156
65 210
162 192
105 156
22 67
195 199
23 27
172 198
73 97
89 154
190 204
78 102
26 30
7 11
24 96
35 43
45 60
191 205
14 20
64 206
57 61
15 30
193 203
94 132
81 89
32 95
119 122
14 18
141 215
114 117
117 121
172 196
38 48
62 89
69 93
29 63
24 75
10 13
57 210
141 214
141 159
8 12
32 88
170 176
104 136
