45 16
95 78
101 50
31 23
97 77
35 31
74 20
103 68
47 36
72 24
98 5
96 79
51 48
60 2
93 82
103 71
70 28
97 11
104 67
103 53
102 73
92 82
101 72
106 69
104 68
70 31
73 23
59 56
105 63
101 49
35 22
32 29
23 20
75 17
55 52
104 69
66 29
31 28
54 50
99 6
96 11
99 76
42 16
93 81
97 13
50 35
102 71
99 46
57 2
70 23
102 72
104 2
15 12
60 56
70 26
56 53
73 24
63 58
53 50
30 23
46 19
68 27
89 82
32 28
106 67
42 9
19 15
54 51
18 14
96 78
31 26
95 12
75 13
99 73
30 27
35 23
26 23
69 28
20 16
59 55
64 58
37 33
9 6
73 25
50 31
45 11
40 18
101 5
68 2
103 28
50 46
48 6
97 12
95 77
97 9
68 58
47 44
97 76
54 2
41 15
42 19
97 78
45 6
102 70
101 46
103 63
49 6
78 13
95 79
91 83
47 43
22 19
100 49
98 8
17 14
94 12
36 33
33 30
71 25
38 34
53 3
101 73
38 19
26 22
42 15
15 11
98 77
34 31
101 4
30 26
78 8
96 77
24 20
97 16
99 74
50 23
41 11
34 22
94 80
43 40
100 72
99 49
100 3
50 47
103 54
78 7
99 16
47 32
81 10
77 13
70 27
22 18
65 58
103 2
48 45
95 92
40 15
100 74
21 18
51 47
46 20
103 57
100 4
96 13
18 15
103 69
96 10
96 80
102 53
97 75
68 57
65 28
89 84
68 63
49 46
52 49
56 52
65 29
40 19
20 17
42 11
89 83
16 12
99 45
46 43
73 20
58 54
69 25
56 2
69 27
37 34
62 58
76 13
68 54
49 5
105 69
73 70
98 6
61 57
68 65
70 25
55 51
73 46
56 3
87 84
79 8
43 38
67 64
104 57
96 8
101 70
46 16
99 5
65 54
57 54
53 49
50 28
102 2
16 13
43 35
69 26
95 81
63 57
104 63
100 73
45 42
43 39
52 48
105 67
34 23
92 81
98 75
95 13
63 2
61 2
103 70
104 71
93 80
65 57
70 50
43 19
36 32
60 57
49 45
105 68
53 4
31 27
101 20
56 4
96 81
31 22
101 3
21 17
17 13
54 28
46 23
95 80
98 7
98 76
93 83
100 76
48 44
35 32
67 63
61 56
98 78
98 9
92 83
70 24
61 58
52 6
101 53
52 4
34 26
75 16
68 64
24 21
35 19
85 82
33 29
99 75
99 9
94 81
47 35
53 2
38 22
96 9
100 5
46 35
45 9
50 4
92 80
23 19
57 53
46 42
19 16
34 30
105 64
16 9
99 20
38 35
49 4
103 3
58 55
68 28
100 75
102 3
16 11
50 32
75 20
16 45
78 95
50 101
23 31
77 97
31 35
20 74
68 103
36 47
24 72
5 98
79 96
48 51
2 60
82 93
71 103
28 70
11 97
67 104
53 103
73 102
82 92
72 101
69 106
68 104
31 70
23 73
56 59
63 105
49 101
22 35
29 32
20 23
17 75
52 55
69 104
29 66
28 31
50 54
6 99
11 96
76 99
16 42
81 93
13 97
35 50
71 102
46 99
2 57
23 70
72 102
2 104
12 15
56 60
26 70
53 56
24 73
58 63
50 53
23 30
19 46
27 68
82 89
28 32
67 106
9 42
15 19
51 54
14 18
78 96
26 31
12 95
13 75
73 99
27 30
23 35
23 26
28 69
16 20
55 59
58 64
33 37
6 9
25 73
31 50
11 45
18 40
5 101
2 68
28 103
46 50
6 48
12 97
77 95
9 97
58 68
44 47
76 97
2 54
15 41
19 42
78 97
6 45
70 102
46 101
63 103
6 49
13 78
79 95
83 91
43 47
19 22
49 100
8 98
14 17
12 94
33 36
30 33
25 71
34 38
3 53
73 101
19 38
22 26
15 42
11 15
77 98
31 34
4 101
26 30
8 78
77 96
20 24
16 97
74 99
23 50
11 41
22 34
80 94
40 43
72 100
49 99
3 100
47 50
54 103
7 78
16 99
32 47
10 81
13 77
27 70
18 22
58 65
2 103
45 48
92 95
15 40
74 100
18 21
47 51
20 46
57 103
4 100
13 96
15 18
69 103
10 96
80 96
53 102
75 97
57 68
28 65
84 89
63 68
46 49
49 52
52 56
29 65
19 40
17 20
11 42
83 89
12 16
45 99
43 46
20 73
54 58
25 69
2 56
27 69
34 37
58 62
13 76
54 68
5 49
69 105
70 73
6 98
57 61
65 68
25 70
51 55
46 73
3 56
84 87
8 79
38 43
64 67
57 104
8 96
70 101
16 46
5 99
54 65
54 57
49 53
28 50
2 102
13 16
35 43
26 69
81 95
57 63
63 104
73 100
42 45
39 43
48 52
67 105
23 34
81 92
75 98
13 95
2 63
2 61
70 103
71 104
80 93
57 65
50 70
19 43
32 36
57 60
45 49
68 105
4 53
27 31
20 101
4 56
81 96
22 31
3 101
17 21
13 17
28 54
23 46
80 95
7 98
76 98
83 93
76 100
44 48
32 35
63 67
56 61
78 98
9 98
83 92
24 70
58 61
6 52
53 101
4 52
26 34
16 75
64 68
21 24
19 35
82 85
29 33
75 99
9 99
81 94
35 47
2 53
22 38
9 96
5 100
35 46
9 45
4 50
80 92
19 23
53 57
42 46
16 19
30 34
64 105
9 16
20 99
35 38
4 49
3 103
55 58
28 68
75 100
3 102
11 16
32 50
20 75
