49 6
79 8
75 20
104 71
9 6
54 28
34 26
80 77
51 47
95 77
47 36
90 84
50 23
24 21
45 41
73 20
89 81
103 53
30 26
105 67
45 9
95 80
90 82
47 32
46 20
54 50
46 16
91 81
30 27
65 58
100 76
16 11
96 78
70 50
54 32
101 73
93 80
89 83
99 49
101 50
102 71
56 52
40 18
73 46
90 81
68 57
106 69
103 2
100 74
90 83
76 17
90 85
63 60
42 11
102 72
6 49
8 79
20 75
71 104
6 9
28 54
26 34
77 80
47 51
77 95
36 47
84 90
23 50
21 24
41 45
20 73
81 89
53 103
26 30
67 105
9 45
80 95
82 90
32 47
20 46
50 54
16 46
81 91
27 30
58 65
76 100
11 16
78 96
50 70
32 54
73 101
80 93
83 89
49 99
50 101
71 102
52 56
18 40
46 73
81 90
57 68
69 106
2 103
74 100
83 90
17 76
85 90
60 63
11 42
72 102
