30 27
19 16
19 15
79 8
18 15
55 52
103 53
104 71
24 21
95 77
50 23
45 42
56 52
30 26
9 6
56 53
93 80
18 14
45 41
54 28
73 20
20 16
49 6
80 77
31 28
90 82
44 41
51 47
57 54
20 17
75 20
104 69
89 81
22 19
34 26
101 73
54 51
95 80
32 29
54 50
65 58
96 78
47 36
102 71
90 81
45 9
90 84
102 72
17 14
21 17
33 30
52 49
105 67
91 81
43 40
27 30
16 19
15 19
8 79
15 18
52 55
53 103
71 104
21 24
77 95
23 50
42 45
52 56
26 30
6 9
53 56
80 93
14 18
41 45
28 54
20 73
16 20
6 49
77 80
28 31
82 90
41 44
47 51
54 57
17 20
20 75
69 104
81 89
19 22
26 34
73 101
51 54
80 95
29 32
50 54
58 65
78 96
36 47
71 102
81 90
9 45
84 90
72 102
14 17
17 21
30 33
49 52
67 105
81 91
40 43
