49 6
79 8
75 20
104 71
9 6
54 28
34 26
80 77
51 47
95 77
47 36
90 84
50 23
24 21
45 41
73 20
89 81
103 53
30 26
105 67
45 9
95 80
90 82
47 32
46 20
54 50
46 16
91 81
30 27
65 58
100 76
16 11
96 78
70 50
54 32
101 73
93 80
89 83
99 49
101 50
102 71
56 52
40 18
73 46
90 81
68 57
106 69
103 2
100 74
90 83
76 17
90 85
63 60
42 11
102 72
18 14
67 64
73 70
34 22
100 5
103 68
97 16
77 17
41 12
103 49
72 24
99 6
38 22
61 2
92 82
50 47
51 32
90 86
65 29
65 54
67 27
89 86
52 4
55 52
104 69
95 12
99 16
73 23
21 17
50 32
36 32
35 19
19 15
42 19
86 82
70 53
102 3
45 42
99 46
26 22
62 40
91 85
105 63
98 7
98 78
46 19
70 23
96 80
38 34
77 13
15 12
43 15
92 86
67 63
86 15
