49 6
79 8
75 20
104 71
9 6
54 28
34 26
80 77
51 47
95 77
47 36
90 84
50 23
24 21
45 41
73 20
89 81
103 53
30 26
105 67
45 9
95 80
90 82
47 32
46 20
54 50
46 16
91 81
30 27
65 58
100 76
16 11
96 78
70 50
54 32
101 73
93 80
89 83
99 49
101 50
102 71
56 52
40 18
73 46
90 81
68 57
106 69
103 2
100 74
90 83
76 17
90 85
63 60
42 11
102 72
18 14
67 64
73 70
34 22
100 5
103 68
97 16
77 17
41 12
103 49
72 24
99 6
38 22
61 2
92 82
50 47
51 32
90 86
65 29
65 54
67 27
89 86
52 4
55 52
104 69
95 12
99 16
73 23
21 17
50 32
36 32
35 19
19 15
42 19
86 82
70 53
102 3
45 42
99 46
26 22
62 40
91 85
105 63
98 7
98 78
46 19
70 23
96 80
38 34
77 13
15 12
43 15
92 86
67 63
86 15
106 27
79 10
33 29
54 47
76 7
88 64
98 8
67 61
85 57
38 18
47 44
85 82
54 29
78 13
17 13
53 4
19 16
93 85
73 63
44 21
96 79
58 51
54 51
7 3
86 59
102 26
94 83
42 15
11 6
100 72
90 18
107 104
66 29
96 10
97 11
62 22
40 14
58 50
33 30
105 90
107 66
95 11
6 3
75 17
56 25
92 84
62 41
98 68
47 23
81 78
51 41
74 24
34 30
105 57
71 27
6 49
8 79
20 75
71 104
6 9
28 54
26 34
77 80
47 51
77 95
36 47
84 90
23 50
21 24
41 45
20 73
81 89
53 103
26 30
67 105
9 45
80 95
82 90
32 47
20 46
50 54
16 46
81 91
27 30
58 65
76 100
11 16
78 96
50 70
32 54
73 101
80 93
83 89
49 99
50 101
71 102
52 56
18 40
46 73
81 90
57 68
69 106
2 103
74 100
83 90
17 76
85 90
60 63
11 42
72 102
14 18
64 67
70 73
22 34
5 100
68 103
16 97
17 77
12 41
49 103
24 72
6 99
22 38
2 61
82 92
47 50
32 51
86 90
29 65
54 65
27 67
86 89
4 52
52 55
69 104
12 95
16 99
23 73
17 21
32 50
32 36
19 35
15 19
19 42
82 86
53 70
3 102
42 45
46 99
22 26
40 62
85 91
63 105
7 98
78 98
19 46
23 70
80 96
34 38
13 77
12 15
15 43
86 92
63 67
15 86
27 106
10 79
29 33
47 54
7 76
64 88
8 98
61 67
57 85
18 38
44 47
82 85
29 54
13 78
13 17
4 53
16 19
85 93
63 73
21 44
79 96
51 58
51 54
3 7
59 86
26 102
83 94
15 42
6 11
72 100
18 90
104 107
29 66
10 96
11 97
22 62
14 40
50 58
30 33
90 105
66 107
11 95
3 6
17 75
25 56
84 92
41 62
68 98
23 47
78 81
41 51
24 74
30 34
57 105
27 71
