30 27
19 16
19 15
79 8
18 15
55 52
103 53
104 71
24 21
95 77
50 23
45 42
56 52
30 26
9 6
56 53
93 80
18 14
45 41
54 28
73 20
20 16
49 6
80 77
31 28
90 82
44 41
51 47
57 54
20 17
75 20
104 69
89 81
22 19
34 26
101 73
54 51
95 80
32 29
54 50
65 58
96 78
47 36
102 71
90 81
45 9
90 84
102 72
17 14
21 17
33 30
52 49
105 67
91 81
43 40
68 57
50 47
52 48
47 32
89 86
100 74
21 18
97 16
46 43
17 13
90 85
31 27
34 31
63 60
100 76
22 18
102 3
16 11
103 2
57 53
36 33
89 83
46 20
46 16
99 49
40 18
100 5
106 69
55 51
51 48
67 64
89 82
53 50
32 28
34 30
91 85
37 34
90 83
25 22
73 70
47 44
105 69
36 32
76 17
54 32
42 11
92 82
85 82
103 68
70 50
89 84
81 78
102 2
95 78
16 13
90 86
73 46
89 85
34 22
86 82
101 50
35 32
44 40
28 25
100 73
103 71
99 6
33 29
46 42
38 34
91 82
77 17
38 35
16 12
95 12
58 55
24 20
15 12
61 2
92 80
64 61
23 19
86 83
96 79
67 63
25 21
50 32
65 29
72 24
26 23
87 84
104 70
53 49
64 58
23 20
47 43
92 85
101 74
98 76
58 54
51 32
99 16
101 72
95 79
73 23
49 46
98 7
26 22
91 84
35 31
