184 92
94 83
163 159
163 160
92 85
184 90
182 92
96 81
49 46
162 158
18 14
164 160
161 158
13 9
181 171
164 161
182 94
13 10
180 94
11 8
162 159
165 161
83 31
23 20
182 170
183 92
180 172
96 83
92 87
22 18
15 11
81 31
12 9
94 85
179 173
165 162
171 131
17 13
8 5
79 27
23 19
52 49
106 103
22 19
48 45
169 135
169 158
180 96
182 172
183 93
12 8
165 42
106 102
161 157
53 50
11 7
182 93
160 156
81 29
14 11
16 13
133 106
98 74
18 15
162 50
98 78
14 10
79 29
52 48
10 7
183 162
48 12
173 131
53 49
42 4
167 162
158 50
180 171
160 157
184 170
17 14
95 82
51 48
52 17
93 84
161 50
94 82
168 163
184 91
179 102
60 56
98 75
183 167
59 21
50 47
185 91
46 43
171 135
93 51
179 171
16 12
177 174
131 104
181 170
184 168
101 97
21 18
54 51
52 16
54 50
181 94
55 51
136 133
15 12
56 53
20 16
28 14
24 21
93 83
161 46
140 133
84 32
164 46
166 163
175 103
134 102
21 17
158 53
98 79
50 46
186 90
185 167
9 6
30 14
20 17
177 173
82 31
78 75
78 74
19 15
24 20
51 47
178 97
47 44
107 102
179 172
92 84
59 17
43 40
168 162
183 170
158 155
47 42
48 44
131 102
84 7
179 97
9 5
183 168
10 6
185 90
19 16
82 10
168 90
83 33
95 83
93 85
40 37
90 87
52 13
92 86
95 81
182 169
171 134
184 167
78 26
26 21
55 17
161 49
56 52
179 101
183 50
183 169
182 171
25 22
93 82
56 17
49 45
156 134
165 46
85 33
184 87
82 29
178 173
180 173
167 163
59 24
149 146
44 2
131 105
181 172
132 106
100 97
181 95
84 33
135 131
98 81
28 21
82 30
179 96
131 106
141 138
91 84
80 28
61 58
47 43
148 141
96 82
80 29
142 138
186 167
141 61
181 135
84 10
169 54
77 25
80 26
159 156
142 139
148 100
96 80
91 85
97 81
94 84
157 153
48 13
83 32
171 102
80 27
96 79
180 95
25 21
9 4
78 27
173 102
185 92
186 91
8 4
166 162
82 55
134 131
184 93
55 52
143 140
174 104
178 174
79 28
178 96
180 174
77 74
80 55
140 61
146 143
36 5
91 86
157 53
156 153
181 169
148 145
38 5
176 173
91 6
159 155
84 31
169 162
46 42
140 136
32 7
178 101
165 47
170 92
160 138
181 54
92 184
83 94
159 163
160 163
85 92
90 184
92 182
81 96
46 49
158 162
14 18
160 164
158 161
9 13
171 181
161 164
94 182
10 13
94 180
8 11
159 162
161 165
31 83
20 23
170 182
92 183
172 180
83 96
87 92
18 22
11 15
31 81
9 12
85 94
173 179
162 165
131 171
13 17
5 8
27 79
19 23
49 52
103 106
19 22
45 48
135 169
158 169
96 180
172 182
93 183
8 12
42 165
102 106
157 161
50 53
7 11
93 182
156 160
29 81
11 14
13 16
106 133
74 98
15 18
50 162
78 98
10 14
29 79
48 52
7 10
162 183
12 48
131 173
49 53
4 42
162 167
50 158
171 180
157 160
170 184
14 17
82 95
48 51
17 52
84 93
50 161
82 94
163 168
91 184
102 179
56 60
75 98
167 183
21 59
47 50
91 185
43 46
135 171
51 93
171 179
12 16
174 177
104 131
170 181
168 184
97 101
18 21
51 54
16 52
50 54
94 181
51 55
133 136
12 15
53 56
16 20
14 28
21 24
83 93
46 161
133 140
32 84
46 164
163 166
103 175
102 134
17 21
53 158
79 98
46 50
90 186
167 185
6 9
14 30
17 20
173 177
31 82
75 78
74 78
15 19
20 24
47 51
97 178
44 47
102 107
172 179
84 92
17 59
40 43
162 168
170 183
155 158
42 47
44 48
102 131
7 84
97 179
5 9
168 183
6 10
90 185
16 19
10 82
90 168
33 83
83 95
85 93
37 40
87 90
13 52
86 92
81 95
169 182
134 171
167 184
26 78
21 26
17 55
49 161
52 56
101 179
50 183
169 183
171 182
22 25
82 93
17 56
45 49
134 156
46 165
33 85
87 184
29 82
173 178
173 180
163 167
24 59
146 149
2 44
105 131
172 181
106 132
97 100
95 181
33 84
131 135
81 98
21 28
30 82
96 179
106 131
138 141
84 91
28 80
58 61
43 47
141 148
82 96
29 80
138 142
167 186
61 141
135 181
10 84
54 169
25 77
26 80
156 159
139 142
100 148
80 96
85 91
81 97
84 94
153 157
13 48
32 83
102 171
27 80
79 96
95 180
21 25
4 9
27 78
102 173
92 185
91 186
4 8
162 166
55 82
131 134
93 184
52 55
140 143
104 174
174 178
28 79
96 178
174 180
74 77
55 80
61 140
143 146
5 36
86 91
53 157
153 156
169 181
145 148
5 38
173 176
6 91
155 159
31 84
162 169
42 46
136 140
7 32
101 178
47 165
92 170
138 160
54 181
