182 170
163 159
180 96
101 97
177 174
184 92
106 103
184 90
180 94
169 158
171 131
182 94
96 81
94 83
181 171
182 92
162 50
167 162
48 12
141 138
79 29
165 42
169 135
96 83
98 78
173 131
180 172
161 50
158 50
8 5
183 162
179 173
98 74
133 106
42 4
83 31
81 29
179 102
52 17
92 85
94 85
81 31
175 103
49 46
59 21
98 79
184 168
134 102
131 104
168 163
171 135
106 102
92 87
183 93
136 133
182 172
93 51
22 18
43 40
79 27
165 161
161 46
78 74
40 37
158 53
164 46
23 20
176 173
142 138
184 170
52 16
60 56
177 173
98 75
46 43
84 7
56 53
11 7
163 160
30 14
185 167
178 97
160 156
59 17
28 14
168 90
140 133
52 49
84 10
179 97
181 135
146 143
55 17
131 102
183 167
169 54
98 81
148 100
161 49
47 42
183 50
141 61
179 101
157 153
95 51
169 162
48 13
52 13
107 102
18 14
13 9
162 158
59 24
171 134
82 55
171 102
165 47
26 21
56 17
156 134
82 10
44 12
184 87
164 160
158 54
148 141
179 171
44 2
135 131
160 138
170 92
23 19
140 136
181 54
161 157
52 48
56 20
80 21
186 167
149 146
173 102
148 61
185 162
78 75
174 104
15 11
55 51
140 106
77 74
17 13
181 134
36 33
28 21
98 62
48 45
95 82
83 33
84 32
91 6
142 139
18 15
165 46
12 8
100 97
80 55
100 68
38 5
55 13
100 61
168 159
9 4
142 106
13 10
30 26
53 49
85 33
148 145
80 26
32 7
96 79
165 39
154 57
80 74
90 87
150 60
48 16
165 162
22 19
51 10
93 6
59 26
165 50
25 22
98 26
36 5
140 61
149 60
150 141
157 46
24 21
183 170
157 53
30 11
183 54
56 52
139 133
41 3
186 90
132 102
74 61
77 25
74 62
76 70
53 50
181 155
78 26
91 84
37 34
80 58
173 104
154 53
148 60
16 13
181 131
132 106
19 15
142 60
93 82
172 131
139 106
131 106
93 84
14 11
47 9
157 49
30 27
142 103
168 162
34 7
95 58
76 24
61 56
85 31
156 138
93 47
55 14
134 131
75 62
145 141
42 39
95 80
172 94
32 11
48 44
174 96
122 112
156 137
44 40
145 142
162 54
178 101
35 32
80 62
159 135
144 141
149 145
113 110
42 9
47 39
61 26
141 137
156 153
148 143
49 16
48 9
153 138
50 46
141 106
153 137
143 106
20 17
151 56
181 169
170 182
159 163
96 180
97 101
174 177
92 184
103 106
90 184
94 180
158 169
131 171
94 182
81 96
83 94
171 181
92 182
50 162
162 167
12 48
138 141
29 79
42 165
135 169
83 96
78 98
131 173
172 180
50 161
50 158
5 8
162 183
173 179
74 98
106 133
4 42
31 83
29 81
102 179
17 52
85 92
85 94
31 81
103 175
46 49
21 59
79 98
168 184
102 134
104 131
163 168
135 171
102 106
87 92
93 183
133 136
172 182
51 93
18 22
40 43
27 79
161 165
46 161
74 78
37 40
53 158
46 164
20 23
173 176
138 142
170 184
16 52
56 60
173 177
75 98
43 46
7 84
53 56
7 11
160 163
14 30
167 185
97 178
156 160
17 59
14 28
90 168
133 140
49 52
10 84
97 179
135 181
143 146
17 55
102 131
167 183
54 169
81 98
100 148
49 161
42 47
50 183
61 141
101 179
153 157
51 95
162 169
13 48
13 52
102 107
14 18
9 13
158 162
24 59
134 171
55 82
102 171
47 165
21 26
17 56
134 156
10 82
12 44
87 184
160 164
54 158
141 148
171 179
2 44
131 135
138 160
92 170
19 23
136 140
54 181
157 161
48 52
20 56
21 80
167 186
146 149
102 173
61 148
162 185
75 78
104 174
11 15
51 55
106 140
74 77
13 17
134 181
33 36
21 28
62 98
45 48
82 95
33 83
32 84
6 91
139 142
15 18
46 165
8 12
97 100
55 80
68 100
5 38
13 55
61 100
159 168
4 9
106 142
10 13
26 30
49 53
33 85
145 148
26 80
7 32
79 96
39 165
57 154
74 80
87 90
60 150
16 48
162 165
19 22
10 51
6 93
26 59
50 165
22 25
26 98
5 36
61 140
60 149
141 150
46 157
21 24
170 183
53 157
11 30
54 183
52 56
133 139
3 41
90 186
102 132
61 74
25 77
62 74
70 76
50 53
155 181
26 78
84 91
34 37
58 80
104 173
53 154
60 148
13 16
131 181
106 132
15 19
60 142
82 93
131 172
106 139
106 131
84 93
11 14
9 47
49 157
27 30
103 142
162 168
7 34
58 95
24 76
56 61
31 85
138 156
47 93
14 55
131 134
62 75
141 145
39 42
80 95
94 172
11 32
44 48
96 174
112 122
137 156
40 44
142 145
54 162
101 178
32 35
62 80
135 159
141 144
145 149
110 113
9 42
39 47
26 61
137 141
153 156
143 148
16 49
9 48
138 153
46 50
106 141
137 153
106 143
17 20
56 151
169 181
