182 170
163 159
180 96
101 97
177 174
184 92
106 103
184 90
180 94
169 158
171 131
182 94
96 81
94 83
181 171
182 92
162 50
167 162
48 12
141 138
79 29
165 42
169 135
96 83
98 78
173 131
180 172
161 50
158 50
8 5
183 162
179 173
98 74
133 106
42 4
83 31
81 29
179 102
52 17
92 85
94 85
81 31
175 103
49 46
59 21
98 79
184 168
134 102
131 104
168 163
171 135
106 102
92 87
183 93
136 133
182 172
93 51
22 18
43 40
79 27
165 161
161 46
78 74
40 37
158 53
164 46
23 20
176 173
142 138
184 170
52 16
60 56
177 173
98 75
46 43
84 7
56 53
11 7
163 160
30 14
185 167
178 97
160 156
59 17
28 14
168 90
140 133
52 49
84 10
179 97
181 135
146 143
55 17
131 102
183 167
169 54
98 81
148 100
161 49
47 42
183 50
141 61
179 101
157 153
95 51
169 162
48 13
52 13
107 102
18 14
13 9
162 158
59 24
171 134
82 55
171 102
165 47
26 21
56 17
156 134
82 10
44 12
184 87
164 160
158 54
148 141
179 171
44 2
135 131
160 138
170 92
23 19
140 136
181 54
161 157
52 48
56 20
80 21
186 167
149 146
173 102
148 61
185 162
78 75
174 104
15 11
55 51
140 106
77 74
17 13
181 134
36 33
28 21
98 62
48 45
95 82
83 33
84 32
91 6
142 139
18 15
165 46
12 8
100 97
80 55
100 68
38 5
55 13
100 61
168 159
9 4
142 106
13 10
30 26
53 49
85 33
148 145
80 26
32 7
96 79
165 39
154 57
80 74
90 87
150 60
48 16
165 162
22 19
51 10
