94 83
163 159
13 9
13 10
12 9
162 158
163 160
23 20
165 161
184 92
161 158
22 19
164 160
182 92
181 171
12 8
17 13
164 161
183 92
180 172
161 157
95 83
182 93
184 91
92 85
182 170
16 13
18 14
48 45
11 8
96 81
180 173
22 18
11 7
94 84
182 94
183 93
181 172
180 94
162 159
53 49
17 14
184 90
83 31
18 15
51 48
49 46
14 11
52 49
15 11
182 171
21 18
180 171
53 50
165 162
15 12
23 19
93 85
19 16
24 20
106 103
52 48
19 15
14 10
46 43
10 7
54 50
8 5
79 27
160 156
16 12
81 29
20 17
183 170
181 94
94 85
179 172
55 51
160 157
94 82
106 102
96 82
167 162
180 96
184 93
179 173
9 6
50 47
81 31
185 92
181 170
93 83
179 171
78 75
184 168
92 87
20 16
166 162
185 91
183 94
93 84
96 83
92 86
24 21
166 163
47 44
54 51
185 90
177 174
51 47
79 29
183 167
83 32
82 31
133 106
167 163
182 169
146 143
90 87
79 28
95 82
183 168
180 95
84 32
21 17
78 74
136 133
131 104
159 156
143 140
95 81
183 169
50 46
10 6
92 84
175 103
107 103
185 167
177 173
78 26
81 30
43 40
141 138
9 5
182 172
25 22
101 97
91 87
48 44
91 85
134 131
168 163
98 74
80 27
60 56
186 91
168 162
47 43
25 21
93 82
161 50
147 144
42 4
56 53
158 155
78 27
162 50
178 175
97 81
184 169
178 97
80 29
84 33
184 170
149 146
142 138
80 28
186 90
184 167
179 102
173 131
178 174
181 95
107 104
91 86
98 79
85 33
148 145
41 38
83 94
159 163
9 13
10 13
9 12
158 162
160 163
20 23
161 165
92 184
158 161
19 22
160 164
92 182
171 181
8 12
13 17
161 164
92 183
172 180
157 161
83 95
93 182
91 184
85 92
170 182
13 16
14 18
45 48
8 11
81 96
173 180
18 22
7 11
84 94
94 182
93 183
172 181
94 180
159 162
49 53
14 17
90 184
31 83
15 18
48 51
46 49
11 14
49 52
11 15
171 182
18 21
171 180
50 53
162 165
12 15
19 23
85 93
16 19
20 24
103 106
48 52
15 19
10 14
43 46
7 10
50 54
5 8
27 79
156 160
12 16
29 81
17 20
170 183
94 181
85 94
172 179
51 55
157 160
82 94
102 106
82 96
162 167
96 180
93 184
173 179
6 9
47 50
31 81
92 185
170 181
83 93
171 179
75 78
168 184
87 92
16 20
162 166
91 185
94 183
84 93
83 96
86 92
21 24
163 166
44 47
51 54
90 185
174 177
47 51
29 79
167 183
32 83
31 82
106 133
163 167
169 182
143 146
87 90
28 79
82 95
168 183
95 180
32 84
17 21
74 78
133 136
104 131
156 159
140 143
81 95
169 183
46 50
6 10
84 92
103 175
103 107
167 185
173 177
26 78
30 81
40 43
138 141
5 9
172 182
22 25
97 101
87 91
44 48
85 91
131 134
163 168
74 98
27 80
56 60
91 186
162 168
43 47
21 25
82 93
50 161
144 147
4 42
53 56
155 158
27 78
50 162
175 178
81 97
169 184
97 178
29 80
33 84
170 184
146 149
138 142
28 80
90 186
167 184
102 179
131 173
174 178
95 181
104 107
86 91
79 98
33 85
145 148
38 41
