184 92
94 83
163 159
163 160
92 85
184 90
182 92
96 81
49 46
162 158
18 14
164 160
161 158
13 9
181 171
164 161
182 94
13 10
180 94
11 8
162 159
165 161
83 31
23 20
182 170
183 92
180 172
96 83
92 87
22 18
15 11
81 31
12 9
94 85
179 173
165 162
171 131
17 13
8 5
79 27
23 19
52 49
106 103
22 19
48 45
169 135
169 158
180 96
182 172
183 93
12 8
165 42
106 102
161 157
53 50
11 7
182 93
160 156
81 29
14 11
16 13
133 106
98 74
18 15
162 50
98 78
14 10
79 29
52 48
10 7
183 162
48 12
173 131
53 49
42 4
167 162
158 50
180 171
160 157
184 170
17 14
95 82
51 48
52 17
93 84
161 50
94 82
168 163
184 91
179 102
60 56
98 75
183 167
59 21
