69 65
151 147
179 62
96 80
165 161
115 112
186 167
20 17
159 156
94 82
50 47
171 131
85 37
186 89
18 15
124 120
185 90
179 58
75 70
186 90
8 4
157 153
139 136
80 31
186 165
48 45
55 52
183 94
37 7
176 99
61 57
98 79
151 148
82 31
44 40
96 58
92 85
150 146
168 159
159 155
79 30
64 26
149 145
97 63
161 47
178 96
182 170
93 84
108 104
131 104
11 8
55 51
133 130
63 26
91 84
158 155
67 64
139 114
26 21
130 104
23 20
110 106
91 39
74 71
125 122
36 5
156 152
32 10
27 21
179 98
148 144
179 171
51 47
143 138
166 163
71 67
153 146
162 50
99 61
44 8
63 59
134 131
77 27
114 111
181 170
180 171
154 54
156 135
65 25
109 106
98 62
151 146
72 68
24 20
26 22
59 21
78 64
173 101
177 98
179 97
175 100
77 29
181 172
64 61
25 22
178 98
82 33
118 115
79 28
157 50
90 87
163 160
64 59
112 109
12 9
13 10
76 67
13 9
74 69
156 153
95 81
63 60
26 23
183 169
68 65
78 63
167 163
97 78
169 159
95 54
79 29
38 3
106 103
183 162
62 58
143 140
168 163
84 34
14 10
60 56
27 22
154 53
45 41
122 108
55 17
183 92
157 152
41 2
80 29
42 2
21 18
155 134
176 101
180 94
73 70
89 86
172 128
78 29
182 92
49 46
100 62
96 82
53 50
59 56
56 53
164 160
165 162
158 54
176 100
181 95
184 92
40 3
37 5
184 169
58 54
153 142
38 4
179 173
133 107
43 40
158 51
71 68
178 100
91 88
76 69
97 79
178 62
39 6
140 110
165 43
131 127
74 70
167 162
147 144
14 11
30 17
80 55
175 101
171 128
37 6
139 133
38 5
57 53
8 5
181 94
141 138
82 30
39 3
25 21
78 28
93 83
174 101
48 9
178 99
119 112
40 2
95 51
177 174
38 6
184 167
59 20
180 172
139 111
47 43
62 57
133 129
92 84
85 34
123 120
10 6
182 95
111 107
94 81
107 104
157 154
154 50
60 57
98 78
61 58
9 6
181 171
161 50
68 64
45 42
162 158
79 31
30 14
69 64
96 81
179 174
162 47
84 33
136 132
184 93
77 28
76 27
136 133
44 9
100 63
52 48
48 44
44 41
21 17
118 112
99 64
11 7
176 98
64 60
80 28
159 135
100 64
171 132
94 84
44 4
114 110
116 112
185 162
77 69
181 54
158 154
91 85
167 164
177 101
180 97
140 134
36 6
84 6
91 86
143 139
65 27
95 82
59 26
16 12
144 138
174 102
152 143
83 35
117 111
95 83
22 19
117 112
121 118
185 91
185 167
56 20
102 62
51 48
130 127
17 14
183 170
129 125
99 62
184 90
22 18
83 32
76 65
122 117
161 158
16 13
121 117
122 112
146 143
152 146
182 169
80 58
39 5
161 46
35 32
50 46
76 70
145 142
81 33
86 37
124 121
178 174
147 143
166 162
72 69
178 175
81 31
186 91
177 173
183 167
97 80
77 66
175 104
179 100
46 42
99 58
99 78
113 109
92 87
175 102
112 108
108 105
139 134
129 126
179 99
95 55
131 128
99 63
84 37
160 156
76 66
35 7
28 21
54 51
18 14
36 7
179 102
160 157
80 30
144 140
83 33
109 105
70 67
183 93
52 49
168 162
169 162
63 58
123 119
182 93
19 15
125 121
116 111
131 102
59 24
66 26
130 108
77 26
113 110
150 147
158 50
178 97
132 128
39 4
132 129
80 59
53 49
37 34
91 87
182 171
97 81
35 10
131 107
83 34
149 146
66 27
180 96
57 54
46 43
93 82
24 21
179 172
79 63
173 102
82 32
41 3
100 61
185 168
152 147
115 111
153 147
183 168
177 99
15 12
111 108
61 56
146 142
135 132
97 58
181 169
130 126
90 86
56 52
98 63
43 39
180 173
158 53
95 80
186 166
54 50
65 26
184 168
19 16
40 4
178 102
35 6
28 18
92 86
185 166
161 157
73 69
59 55
185 92
122 119
23 19
164 161
179 96
179 101
99 79
110 107
45 9
69 66
155 135
101 98
116 113
35 5
148 145
93 85
70 66
78 75
81 32
10 7
75 69
145 141
98 80
17 13
44 39
44 6
117 114
97 62
62 59
178 101
81 30
180 95
47 44
172 131
184 91
58 55
178 173
60 24
130 107
153 143
175 103
107 103
63 28
78 27
59 28
163 159
84 35
130 125
144 141
101 62
94 83
20 16
156 137
91 37
41 4
177 100
122 118
181 96
158 49
162 159
182 94
185 165
65 69
147 151
62 179
80 96
161 165
112 115
167 186
17 20
156 159
82 94
47 50
131 171
37 85
89 186
15 18
120 124
90 185
58 179
70 75
90 186
4 8
153 157
136 139
31 80
165 186
45 48
52 55
94 183
7 37
99 176
57 61
79 98
148 151
31 82
40 44
58 96
85 92
146 150
159 168
155 159
30 79
26 64
145 149
63 97
47 161
96 178
170 182
84 93
104 108
104 131
8 11
51 55
130 133
26 63
84 91
155 158
64 67
114 139
21 26
104 130
20 23
106 110
39 91
71 74
122 125
5 36
152 156
10 32
21 27
98 179
144 148
171 179
47 51
138 143
163 166
67 71
146 153
50 162
61 99
8 44
59 63
131 134
27 77
111 114
170 181
171 180
54 154
135 156
25 65
106 109
62 98
146 151
68 72
20 24
22 26
21 59
64 78
101 173
98 177
97 179
100 175
29 77
172 181
61 64
22 25
98 178
33 82
115 118
28 79
50 157
87 90
160 163
59 64
109 112
9 12
10 13
67 76
9 13
69 74
153 156
81 95
60 63
23 26
169 183
65 68
63 78
163 167
78 97
159 169
54 95
29 79
3 38
103 106
162 183
58 62
140 143
163 168
34 84
10 14
56 60
22 27
53 154
41 45
108 122
17 55
92 183
152 157
2 41
29 80
2 42
18 21
134 155
101 176
94 180
70 73
86 89
128 172
29 78
92 182
46 49
62 100
82 96
50 53
56 59
53 56
160 164
162 165
54 158
100 176
95 181
92 184
3 40
5 37
169 184
54 58
142 153
4 38
173 179
107 133
40 43
51 158
68 71
100 178
88 91
69 76
79 97
62 178
6 39
110 140
43 165
127 131
70 74
162 167
144 147
11 14
17 30
55 80
101 175
128 171
6 37
133 139
5 38
53 57
5 8
94 181
138 141
30 82
3 39
21 25
28 78
83 93
101 174
9 48
99 178
112 119
2 40
51 95
174 177
6 38
167 184
20 59
172 180
111 139
43 47
57 62
129 133
84 92
34 85
120 123
6 10
95 182
107 111
81 94
104 107
154 157
50 154
57 60
78 98
58 61
6 9
171 181
50 161
64 68
42 45
158 162
31 79
14 30
64 69
81 96
174 179
47 162
33 84
132 136
93 184
28 77
27 76
133 136
9 44
63 100
48 52
44 48
41 44
17 21
112 118
64 99
7 11
98 176
60 64
28 80
135 159
64 100
132 171
84 94
4 44
110 114
112 116
162 185
69 77
54 181
154 158
85 91
164 167
101 177
97 180
134 140
6 36
6 84
86 91
139 143
27 65
82 95
26 59
12 16
138 144
102 174
143 152
35 83
111 117
83 95
19 22
112 117
118 121
91 185
167 185
20 56
62 102
48 51
127 130
14 17
170 183
125 129
62 99
90 184
18 22
32 83
65 76
117 122
158 161
13 16
117 121
112 122
143 146
146 152
169 182
58 80
5 39
46 161
32 35
46 50
70 76
142 145
33 81
37 86
121 124
174 178
143 147
162 166
69 72
175 178
31 81
91 186
173 177
167 183
80 97
66 77
104 175
100 179
42 46
58 99
78 99
109 113
87 92
102 175
108 112
105 108
134 139
126 129
99 179
55 95
128 131
63 99
37 84
156 160
66 76
7 35
21 28
51 54
14 18
7 36
102 179
157 160
30 80
140 144
33 83
105 109
67 70
93 183
49 52
162 168
162 169
58 63
119 123
93 182
15 19
121 125
111 116
102 131
24 59
26 66
108 130
26 77
110 113
147 150
50 158
97 178
128 132
4 39
129 132
59 80
49 53
34 37
87 91
171 182
81 97
10 35
107 131
34 83
146 149
27 66
96 180
54 57
43 46
82 93
21 24
172 179
63 79
102 173
32 82
3 41
61 100
168 185
147 152
111 115
147 153
168 183
99 177
12 15
108 111
56 61
142 146
132 135
58 97
169 181
126 130
86 90
52 56
63 98
39 43
173 180
53 158
80 95
166 186
50 54
26 65
168 184
16 19
4 40
102 178
6 35
18 28
86 92
166 185
157 161
69 73
55 59
92 185
119 122
19 23
161 164
96 179
101 179
79 99
107 110
9 45
66 69
135 155
98 101
113 116
5 35
145 148
85 93
66 70
75 78
32 81
7 10
69 75
141 145
80 98
13 17
39 44
6 44
114 117
62 97
59 62
101 178
30 81
95 180
44 47
131 172
91 184
55 58
173 178
24 60
107 130
143 153
103 175
103 107
28 63
27 78
28 59
159 163
35 84
125 130
141 144
62 101
83 94
16 20
137 156
37 91
4 41
100 177
118 122
96 181
49 158
159 162
94 182
165 185
