182 170
163 159
180 96
101 97
177 174
184 92
106 103
184 90
180 94
169 158
171 131
182 94
96 81
94 83
181 171
182 92
162 50
167 162
48 12
141 138
79 29
165 42
169 135
96 83
98 78
173 131
180 172
161 50
158 50
8 5
183 162
179 173
98 74
133 106
42 4
83 31
81 29
179 102
52 17
92 85
94 85
81 31
175 103
49 46
59 21
98 79
184 168
134 102
131 104
168 163
171 135
106 102
92 87
183 93
136 133
182 172
93 51
22 18
43 40
79 27
165 161
161 46
78 74
40 37
158 53
164 46
23 20
176 173
142 138
184 170
52 16
60 56
177 173
98 75
46 43
84 7
56 53
11 7
163 160
30 14
185 167
178 97
160 156
59 17
28 14
168 90
140 133
52 49
84 10
179 97
181 135
146 143
55 17
131 102
