81 78
79 76
82 79
57 54
19 11
80 77
81 77
55 52
50 47
57 53
49 45
56 53
78 75
56 52
48 45
54 50
82 78
77 74
102 99
51 48
50 46
21 11
47 44
75 72
19 13
77 73
49 46
101 98
52 48
80 76
79 75
120 115
78 74
102 98
55 51
113 31
103 99
52 49
63 30
44 41
51 47
18 14
76 73
54 51
42 39
24 21
111 33
63 28
103 7
20 14
48 44
113 29
45 42
122 115
121 114
46 42
53 50
20 11
116 29
76 72
120 117
53 49
22 9
101 97
46 43
21 9
121 113
20 12
64 31
122 29
58 55
24 20
62 29
58 54
83 79
19 12
103 100
76 37
47 43
23 9
87 50
26 23
18 13
21 10
66 35
100 97
80 15
17 14
83 80
111 31
44 40
112 31
22 10
120 6
43 40
62 31
25 22
124 110
89 50
63 29
91 65
121 115
63 31
59 55
111 45
121 112
59 56
30 25
67 34
65 32
63 57
17 13
45 41
25 20
124 112
114 30
77 16
84 80
73 13
114 32
113 30
61 57
20 13
119 30
120 114
45 33
122 113
61 29
62 30
46 33
77 15
43 39
89 53
115 29
103 34
88 46
133 130
84 81
65 25
97 69
60 57
99 10
114 29
65 30
78 81
76 79
79 82
54 57
11 19
77 80
77 81
52 55
47 50
53 57
45 49
53 56
75 78
52 56
45 48
50 54
78 82
74 77
99 102
48 51
46 50
11 21
44 47
72 75
13 19
73 77
46 49
98 101
48 52
76 80
75 79
115 120
74 78
98 102
51 55
31 113
99 103
49 52
30 63
41 44
47 51
14 18
73 76
51 54
39 42
21 24
33 111
28 63
7 103
14 20
44 48
29 113
42 45
115 122
114 121
42 46
50 53
11 20
29 116
72 76
117 120
49 53
9 22
97 101
43 46
9 21
113 121
12 20
31 64
29 122
55 58
20 24
29 62
54 58
79 83
12 19
100 103
37 76
43 47
9 23
50 87
23 26
13 18
10 21
35 66
97 100
15 80
14 17
80 83
31 111
40 44
31 112
10 22
6 120
40 43
31 62
22 25
110 124
50 89
29 63
65 91
115 121
31 63
55 59
45 111
112 121
56 59
25 30
34 67
32 65
57 63
13 17
41 45
20 25
112 124
30 114
16 77
80 84
13 73
32 114
30 113
57 61
13 20
30 119
114 120
33 45
113 122
29 61
30 62
33 46
15 77
39 43
53 89
29 115
34 103
46 88
130 133
81 84
25 65
69 97
57 60
10 99
29 114
30 65
