100 97
81 77
92 8
79 70
55 51
111 49
111 32
56 53
112 32
140 123
82 79
129 125
88 9
92 89
22 2
130 48
136 52
51 48
51 47
30 2
53 50
90 73
101 97
138 129
86 65
43 40
119 5
110 105
134 51
139 136
25 2
42 37
80 76
96 92
133 130
62 56
55 52
83 50
67 33
122 115
130 127
17 14
90 76
46 42
99 96
110 35
89 9
85 33
100 67
75 70
18 11
112 105
108 105
85 65
20 17
45 35
141 123
105 101
60 56
109 42
39 36
79 68
113 30
91 73
87 12
134 52
140 126
126 123
98 5
100 34
123 112
68 35
112 31
12 9
127 111
109 33
63 57
65 30
62 30
75 37
89 13
98 94
63 25
12 6
138 133
140 60
17 13
30 25
102 99
80 15
95 9
111 34
95 6
84 54
126 31
117 27
18 13
115 27
20 14
105 99
139 56
88 66
54 51
87 65
85 57
99 32
70 38
48 45
126 112
83 80
108 41
140 29
59 56
136 56
94 8
99 34
88 12
61 28
121 112
88 68
131 48
86 66
116 30
62 28
115 29
26 23
127 109
80 13
25 22
87 67
71 38
114 2
45 41
49 46
134 131
94 7
99 88
50 47
82 46
64 53
65 33
113 62
44 40
116 28
88 6
122 29
61 29
108 42
95 7
95 88
123 113
76 70
119 116
98 95
136 55
124 104
9 6
93 90
84 50
20 12
103 99
129 126
48 44
44 41
90 77
39 35
86 63
92 9
127 110
135 55
96 93
88 13
49 33
60 57
82 78
92 88
86 20
43 37
62 29
99 95
45 42
80 66
61 58
82 50
64 33
20 11
140 62
83 46
83 79
46 35
119 4
63 29
113 31
121 113
75 38
115 30
133 129
62 57
100 69
86 64
42 35
126 113
10 6
116 2
134 130
63 30
90 70
89 18
71 36
112 103
57 53
78 37
137 133
79 35
113 32
100 96
68 36
22 10
85 14
116 26
109 35
124 112
96 68
79 75
120 114
130 52
105 102
78 74
77 73
131 128
66 35
69 34
64 30
97 94
76 72
90 80
141 126
67 34
85 53
97 93
86 12
79 37
83 64
124 121
119 115
109 45
121 103
111 31
52 48
139 129
114 31
136 133
64 31
98 7
109 34
95 92
128 125
103 34
139 133
111 64
50 46
75 71
95 8
21 12
131 127
88 65
141 138
66 33
28 25
124 103
69 36
104 101
109 41
42 36
85 64
120 115
22 6
19 14
96 67
116 27
64 57
99 67
61 57
79 76
110 34
24 21
109 39
117 26
6 2
47 44
87 80
141 125
99 5
96 88
102 98
32 5
64 49
110 107
109 46
113 29
61 27
139 60
103 100
76 68
87 68
112 34
101 98
42 39
21 11
108 35
108 69
53 49
130 126
83 66
85 63
108 36
60 29
89 11
65 32
90 68
69 39
140 122
136 60
52 49
49 45
116 25
69 35
7 4
122 113
65 31
127 45
75 36
66 13
67 32
84 53
132 128
24 20
67 35
87 76
21 10
56 52
70 37
110 103
18 12
110 33
54 50
121 114
116 29
43 39
129 123
96 69
119 2
69 38
81 78
111 33
105 100
116 22
140 113
80 68
108 39
57 54
79 36
19 11
63 31
130 111
103 32
87 83
114 32
76 73
126 111
86 13
77 74
65 12
130 49
5 2
22 3
22 12
6 3
141 133
62 31
134 55
130 45
46 43
114 5
118 115
105 34
90 87
20 13
86 14
124 110
59 55
108 34
119 114
63 28
87 13
80 77
114 30
98 8
81 15
132 129
124 113
134 48
87 66
78 75
70 36
85 66
131 45
89 12
141 129
122 114
114 29
75 72
88 67
