116 29
18 14
63 28
19 11
120 115
122 115
21 11
19 13
76 37
24 21
120 117
20 14
63 30
54 50
25 20
75 72
121 114
77 73
57 53
23 9
21 9
103 7
26 23
80 15
111 33
42 39
102 98
55 52
81 77
119 30
89 50
113 31
30 25
122 29
124 110
22 9
77 15
77 16
63 57
121 112
87 50
65 25
78 74
111 45
45 33
51 48
103 34
89 53
46 33
52 48
66 35
57 54
22 10
62 29
120 6
24 20
62 31
114 32
83 43
45 42
67 34
100 69
73 13
113 29
79 76
93 12
109 39
103 99
88 46
97 69
46 35
51 47
29 116
14 18
28 63
11 19
115 120
115 122
11 21
13 19
37 76
21 24
117 120
14 20
30 63
50 54
20 25
72 75
114 121
73 77
53 57
9 23
9 21
7 103
23 26
15 80
33 111
39 42
98 102
52 55
77 81
30 119
50 89
31 113
25 30
29 122
110 124
9 22
15 77
16 77
57 63
112 121
50 87
25 65
74 78
45 111
33 45
48 51
34 103
53 89
33 46
48 52
35 66
54 57
10 22
29 62
6 120
20 24
31 62
32 114
43 83
42 45
34 67
69 100
13 73
29 113
76 79
12 93
39 109
99 103
46 88
69 97
35 46
47 51
