49 46
81 78
56 53
77 74
82 79
79 76
57 54
47 44
76 73
55 52
56 52
102 99
82 78
103 99
80 76
78 75
101 98
77 73
81 77
19 11
54 50
54 51
19 13
24 21
48 45
51 48
102 98
57 53
50 46
80 77
52 49
55 51
49 45
52 48
50 47
79 75
78 74
19 14
21 11
75 72
53 49
20 12
48 44
45 42
51 47
53 50
113 31
20 11
44 41
18 14
63 30
58 55
121 115
121 114
20 13
19 12
21 10
43 40
76 72
83 80
58 54
103 100
42 39
83 79
46 42
46 43
24 20
62 30
120 115
26 23
21 12
18 15
22 9
122 115
59 56
17 14
18 13
63 29
25 21
100 97
101 97
20 14
59 55
64 31
63 31
120 114
47 43
21 9
22 10
64 30
121 113
62 29
84 80
113 32
60 57
104 100
104 101
25 22
120 117
63 28
112 31
113 29
133 130
114 31
120 116
111 33
116 29
43 39
114 30
61 58
22 11
113 30
124 112
66 34
44 40
134 131
65 32
28 25
17 13
76 37
23 9
122 113
91 66
23 10
84 81
67 34
132 129
114 29
61 57
40 37
62 31
99 96
124 111
45 41
112 33
124 110
136 133
111 31
125 112
62 28
66 35
63 57
66 33
122 114
115 29
121 112
41 38
16 13
65 30
123 113
103 7
64 32
124 113
61 29
119 114
39 36
112 32
97 94
30 25
30 26
134 130
100 96
26 22
62 57
30 27
135 132
115 30
29 26
60 56
89 86
119 115
75 71
133 129
27 24
105 101
62 56
67 35
65 31
109 39
46 33
123 112
91 65
125 111
91 88
114 32
90 66
110 107
89 50
77 16
120 6
126 111
132 128
138 135
76 38
141 138
108 105
139 136
90 87
42 38
137 134
25 20
61 28
61 56
92 89
125 110
140 137
85 82
110 105
125 113
77 15
80 15
131 128
71 68
75 37
43 35
87 50
46 49
78 81
53 56
74 77
79 82
76 79
54 57
44 47
73 76
52 55
52 56
99 102
78 82
99 103
76 80
75 78
98 101
73 77
77 81
11 19
50 54
51 54
13 19
21 24
45 48
48 51
98 102
53 57
46 50
77 80
49 52
51 55
45 49
48 52
47 50
75 79
74 78
14 19
11 21
72 75
49 53
12 20
44 48
42 45
47 51
50 53
31 113
11 20
41 44
14 18
30 63
55 58
115 121
114 121
13 20
12 19
10 21
40 43
72 76
80 83
54 58
100 103
39 42
79 83
42 46
43 46
20 24
30 62
115 120
23 26
12 21
15 18
9 22
115 122
56 59
14 17
13 18
29 63
21 25
97 100
97 101
14 20
55 59
31 64
31 63
114 120
43 47
9 21
10 22
30 64
113 121
29 62
80 84
32 113
57 60
100 104
101 104
22 25
117 120
28 63
31 112
29 113
130 133
31 114
116 120
33 111
29 116
39 43
30 114
58 61
11 22
30 113
112 124
34 66
40 44
131 134
32 65
25 28
13 17
37 76
9 23
113 122
66 91
10 23
81 84
34 67
129 132
29 114
57 61
37 40
31 62
96 99
111 124
41 45
33 112
110 124
133 136
31 111
112 125
28 62
35 66
57 63
33 66
114 122
29 115
112 121
38 41
13 16
30 65
113 123
7 103
32 64
113 124
29 61
114 119
36 39
32 112
94 97
25 30
26 30
130 134
96 100
22 26
57 62
27 30
132 135
30 115
26 29
56 60
86 89
115 119
71 75
129 133
24 27
101 105
56 62
35 67
31 65
39 109
33 46
112 123
65 91
111 125
88 91
32 114
66 90
107 110
50 89
16 77
6 120
111 126
128 132
135 138
38 76
138 141
105 108
136 139
87 90
38 42
134 137
20 25
28 61
56 61
89 92
110 125
137 140
82 85
105 110
113 125
15 77
15 80
128 131
68 71
37 75
35 43
50 87
