116 29
18 14
63 28
19 11
120 115
122 115
21 11
19 13
76 37
24 21
120 117
20 14
63 30
54 50
25 20
75 72
121 114
77 73
57 53
23 9
21 9
103 7
26 23
80 15
111 33
42 39
102 98
55 52
81 77
119 30
89 50
113 31
30 25
122 29
124 110
22 9
77 15
77 16
63 57
121 112
87 50
65 25
78 74
111 45
45 33
51 48
103 34
89 53
46 33
52 48
66 35
57 54
22 10
62 29
120 6
24 20
62 31
114 32
83 43
45 42
67 34
100 69
73 13
113 29
79 76
93 12
109 39
103 99
88 46
97 69
46 35
51 47
81 78
99 12
41 33
102 99
30 22
123 113
76 68
63 53
82 78
124 112
30 26
67 12
64 49
125 113
101 97
91 65
50 47
91 88
78 75
61 57
49 33
101 98
114 30
55 51
97 94
39 36
116 61
64 31
109 36
73 15
92 73
91 67
90 66
53 50
65 30
99 67
111 31
79 46
99 10
119 26
89 86
58 55
84 80
49 31
64 53
49 45
46 42
132 128
119 27
56 52
99 94
47 44
112 105
83 79
63 25
110 105
50 46
111 49
78 38
87 54
62 56
136 133
70 36
94 71
66 46
48 44
82 43
91 20
79 42
54 51
124 121
95 13
29 116
14 18
28 63
11 19
115 120
115 122
11 21
13 19
37 76
21 24
117 120
14 20
30 63
50 54
20 25
72 75
114 121
73 77
53 57
9 23
9 21
7 103
23 26
15 80
33 111
39 42
98 102
52 55
77 81
30 119
50 89
31 113
25 30
29 122
110 124
9 22
15 77
16 77
57 63
112 121
50 87
25 65
74 78
45 111
33 45
48 51
34 103
53 89
33 46
48 52
35 66
54 57
10 22
29 62
6 120
20 24
31 62
32 114
43 83
42 45
34 67
69 100
13 73
29 113
76 79
12 93
39 109
99 103
46 88
69 97
35 46
47 51
78 81
12 99
33 41
99 102
22 30
113 123
68 76
53 63
78 82
112 124
26 30
12 67
49 64
113 125
97 101
65 91
47 50
88 91
75 78
57 61
33 49
98 101
30 114
51 55
94 97
36 39
61 116
31 64
36 109
15 73
73 92
67 91
66 90
50 53
30 65
67 99
31 111
46 79
10 99
26 119
86 89
55 58
80 84
31 49
53 64
45 49
42 46
128 132
27 119
52 56
94 99
44 47
105 112
79 83
25 63
105 110
46 50
49 111
38 78
54 87
56 62
133 136
36 70
71 94
46 66
44 48
43 82
20 91
42 79
51 54
121 124
13 95
