81 78
79 76
82 79
57 54
19 11
80 77
81 77
55 52
50 47
57 53
49 45
56 53
78 75
56 52
48 45
54 50
82 78
77 74
102 99
51 48
50 46
21 11
47 44
75 72
19 13
77 73
49 46
101 98
52 48
80 76
79 75
120 115
78 74
102 98
55 51
113 31
103 99
52 49
63 30
44 41
51 47
18 14
76 73
54 51
42 39
24 21
111 33
63 28
103 7
20 14
48 44
113 29
45 42
122 115
121 114
46 42
53 50
20 11
116 29
76 72
120 117
53 49
22 9
101 97
46 43
21 9
121 113
20 12
64 31
122 29
58 55
24 20
78 81
76 79
79 82
54 57
11 19
77 80
77 81
52 55
47 50
53 57
45 49
53 56
75 78
52 56
45 48
50 54
78 82
74 77
99 102
48 51
46 50
11 21
44 47
72 75
13 19
73 77
46 49
98 101
48 52
76 80
75 79
115 120
74 78
98 102
51 55
31 113
99 103
49 52
30 63
41 44
47 51
14 18
73 76
51 54
39 42
21 24
33 111
28 63
7 103
14 20
44 48
29 113
42 45
115 122
114 121
42 46
50 53
11 20
29 116
72 76
117 120
49 53
9 22
97 101
43 46
9 21
113 121
12 20
31 64
29 122
55 58
20 24
