62 22
77 3
59 50
75 2
48 23
21 16
51 45
73 17
9 6
47 25
71 16
77 2
49 13
57 5
22 15
51 10
61 48
76 2
64 22
70 31
77 58
75 59
48 24
39 34
59 51
33 28
75 58
59 6
71 61
73 15
45 35
45 26
72 16
69 62
73 59
54 35
48 22
61 51
20 16
62 23
52 9
68 20
44 37
43 37
59 52
75 13
49 22
60 52
32 28
70 62
19 15
27 23
30 23
35 25
73 22
63 21
73 16
52 5
73 60
71 63
9 3
49 44
22 16
72 58
61 50
44 40
32 29
68 63
61 16
58 2
39 36
60 16
43 40
70 63
61 23
36 25
55 52
56 52
27 24
49 11
63 20
50 11
51 9
78 2
72 17
72 60
31 28
63 16
49 46
60 56
40 37
46 25
40 36
52 7
51 43
73 13
47 24
55 7
58 5
71 18
8 4
20 15
48 14
21 14
59 56
51 44
47 12
68 65
71 20
53 40
71 60
49 12
45 25
62 35
51 25
48 21
58 52
69 31
31 23
56 5
36 33
29 23
64 20
73 61
50 14
19 16
64 30
48 25
73 50
74 15
70 61
74 16
60 51
52 2
71 17
74 19
50 13
65 20
6 3
66 30
9 2
68 16
53 44
36 26
62 31
44 10
58 6
6 2
70 60
59 9
63 23
74 13
53 35
72 59
58 4
49 10
62 33
8 2
53 7
61 22
52 6
59 2
61 25
73 14
21 15
65 30
40 35
63 31
62 25
22 14
45 36
7 4
61 14
53 43
55 5
47 14
45 40
49 45
50 9
60 50
73 58
64 21
37 26
49 14
69 63
75 9
41 38
71 68
50 22
50 15
64 23
72 56
78 3
72 57
63 22
37 25
66 31
74 17
45 37
53 45
75 50
39 35
41 37
61 49
59 13
77 4
8 3
68 18
22 62
3 77
50 59
2 75
23 48
16 21
45 51
17 73
6 9
25 47
16 71
2 77
13 49
5 57
15 22
10 51
48 61
2 76
22 64
31 70
58 77
59 75
24 48
34 39
51 59
28 33
58 75
6 59
61 71
15 73
35 45
26 45
16 72
62 69
59 73
35 54
22 48
51 61
16 20
23 62
9 52
20 68
37 44
37 43
52 59
13 75
22 49
52 60
28 32
62 70
15 19
23 27
23 30
25 35
22 73
21 63
16 73
5 52
60 73
63 71
3 9
44 49
16 22
58 72
50 61
40 44
29 32
63 68
16 61
2 58
36 39
16 60
40 43
63 70
23 61
25 36
52 55
52 56
24 27
11 49
20 63
11 50
9 51
2 78
17 72
60 72
28 31
16 63
46 49
56 60
37 40
25 46
36 40
7 52
43 51
13 73
24 47
7 55
5 58
18 71
4 8
15 20
14 48
14 21
56 59
44 51
12 47
65 68
20 71
40 53
60 71
12 49
25 45
35 62
25 51
21 48
52 58
31 69
23 31
5 56
33 36
23 29
20 64
61 73
14 50
16 19
30 64
25 48
50 73
15 74
61 70
16 74
51 60
2 52
17 71
19 74
13 50
20 65
3 6
30 66
2 9
16 68
44 53
26 36
31 62
10 44
6 58
2 6
60 70
9 59
23 63
13 74
35 53
59 72
4 58
10 49
33 62
2 8
7 53
22 61
6 52
2 59
25 61
14 73
15 21
30 65
35 40
31 63
25 62
14 22
36 45
4 7
14 61
43 53
5 55
14 47
40 45
45 49
9 50
50 60
58 73
21 64
26 37
14 49
63 69
9 75
38 41
68 71
22 50
15 50
23 64
56 72
3 78
57 72
22 63
25 37
31 66
17 74
37 45
45 53
50 75
35 39
37 41
49 61
13 59
4 77
3 8
18 68
