71 18
30 23
44 10
33 28
31 23
72 56
68 20
47 24
59 6
63 31
65 20
39 35
58 17
75 13
51 48
70 56
71 20
59 2
52 6
78 73
75 59
63 23
64 21
44 8
66 63
75 8
65 31
25 22
73 61
33 23
40 37
40 35
19 15
62 3
8 4
21 14
59 49
15 2
77 59
72 58
73 51
69 56
33 30
76 13
75 38
28 23
24 21
63 30
48 21
45 10
71 17
70 60
27 7
77 2
32 15
74 42
60 53
73 60
54 44
52 48
54 45
46 10
55 7
49 12
47 43
58 54
78 61
61 51
42 36
73 50
42 37
9 6
46 42
77 67
57 46
25 9
44 36
17 5
59 13
36 33
77 24
64 29
54 42
25 11
39 36
71 63
56 35
58 2
75 28
60 54
60 56
53 45
22 11
53 36
55 46
69 30
50 25
54 43
65 30
22 9
68 59
68 64
69 63
42 8
61 25
61 52
45 27
73 62
24 13
39 29
71 19
69 29
79 2
61 22
76 28
55 5
41 36
59 52
70 38
76 49
69 31
22 6
8 5
73 25
18 71
23 30
10 44
28 33
23 31
56 72
20 68
24 47
6 59
31 63
20 65
35 39
17 58
13 75
48 51
56 70
20 71
2 59
6 52
73 78
59 75
23 63
21 64
8 44
63 66
8 75
31 65
22 25
61 73
23 33
37 40
35 40
15 19
3 62
4 8
14 21
49 59
2 15
59 77
58 72
51 73
56 69
30 33
13 76
38 75
23 28
21 24
30 63
21 48
10 45
17 71
60 70
7 27
2 77
15 32
42 74
53 60
60 73
44 54
48 52
45 54
10 46
7 55
12 49
43 47
54 58
61 78
51 61
36 42
50 73
37 42
6 9
42 46
67 77
46 57
9 25
36 44
5 17
13 59
33 36
24 77
29 64
42 54
11 25
36 39
63 71
35 56
2 58
28 75
54 60
56 60
45 53
11 22
36 53
46 55
30 69
25 50
43 54
30 65
9 22
59 68
64 68
63 69
8 42
25 61
52 61
27 45
62 73
13 24
29 39
19 71
29 69
2 79
22 61
28 76
5 55
36 41
52 59
38 70
49 76
31 69
6 22
5 8
25 73
