33 28
39 36
71 18
30 23
39 35
31 23
40 37
66 63
65 20
68 20
59 6
72 56
44 10
75 59
24 21
59 2
47 24
40 36
41 37
63 31
25 22
41 38
52 6
51 48
65 31
78 73
36 33
8 5
19 16
75 13
19 15
70 56
40 35
73 61
8 4
63 23
22 19
65 30
61 51
9 6
75 8
44 8
58 17
38 35
77 59
60 51
67 64
69 66
20 17
21 18
68 65
60 53
42 37
73 60
73 59
71 20
47 43
21 17
28 23
64 21
15 2
21 14
63 30
71 17
76 13
72 58
33 23
32 29
62 3
64 30
46 43
68 64
37 34
59 49
60 50
46 42
38 34
23 20
61 52
64 31
67 63
73 51
33 30
28 33
36 39
18 71
23 30
35 39
23 31
37 40
63 66
20 65
20 68
6 59
56 72
10 44
59 75
21 24
2 59
24 47
36 40
37 41
31 63
22 25
38 41
6 52
48 51
31 65
73 78
33 36
5 8
16 19
13 75
15 19
56 70
35 40
61 73
4 8
23 63
19 22
30 65
51 61
6 9
8 75
8 44
17 58
35 38
59 77
51 60
64 67
66 69
17 20
18 21
65 68
53 60
37 42
60 73
59 73
20 71
43 47
17 21
23 28
21 64
2 15
14 21
30 63
17 71
13 76
58 72
23 33
29 32
3 62
30 64
43 46
64 68
34 37
49 59
50 60
42 46
34 38
20 23
52 61
31 64
63 67
51 73
30 33
