57 54
58 55
59 56
127 123
123 120
59 55
58 54
56 53
127 124
57 53
99 96
128 125
120 117
126 123
128 124
55 52
121 118
60 56
125 122
99 95
124 121
60 57
122 119
19 7
98 95
119 116
16 13
129 125
84 68
84 69
86 68
54 51
126 122
100 96
100 97
19 6
123 119
120 116
61 57
85 68
85 69
84 70
27 18
124 120
20 7
61 58
86 69
98 94
53 50
125 121
129 126
56 52
64 61
25 18
121 117
86 67
122 118
37 34
45 42
16 12
83 75
92 87
83 31
85 70
90 87
46 43
18 8
27 17
97 94
27 16
44 41
26 18
20 6
112 109
118 115
114 111
119 115
66 8
81 77
91 88
96 93
95 92
35 15
46 40
92 85
83 70
52 49
54 50
65 7
35 14
66 7
11 8
97 93
96 91
96 92
55 51
110 107
17 12
23 20
37 13
92 86
37 15
116 113
87 67
81 78
80 77
86 66
93 56
34 14
43 40
25 20
18 10
91 87
18 12
28 18
82 76
81 76
17 8
113 110
36 15
74 71
34 13
83 76
79 13
18 9
84 75
101 97
45 41
82 77
25 19
45 40
28 16
20 8
97 55
111 108
19 8
54 57
55 58
56 59
123 127
120 123
55 59
54 58
53 56
124 127
53 57
96 99
125 128
117 120
123 126
124 128
52 55
118 121
56 60
122 125
95 99
121 124
57 60
119 122
7 19
95 98
116 119
13 16
125 129
68 84
69 84
68 86
51 54
122 126
96 100
97 100
6 19
119 123
116 120
57 61
68 85
69 85
70 84
18 27
120 124
7 20
58 61
69 86
94 98
50 53
121 125
126 129
52 56
61 64
18 25
117 121
67 86
118 122
34 37
42 45
12 16
75 83
87 92
31 83
70 85
87 90
43 46
8 18
17 27
94 97
16 27
41 44
18 26
6 20
109 112
115 118
111 114
115 119
8 66
77 81
88 91
93 96
92 95
15 35
40 46
85 92
70 83
49 52
50 54
7 65
14 35
7 66
8 11
93 97
91 96
92 96
51 55
107 110
12 17
20 23
13 37
86 92
15 37
113 116
67 87
78 81
77 80
66 86
56 93
14 34
40 43
20 25
10 18
87 91
12 18
18 28
76 82
76 81
8 17
110 113
15 36
71 74
13 34
76 83
13 79
9 18
75 84
97 101
41 45
77 82
19 25
40 45
16 28
8 20
55 97
108 111
8 19
