127 123
57 53
57 54
58 55
59 55
120 117
58 54
127 124
59 56
99 96
86 17
56 53
124 121
126 123
128 124
27 18
60 56
122 119
98 95
121 118
128 125
55 52
125 122
99 95
122 95
123 120
19 6
56 30
84 68
18 12
60 57
100 96
61 57
83 31
27 16
86 68
56 52
126 122
84 70
20 7
129 125
92 87
93 56
92 85
125 121
119 116
37 34
122 118
100 55
119 92
98 94
66 8
83 75
54 51
97 55
100 97
96 91
120 116
124 120
61 58
123 119
85 69
25 18
85 68
16 13
84 69
18 10
37 13
121 117
16 12
53 50
76 26
19 7
79 13
79 29
53 38
37 15
26 18
93 59
118 95
123 107
82 70
86 67
120 105
94 30
29 16
60 17
97 94
103 97
86 66
125 99
129 126
85 31
55 51
79 37
34 13
96 59
54 50
119 98
123 105
81 15
97 52
65 7
46 40
77 29
64 61
95 92
92 86
81 77
112 109
68 28
105 98
56 35
84 28
52 35
79 15
103 98
17 8
11 8
27 17
34 29
82 76
131 125
97 93
81 29
51 48
52 49
90 87
93 60
119 115
87 67
96 55
102 48
18 9
91 87
34 15
84 75
35 15
101 97
20 6
83 70
87 69
118 115
48 40
52 14
91 88
25 20
23 20
119 105
45 42
36 15
35 14
130 127
83 76
80 77
96 93
44 40
45 41
28 16
96 92
34 14
133 104
101 98
81 76
94 85
45 40
130 125
49 38
102 97
75 70
97 33
21 6
116 113
30 17
97 56
44 41
19 8
81 37
131 100
50 38
18 8
85 71
114 111
82 75
83 28
46 43
37 29
66 6
110 107
129 99
126 101
103 35
83 74
66 60
49 14
95 91
17 12
86 69
43 40
53 49
67 5
83 29
84 29
33 30
123 127
53 57
54 57
55 58
55 59
117 120
54 58
124 127
56 59
96 99
17 86
53 56
121 124
123 126
124 128
18 27
56 60
119 122
95 98
118 121
125 128
52 55
122 125
95 99
95 122
120 123
6 19
30 56
68 84
12 18
57 60
96 100
57 61
31 83
16 27
68 86
52 56
122 126
70 84
7 20
125 129
87 92
56 93
85 92
121 125
116 119
34 37
118 122
55 100
92 119
94 98
8 66
75 83
51 54
55 97
97 100
91 96
116 120
120 124
58 61
119 123
69 85
18 25
68 85
13 16
69 84
10 18
13 37
117 121
12 16
50 53
26 76
7 19
13 79
29 79
38 53
15 37
18 26
59 93
95 118
107 123
70 82
67 86
105 120
30 94
16 29
17 60
94 97
97 103
66 86
99 125
126 129
31 85
51 55
37 79
13 34
59 96
50 54
98 119
105 123
15 81
52 97
7 65
40 46
29 77
61 64
92 95
86 92
77 81
109 112
28 68
98 105
35 56
28 84
35 52
15 79
98 103
8 17
8 11
17 27
29 34
76 82
125 131
93 97
29 81
48 51
49 52
87 90
60 93
115 119
67 87
55 96
48 102
9 18
87 91
15 34
75 84
15 35
97 101
6 20
70 83
69 87
115 118
40 48
14 52
88 91
20 25
20 23
105 119
42 45
15 36
14 35
127 130
76 83
77 80
93 96
40 44
41 45
16 28
92 96
14 34
104 133
98 101
76 81
85 94
40 45
125 130
38 49
97 102
70 75
33 97
6 21
113 116
17 30
56 97
41 44
8 19
37 81
100 131
38 50
8 18
71 85
111 114
75 82
28 83
43 46
29 37
6 66
107 110
99 129
101 126
35 103
74 83
60 66
14 49
91 95
12 17
69 86
40 43
49 53
5 67
29 83
29 84
30 33
