127 123
57 53
57 54
58 55
59 55
120 117
58 54
127 124
59 56
99 96
86 17
56 53
124 121
126 123
128 124
27 18
60 56
122 119
98 95
121 118
128 125
55 52
125 122
99 95
122 95
123 120
19 6
56 30
84 68
18 12
60 57
100 96
61 57
83 31
27 16
86 68
56 52
126 122
84 70
20 7
129 125
92 87
93 56
92 85
125 121
119 116
37 34
122 118
100 55
119 92
98 94
66 8
83 75
54 51
97 55
100 97
96 91
120 116
124 120
61 58
123 119
85 69
25 18
85 68
16 13
84 69
18 10
37 13
123 127
53 57
54 57
55 58
55 59
117 120
54 58
124 127
56 59
96 99
17 86
53 56
121 124
123 126
124 128
18 27
56 60
119 122
95 98
118 121
125 128
52 55
122 125
95 99
95 122
120 123
6 19
30 56
68 84
12 18
57 60
96 100
57 61
31 83
16 27
68 86
52 56
122 126
70 84
7 20
125 129
87 92
56 93
85 92
121 125
116 119
34 37
118 122
55 100
92 119
94 98
8 66
75 83
51 54
55 97
97 100
91 96
116 120
120 124
58 61
119 123
69 85
18 25
68 85
13 16
69 84
10 18
13 37
