122 95
100 55
27 18
94 30
86 17
99 96
83 31
57 53
37 34
100 96
97 55
18 12
127 123
93 56
56 30
92 85
66 8
119 92
123 107
19 6
118 95
128 124
129 125
83 75
37 13
96 91
64 61
59 55
84 68
93 59
52 35
125 99
53 38
76 26
82 70
102 48
119 98
97 52
93 60
37 15
96 59
16 13
56 35
60 17
105 98
81 15
120 105
123 105
18 10
92 87
97 56
96 55
84 70
85 31
99 95
79 37
61 57
79 13
68 28
27 16
34 29
86 68
79 29
11 8
98 94
131 125
124 121
97 33
57 54
94 85
46 40
50 38
25 18
84 28
20 7
81 29
133 104
129 99
77 29
34 13
52 14
126 101
30 17
48 40
103 97
49 14
29 16
86 66
81 77
103 98
110 83
81 37
85 32
45 41
85 69
120 116
37 29
90 87
66 60
45 40
75 70
87 69
56 53
82 76
54 51
115 87
34 15
17 8
131 100
119 105
45 39
79 15
84 75
103 35
53 39
25 9
21 6
65 7
35 14
60 56
23 20
87 67
58 55
102 55
103 94
114 69
115 69
58 54
91 59
16 12
125 89
116 110
68 6
83 74
53 50
111 74
131 128
49 38
130 125
100 97
50 45
44 41
86 30
85 71
95 92
119 85
54 50
102 52
62 11
131 99
127 124
91 88
112 109
83 29
83 13
56 17
120 107
18 9
46 34
51 47
71 31
129 50
102 97
67 5
98 33
116 32
132 48
106 34
122 98
81 34
81 13
20 9
29 14
119 115
113 32
124 120
102 47
83 28
9 6
62 7
68 19
29 13
109 37
104 46
128 125
125 121
82 26
65 5
100 59
35 15
103 33
92 56
113 108
133 36
27 12
83 37
83 79
37 16
61 10
122 99
76 70
29 15
49 40
83 77
95 122
55 100
18 27
30 94
17 86
96 99
31 83
53 57
34 37
96 100
55 97
12 18
123 127
56 93
30 56
85 92
8 66
92 119
107 123
6 19
95 118
124 128
125 129
75 83
13 37
91 96
61 64
55 59
68 84
59 93
35 52
99 125
38 53
26 76
70 82
48 102
98 119
52 97
60 93
15 37
59 96
13 16
35 56
17 60
98 105
15 81
105 120
105 123
10 18
87 92
56 97
55 96
70 84
31 85
95 99
37 79
57 61
13 79
28 68
16 27
29 34
68 86
29 79
8 11
94 98
125 131
121 124
33 97
54 57
85 94
40 46
38 50
18 25
28 84
7 20
29 81
104 133
99 129
29 77
13 34
14 52
101 126
17 30
40 48
97 103
14 49
16 29
66 86
77 81
98 103
83 110
37 81
32 85
41 45
69 85
116 120
29 37
87 90
60 66
40 45
70 75
69 87
53 56
76 82
51 54
87 115
15 34
8 17
100 131
105 119
39 45
15 79
75 84
35 103
39 53
9 25
6 21
7 65
14 35
56 60
20 23
67 87
55 58
55 102
94 103
69 114
69 115
54 58
59 91
12 16
89 125
110 116
6 68
74 83
50 53
74 111
128 131
38 49
125 130
97 100
45 50
41 44
30 86
71 85
92 95
85 119
50 54
52 102
11 62
99 131
124 127
88 91
109 112
29 83
13 83
17 56
107 120
9 18
34 46
47 51
31 71
50 129
97 102
5 67
33 98
32 116
48 132
34 106
98 122
34 81
13 81
9 20
14 29
115 119
32 113
120 124
47 102
28 83
6 9
7 62
19 68
13 29
37 109
46 104
125 128
121 125
26 82
5 65
59 100
15 35
33 103
56 92
108 113
36 133
12 27
37 83
79 83
16 37
10 61
99 122
70 76
15 29
40 49
77 83
