122 95
100 55
27 18
94 30
86 17
99 96
83 31
57 53
37 34
100 96
97 55
18 12
127 123
93 56
56 30
92 85
66 8
119 92
123 107
19 6
118 95
128 124
129 125
83 75
37 13
96 91
64 61
59 55
84 68
93 59
52 35
125 99
53 38
76 26
82 70
102 48
119 98
97 52
93 60
37 15
96 59
16 13
56 35
60 17
105 98
81 15
120 105
123 105
18 10
92 87
97 56
96 55
84 70
85 31
99 95
79 37
61 57
79 13
68 28
27 16
34 29
86 68
79 29
11 8
98 94
131 125
124 121
97 33
57 54
94 85
46 40
50 38
25 18
84 28
20 7
81 29
133 104
129 99
77 29
34 13
52 14
126 101
30 17
48 40
103 97
49 14
29 16
86 66
81 77
103 98
110 83
81 37
85 32
45 41
85 69
120 116
37 29
90 87
66 60
45 40
75 70
87 69
56 53
82 76
54 51
115 87
34 15
17 8
131 100
119 105
45 39
79 15
84 75
103 35
53 39
25 9
21 6
65 7
35 14
60 56
23 20
87 67
58 55
102 55
103 94
114 69
115 69
58 54
91 59
16 12
125 89
116 110
68 6
83 74
53 50
111 74
