122 95
100 55
27 18
94 30
86 17
99 96
83 31
57 53
37 34
100 96
97 55
18 12
127 123
93 56
56 30
92 85
66 8
119 92
123 107
19 6
118 95
128 124
129 125
83 75
37 13
96 91
64 61
59 55
84 68
93 59
52 35
125 99
53 38
76 26
82 70
102 48
119 98
97 52
93 60
37 15
96 59
16 13
56 35
60 17
105 98
81 15
120 105
123 105
18 10
92 87
97 56
96 55
84 70
85 31
99 95
79 37
61 57
79 13
68 28
27 16
34 29
86 68
79 29
11 8
98 94
131 125
124 121
97 33
95 122
55 100
18 27
30 94
17 86
96 99
31 83
53 57
34 37
96 100
55 97
12 18
123 127
56 93
30 56
85 92
8 66
92 119
107 123
6 19
95 118
124 128
125 129
75 83
13 37
91 96
61 64
55 59
68 84
59 93
35 52
99 125
38 53
26 76
70 82
48 102
98 119
52 97
60 93
15 37
59 96
13 16
35 56
17 60
98 105
15 81
105 120
105 123
10 18
87 92
56 97
55 96
70 84
31 85
95 99
37 79
57 61
13 79
28 68
16 27
29 34
68 86
29 79
8 11
94 98
125 131
121 124
33 97
