97 56
84 29
29 15
119 105
52 48
88 66
95 92
66 60
118 115
130 101
97 93
83 77
16 11
57 14
46 40
20 6
44 41
49 37
131 100
81 29
83 74
90 67
38 13
49 38
58 54
52 13
131 101
83 76
87 67
84 28
20 8
111 73
49 46
114 72
63 59
16 13
89 64
127 124
98 94
16 12
112 31
54 51
83 30
19 10
127 101
123 98
50 47
18 9
94 30
103 34
85 71
92 85
105 32
53 15
133 48
87 68
19 7
103 100
126 98
91 87
94 86
62 58
60 57
122 98
24 21
37 13
99 96
124 121
103 35
74 71
93 86
127 123
123 120
105 34
130 127
63 60
65 5
113 32
25 20
28 19
105 98
113 110
90 87
56 11
93 59
129 126
82 28
104 35
120 117
81 28
92 86
96 92
94 85
85 31
49 14
84 75
94 31
83 29
85 30
125 121
97 55
106 32
118 95
119 99
106 31
104 33
48 36
49 36
102 48
81 76
67 3
126 123
81 77
84 69
43 40
57 11
53 50
133 102
101 97
93 88
83 70
128 125
44 38
22 6
102 99
55 52
102 35
106 33
129 125
128 124
19 9
133 130
26 21
103 33
125 122
116 32
61 8
106 34
55 51
123 99
56 53
104 98
110 73
25 19
120 105
89 66
17 8
66 7
56 13
113 108
80 76
67 4
91 88
52 36
93 87
28 17
123 104
35 15
23 20
108 32
53 12
69 3
18 10
50 38
75 71
11 8
21 7
17 13
40 37
126 101
60 56
56 15
102 36
132 101
112 71
59 56
86 66
131 127
60 8
53 14
88 65
51 48
104 101
124 120
112 108
47 36
61 57
68 5
30 16
49 35
84 31
81 27
45 38
96 93
84 71
27 17
121 117
26 19
86 69
96 91
17 10
102 97
14 11
46 43
43 39
66 63
50 13
117 114
126 122
21 5
68 4
111 72
57 53
125 99
123 101
112 73
102 51
70 2
94 32
18 12
119 94
70 3
114 71
26 20
88 63
26 18
50 45
54 14
36 14
84 68
94 33
59 55
25 21
45 39
49 45
84 30
62 59
45 40
57 13
82 76
116 108
19 6
103 97
67 5
83 28
25 18
52 49
56 52
58 55
34 30
133 101
66 8
80 27
15 12
133 103
56 14
17 12
18 8
131 126
19 8
99 95
84 70
119 98
86 68
123 119
80 77
82 75
100 97
133 47
46 38
100 96
69 4
61 58
121 118
66 5
30 15
17 11
116 113
132 48
54 50
101 98
20 9
55 14
120 116
87 66
83 31
67 6
123 105
98 33
97 94
68 3
21 6
113 109
122 95
122 99
88 67
126 100
45 36
102 98
83 71
66 6
104 34
27 19
27 18
103 98
82 26
88 64
82 27
44 40
33 30
89 63
46 36
98 95
86 30
82 77
85 69
119 115
81 26
68 6
126 99
54 13
28 18
52 35
53 13
107 32
44 37
50 14
75 70
93 56
25 9
34 15
18 11
88 59
122 119
85 70
79 76
97 52
103 52
83 75
53 11
29 16
90 65
28 16
89 65
87 69
45 37
119 116
49 13
53 49
35 14
103 36
88 60
24 20
57 54
92 87
77 74
69 2
29 17
130 126
102 52
114 111
27 16
122 118
112 109
105 33
111 71
82 29
132 102
33 15
37 14
85 68
92 88
44 39
81 78
86 67
112 74
93 85
17 9
52 14
132 100
119 95
46 37
113 71
112 72
20 7
56 97
29 84
15 29
105 119
48 52
66 88
92 95
60 66
115 118
101 130
93 97
77 83
11 16
14 57
40 46
6 20
41 44
37 49
100 131
29 81
74 83
67 90
13 38
38 49
54 58
13 52
101 131
76 83
67 87
28 84
8 20
73 111
46 49
72 114
59 63
13 16
64 89
124 127
94 98
12 16
31 112
51 54
30 83
10 19
101 127
98 123
47 50
9 18
30 94
34 103
71 85
85 92
32 105
15 53
48 133
68 87
7 19
100 103
98 126
87 91
86 94
58 62
57 60
98 122
21 24
13 37
96 99
121 124
35 103
71 74
86 93
123 127
120 123
34 105
127 130
60 63
5 65
32 113
20 25
19 28
98 105
110 113
87 90
11 56
59 93
126 129
28 82
35 104
117 120
28 81
86 92
92 96
85 94
31 85
14 49
75 84
31 94
29 83
30 85
121 125
55 97
32 106
95 118
99 119
31 106
33 104
36 48
36 49
48 102
76 81
3 67
123 126
77 81
69 84
40 43
11 57
50 53
102 133
97 101
88 93
70 83
125 128
38 44
6 22
99 102
52 55
35 102
33 106
125 129
124 128
9 19
130 133
21 26
33 103
122 125
32 116
8 61
34 106
51 55
99 123
53 56
98 104
73 110
19 25
105 120
66 89
8 17
7 66
13 56
108 113
76 80
4 67
88 91
36 52
87 93
17 28
104 123
15 35
20 23
32 108
12 53
3 69
10 18
38 50
71 75
8 11
7 21
13 17
37 40
101 126
56 60
15 56
36 102
101 132
71 112
56 59
66 86
127 131
8 60
14 53
65 88
48 51
101 104
120 124
108 112
36 47
57 61
5 68
16 30
35 49
31 84
27 81
38 45
93 96
71 84
17 27
117 121
19 26
69 86
91 96
10 17
97 102
11 14
43 46
39 43
63 66
13 50
114 117
122 126
5 21
4 68
72 111
53 57
99 125
101 123
73 112
51 102
2 70
32 94
12 18
94 119
3 70
71 114
20 26
63 88
18 26
45 50
14 54
14 36
68 84
33 94
55 59
21 25
39 45
45 49
30 84
59 62
40 45
13 57
76 82
108 116
6 19
97 103
5 67
28 83
18 25
49 52
52 56
55 58
30 34
101 133
8 66
27 80
12 15
103 133
14 56
12 17
8 18
126 131
8 19
95 99
70 84
98 119
68 86
119 123
77 80
75 82
97 100
47 133
38 46
96 100
4 69
58 61
118 121
5 66
15 30
11 17
113 116
48 132
50 54
98 101
9 20
14 55
116 120
66 87
31 83
6 67
105 123
33 98
94 97
3 68
6 21
109 113
95 122
99 122
67 88
100 126
36 45
98 102
71 83
6 66
34 104
19 27
18 27
98 103
26 82
64 88
27 82
40 44
30 33
63 89
36 46
95 98
30 86
77 82
69 85
115 119
26 81
6 68
99 126
13 54
18 28
35 52
13 53
32 107
37 44
14 50
70 75
56 93
9 25
15 34
11 18
59 88
119 122
70 85
76 79
52 97
52 103
75 83
11 53
16 29
65 90
16 28
65 89
69 87
37 45
116 119
13 49
49 53
14 35
36 103
60 88
20 24
54 57
87 92
74 77
2 69
17 29
126 130
52 102
111 114
16 27
118 122
109 112
33 105
71 111
29 82
102 132
15 33
14 37
68 85
88 92
39 44
78 81
67 86
74 112
85 93
9 17
14 52
100 132
95 119
37 46
71 113
72 112
7 20
