26 23
65 62
27 23
21 18
25 22
95 92
26 22
80 77
65 61
66 63
96 93
47 44
27 24
90 87
67 63
95 91
94 91
91 87
88 85
22 18
22 19
20 17
21 17
94 90
89 86
91 27
25 21
89 16
67 64
69 65
93 90
67 42
32 2
91 88
33 20
66 62
14 11
96 50
86 23
97 94
69 66
96 92
92 77
64 61
92 89
46 43
96 74
48 4
64 41
23 20
63 60
56 8
68 65
24 21
85 80
48 44
90 86
98 95
92 88
87 27
48 45
33 17
36 4
88 80
89 85
10 7
97 93
73 61
94 29
24 20
71 68
28 25
93 89
45 42
68 64
19 15
19 16
15 12
28 24
94 31
46 42
20 16
81 12
23 19
56 15
13 5
18 15
15 11
14 10
81 78
41 6
90 23
82 79
75 61
51 41
90 29
86 82
48 34
89 84
54 35
82 12
64 60
74 52
93 3
47 43
54 13
71 49
44 38
90 24
72 69
88 83
48 2
34 4
83 80
70 66
54 12
89 80
71 67
88 84
56 13
82 78
32 3
16 13
43 40
86 83
72 68
70 67
31 24
85 82
29 25
44 41
44 34
60 38
84 80
13 7
84 81
76 52
73 68
57 53
49 46
29 24
80 76
56 14
57 8
16 12
75 64
73 69
35 13
87 23
68 45
12 9
83 79
98 94
61 58
