26 23
65 62
27 23
21 18
25 22
95 92
26 22
80 77
65 61
66 63
96 93
47 44
27 24
90 87
67 63
95 91
94 91
91 87
88 85
22 18
22 19
20 17
21 17
94 90
89 86
91 27
25 21
89 16
67 64
69 65
93 90
67 42
32 2
91 88
33 20
66 62
14 11
96 50
86 23
97 94
69 66
96 92
92 77
64 61
92 89
46 43
96 74
48 4
64 41
23 20
63 60
56 8
68 65
24 21
85 80
48 44
90 86
98 95
92 88
87 27
48 45
33 17
36 4
88 80
89 85
10 7
97 93
73 61
94 29
24 20
71 68
28 25
93 89
45 42
68 64
19 15
19 16
15 12
28 24
94 31
46 42
20 16
81 12
23 19
56 15
13 5
18 15
15 11
14 10
81 78
41 6
90 23
82 79
75 61
51 41
90 29
86 82
48 34
89 84
54 35
82 12
64 60
74 52
23 26
62 65
23 27
18 21
22 25
92 95
22 26
77 80
61 65
63 66
93 96
44 47
24 27
87 90
63 67
91 95
91 94
87 91
85 88
18 22
19 22
17 20
17 21
90 94
86 89
27 91
21 25
16 89
64 67
65 69
90 93
42 67
2 32
88 91
20 33
62 66
11 14
50 96
23 86
94 97
66 69
92 96
77 92
61 64
89 92
43 46
74 96
4 48
41 64
20 23
60 63
8 56
65 68
21 24
80 85
44 48
86 90
95 98
88 92
27 87
45 48
17 33
4 36
80 88
85 89
7 10
93 97
61 73
29 94
20 24
68 71
25 28
89 93
42 45
64 68
15 19
16 19
12 15
24 28
31 94
42 46
16 20
12 81
19 23
15 56
5 13
15 18
11 15
10 14
78 81
6 41
23 90
79 82
61 75
41 51
29 90
82 86
34 48
84 89
35 54
12 82
60 64
52 74
