65 61
91 27
92 77
89 16
88 85
91 87
67 42
85 80
33 20
86 23
33 17
80 77
21 18
96 74
64 41
27 23
32 2
96 50
87 27
88 80
48 4
14 11
69 65
63 60
51 41
36 4
94 31
56 8
22 18
73 61
26 22
65 62
93 3
25 22
13 5
48 34
89 80
25 21
92 80
94 90
21 17
60 39
41 6
26 23
94 29
10 7
75 61
90 29
95 91
22 19
89 84
61 65
27 91
77 92
16 89
85 88
87 91
42 67
80 85
20 33
23 86
17 33
77 80
18 21
74 96
41 64
23 27
2 32
50 96
27 87
80 88
4 48
11 14
65 69
60 63
41 51
4 36
31 94
8 56
18 22
61 73
22 26
62 65
3 93
22 25
5 13
34 48
80 89
21 25
80 92
90 94
17 21
39 60
6 41
23 26
29 94
7 10
61 75
29 90
91 95
19 22
84 89
