26 23
65 62
27 23
21 18
25 22
95 92
26 22
80 77
65 61
66 63
96 93
47 44
27 24
90 87
67 63
95 91
94 91
91 87
88 85
22 18
22 19
20 17
21 17
94 90
89 86
91 27
25 21
89 16
67 64
69 65
93 90
67 42
32 2
91 88
33 20
66 62
14 11
96 50
86 23
97 94
69 66
96 92
92 77
64 61
92 89
46 43
96 74
48 4
64 41
23 20
63 60
23 26
62 65
23 27
18 21
22 25
92 95
22 26
77 80
61 65
63 66
93 96
44 47
24 27
87 90
63 67
91 95
91 94
87 91
85 88
18 22
19 22
17 20
17 21
90 94
86 89
27 91
21 25
16 89
64 67
65 69
90 93
42 67
2 32
88 91
20 33
62 66
11 14
50 96
23 86
94 97
66 69
92 96
77 92
61 64
89 92
43 46
74 96
4 48
41 64
20 23
60 63
