65 61
91 27
92 77
89 16
88 85
91 87
67 42
85 80
33 20
86 23
33 17
80 77
21 18
96 74
64 41
27 23
32 2
96 50
87 27
88 80
48 4
14 11
69 65
63 60
51 41
36 4
94 31
56 8
22 18
73 61
26 22
65 62
93 3
25 22
13 5
48 34
89 80
25 21
92 80
94 90
21 17
60 39
41 6
26 23
94 29
10 7
75 61
90 29
95 91
22 19
89 84
86 82
60 38
82 12
90 24
81 12
44 34
44 38
56 15
18 15
69 66
54 35
96 93
90 23
32 21
31 24
57 53
88 83
35 13
91 88
48 44
54 13
92 52
90 86
76 52
54 12
78 53
82 5
94 27
80 58
48 2
56 13
37 9
74 52
75 64
51 6
34 2
71 49
68 4
71 51
73 68
61 53
89 86
84 15
75 53
60 16
42 32
93 50
68 45
58 40
68 51
20 13
91 23
74 66
81 16
64 51
87 23
43 40
34 4
57 8
83 3
60 8
49 35
94 50
51 4
14 10
58 6
33 24
95 92
66 63
42 25
88 79
29 24
14 8
61 58
73 64
71 48
76 16
98 95
81 62
89 76
72 43
89 20
86 20
47 32
66 25
73 69
46 42
92 89
93 29
93 20
74 50
64 53
36 6
59 31
25 18
15 8
85 77
67 53
47 2
54 5
31 3
79 46
99 91
