84 80
13 5
86 17
73 64
67 42
52 5
13 9
14 11
71 46
92 89
26 22
34 2
41 38
24 20
33 5
68 45
85 81
41 36
61 57
76 53
37 9
34 4
67 64
13 7
68 65
57 54
31 2
17 14
15 11
91 88
73 50
90 23
78 54
53 6
89 20
18 15
54 8
86 23
35 7
68 42
75 61
84 81
87 20
71 49
29 25
34 17
97 50
100 72
22 18
33 17
48 45
95 92
21 18
31 24
49 2
64 61
66 63
48 3
65 62
81 78
36 10
35 10
96 92
55 7
81 54
54 13
82 79
54 7
35 5
47 44
33 21
15 12
86 18
51 45
80 77
27 23
75 54
25 22
31 3
36 4
42 39
56 8
57 8
83 80
12 9
45 41
72 51
86 19
89 86
38 8
93 50
33 20
65 61
46 43
58 54
20 17
37 7
73 53
89 77
59 56
44 40
43 40
33 2
93 89
76 55
81 77
56 7
27 24
63 60
40 36
40 37
94 90
38 6
86 21
74 53
71 68
57 38
68 64
81 76
89 76
73 51
66 62
81 16
45 42
81 55
60 57
46 42
51 3
21 17
22 19
14 10
93 52
97 49
10 7
87 23
45 4
18 14
54 5
96 93
99 96
52 6
64 60
32 21
48 4
33 3
73 61
93 90
76 54
86 16
57 53
34 5
92 88
37 8
68 46
33 4
49 3
89 80
85 82
37 6
73 52
85 16
99 95
48 44
93 3
44 41
41 37
96 50
61 58
94 91
35 13
86 20
72 49
75 55
90 86
75 52
71 51
97 93
98 95
35 14
16 12
32 3
64 42
74 61
35 17
88 85
50 2
83 79
16 13
58 53
97 94
69 66
73 68
28 25
85 19
87 19
36 6
71 50
96 72
69 65
41 6
90 24
75 58
82 78
84 16
35 4
36 5
84 19
89 81
85 20
88 80
51 48
53 5
23 20
17 5
40 6
30 24
80 76
78 55
100 96
25 21
90 87
51 4
56 9
54 6
19 15
49 4
47 2
62 59
97 72
74 52
19 16
73 65
85 80
90 20
84 15
75 53
51 6
76 52
71 48
52 4
28 24
35 6
77 55
71 65
51 5
64 41
53 7
57 7
26 23
61 53
20 16
84 12
32 2
98 94
67 63
87 24
45 40
74 51
58 55
86 22
36 7
95 91
29 24
91 87
89 85
24 21
100 97
38 7
34 3
17 13
52 3
72 50
23 19
37 10
48 2
50 4
13 10
50 3
54 9
80 84
5 13
17 86
64 73
42 67
5 52
9 13
11 14
46 71
89 92
22 26
2 34
38 41
20 24
5 33
45 68
81 85
36 41
57 61
53 76
9 37
4 34
64 67
7 13
65 68
54 57
2 31
14 17
11 15
88 91
50 73
23 90
54 78
6 53
20 89
15 18
8 54
23 86
7 35
42 68
61 75
81 84
20 87
49 71
25 29
17 34
50 97
72 100
18 22
17 33
45 48
92 95
18 21
24 31
2 49
61 64
63 66
3 48
62 65
78 81
10 36
10 35
92 96
7 55
54 81
13 54
79 82
7 54
5 35
44 47
21 33
12 15
18 86
45 51
77 80
23 27
54 75
22 25
3 31
4 36
39 42
8 56
8 57
80 83
9 12
41 45
51 72
19 86
86 89
8 38
50 93
20 33
61 65
43 46
54 58
17 20
7 37
53 73
77 89
56 59
40 44
40 43
2 33
89 93
55 76
77 81
7 56
24 27
60 63
36 40
37 40
90 94
6 38
21 86
53 74
68 71
38 57
64 68
76 81
76 89
51 73
62 66
16 81
42 45
55 81
57 60
42 46
3 51
17 21
19 22
10 14
52 93
49 97
7 10
23 87
4 45
14 18
5 54
93 96
96 99
6 52
60 64
21 32
4 48
3 33
61 73
90 93
54 76
16 86
53 57
5 34
88 92
8 37
46 68
4 33
3 49
80 89
82 85
6 37
52 73
16 85
95 99
44 48
3 93
41 44
37 41
50 96
58 61
91 94
13 35
20 86
49 72
55 75
86 90
52 75
51 71
93 97
95 98
14 35
12 16
3 32
42 64
61 74
17 35
85 88
2 50
79 83
13 16
53 58
94 97
66 69
68 73
25 28
19 85
19 87
6 36
50 71
72 96
65 69
6 41
24 90
58 75
78 82
16 84
4 35
5 36
19 84
81 89
20 85
80 88
48 51
5 53
20 23
5 17
6 40
24 30
76 80
55 78
96 100
21 25
87 90
4 51
9 56
6 54
15 19
4 49
2 47
59 62
72 97
52 74
16 19
65 73
80 85
20 90
15 84
53 75
6 51
52 76
48 71
4 52
24 28
6 35
55 77
65 71
5 51
41 64
7 53
7 57
23 26
53 61
16 20
12 84
2 32
94 98
63 67
24 87
40 45
51 74
55 58
22 86
7 36
91 95
24 29
87 91
85 89
21 24
97 100
7 38
3 34
13 17
3 52
50 72
19 23
10 37
2 48
4 50
10 13
3 50
9 54
