65 61
91 27
92 77
89 16
88 85
91 87
67 42
85 80
33 20
86 23
33 17
80 77
21 18
96 74
64 41
27 23
32 2
96 50
87 27
88 80
48 4
14 11
69 65
63 60
51 41
36 4
94 31
56 8
22 18
73 61
26 22
65 62
93 3
25 22
13 5
48 34
89 80
25 21
92 80
94 90
21 17
60 39
41 6
26 23
94 29
10 7
75 61
90 29
95 91
22 19
89 84
86 82
60 38
82 12
90 24
81 12
44 34
44 38
56 15
18 15
69 66
54 35
96 93
90 23
32 21
31 24
57 53
88 83
35 13
91 88
48 44
54 13
92 52
90 86
76 52
54 12
78 53
82 5
94 27
80 58
48 2
56 13
37 9
74 52
75 64
51 6
34 2
71 49
68 4
71 51
73 68
61 53
89 86
84 15
75 53
60 16
42 32
93 50
68 45
58 40
68 51
20 13
91 23
61 65
27 91
77 92
16 89
85 88
87 91
42 67
80 85
20 33
23 86
17 33
77 80
18 21
74 96
41 64
23 27
2 32
50 96
27 87
80 88
4 48
11 14
65 69
60 63
41 51
4 36
31 94
8 56
18 22
61 73
22 26
62 65
3 93
22 25
5 13
34 48
80 89
21 25
80 92
90 94
17 21
39 60
6 41
23 26
29 94
7 10
61 75
29 90
91 95
19 22
84 89
82 86
38 60
12 82
24 90
12 81
34 44
38 44
15 56
15 18
66 69
35 54
93 96
23 90
21 32
24 31
53 57
83 88
13 35
88 91
44 48
13 54
52 92
86 90
52 76
12 54
53 78
5 82
27 94
58 80
2 48
13 56
9 37
52 74
64 75
6 51
2 34
49 71
4 68
51 71
68 73
53 61
86 89
15 84
53 75
16 60
32 42
50 93
45 68
40 58
51 68
13 20
23 91
