162 159
166 163
169 166
114 111
167 164
164 161
114 110
115 111
38 35
165 162
115 112
162 158
163 160
39 35
39 36
168 164
37 34
36 32
113 110
36 33
40 37
161 158
38 34
41 37
163 159
166 162
167 163
113 109
33 30
37 33
112 109
165 161
168 165
34 31
164 160
169 165
26 23
31 9
116 113
40 36
160 157
137 134
31 27
116 112
35 32
170 167
27 24
170 166
136 123
76 12
137 133
112 108
124 31
142 110
30 27
32 28
138 102
111 108
175 150
29 26
145 120
30 26
32 29
98 92
91 49
41 38
161 128
139 121
149 34
33 29
35 31
135 103
144 110
118 3
146 139
124 6
31 28
123 5
141 138
161 157
153 128
78 75
131 7
173 140
112 88
152 30
34 30
112 46
173 168
75 11
87 39
112 90
142 139
116 44
147 122
144 113
122 2
38 4
122 38
149 122
43 38
120 2
160 156
175 165
142 138
135 123
144 114
171 168
121 3
103 48
155 129
35 6
145 121
77 74
80 14
68 61
146 121
31 6
147 120
167 133
151 30
139 104
28 24
148 132
82 32
117 114
28 25
153 148
42 39
147 121
164 133
42 38
82 29
110 107
152 149
124 4
29 25
161 155
56 53
161 153
78 11
168 136
171 167
126 9
118 44
135 101
122 3
131 13
152 34
148 136
173 136
122 4
43 2
130 127
9 6
165 150
27 23
145 119
77 51
123 6
79 76
117 113
154 126
71 68
152 31
89 49
111 107
20 17
45 4
152 124
17 12
172 169
176 147
143 140
109 5
46 3
124 34
81 11
124 5
