138 102
145 120
114 110
144 110
91 49
149 34
136 123
31 9
173 168
43 38
124 31
118 3
76 12
139 121
147 120
135 103
142 110
137 133
120 2
161 128
152 30
169 166
33 30
175 150
153 128
162 158
112 90
75 11
146 139
173 140
87 39
155 129
112 46
35 6
98 92
36 32
41 37
26 23
149 122
103 48
151 30
112 108
135 123
167 133
139 104
131 7
68 61
124 6
123 5
122 2
116 112
148 132
173 136
122 38
38 4
82 32
31 6
161 155
144 114
78 75
165 150
112 88
153 148
166 162
116 44
80 14
115 111
168 136
175 165
31 27
165 128
164 133
152 34
81 11
82 29
162 159
152 149
155 128
161 153
152 124
109 5
9 6
168 164
137 134
144 113
111 108
160 157
46 3
124 4
89 79
126 9
77 51
148 136
154 27
47 35
176 147
145 119
78 11
124 34
32 28
131 13
123 7
36 33
43 2
118 44
147 122
135 101
17 12
37 33
143 100
79 47
79 49
165 148
146 121
87 47
153 132
84 47
72 53
141 138
152 31
71 68
132 123
142 138
91 51
106 100
80 9
78 73
154 126
130 127
80 28
24 14
131 8
77 74
83 80
80 11
171 137
168 128
141 102
115 112
156 129
91 72
39 35
126 27
45 4
113 109
127 13
127 50
151 122
160 156
103 7
96 55
165 161
160 129
72 51
101 66
164 128
38 34
89 49
110 104
175 169
40 37
109 103
33 29
35 4
86 39
114 111
154 21
28 14
83 32
45 35
98 8
86 47
122 34
121 113
101 13
174 147
65 62
149 30
170 166
34 4
142 105
156 130
163 159
29 26
47 6
118 113
142 104
165 153
116 88
20 17
169 165
56 53
129 101
113 3
146 123
130 101
173 148
144 121
40 36
112 44
69 50
32 29
82 28
89 84
56 52
167 137
97 94
89 47
174 145
69 52
126 24
176 151
167 164
73 51
24 21
163 160
19 13
87 84
156 127
166 163
83 9
25 20
146 136
44 2
49 10
127 21
149 124
111 106
90 46
171 167
164 160
25 15
20 16
116 3
122 42
47 9
170 167
155 127
154 23
146 140
67 59
176 149
148 124
172 169
105 100
132 7
56 50
69 66
134 102
121 3
55 51
47 39
129 50
156 101
118 2
141 105
116 46
144 118
167 163
135 102
48 10
70 12
67 19
57 52
83 28
74 71
77 12
154 22
102 138
120 145
110 114
110 144
49 91
34 149
123 136
9 31
168 173
38 43
31 124
3 118
12 76
121 139
120 147
103 135
110 142
133 137
2 120
128 161
30 152
166 169
30 33
150 175
128 153
158 162
90 112
11 75
139 146
140 173
39 87
129 155
46 112
6 35
92 98
32 36
37 41
23 26
122 149
48 103
30 151
108 112
123 135
133 167
104 139
7 131
61 68
6 124
5 123
2 122
112 116
132 148
136 173
38 122
4 38
32 82
6 31
155 161
114 144
75 78
150 165
88 112
148 153
162 166
44 116
14 80
111 115
136 168
165 175
27 31
128 165
133 164
34 152
11 81
29 82
159 162
149 152
128 155
153 161
124 152
5 109
6 9
164 168
134 137
113 144
108 111
157 160
3 46
4 124
79 89
9 126
51 77
136 148
27 154
35 47
147 176
119 145
11 78
34 124
28 32
13 131
7 123
33 36
2 43
44 118
122 147
101 135
12 17
33 37
100 143
47 79
49 79
148 165
121 146
47 87
132 153
47 84
53 72
138 141
31 152
68 71
123 132
138 142
51 91
100 106
9 80
73 78
126 154
127 130
28 80
14 24
8 131
74 77
80 83
11 80
137 171
128 168
102 141
112 115
129 156
72 91
35 39
27 126
4 45
109 113
13 127
50 127
122 151
156 160
7 103
55 96
161 165
129 160
51 72
66 101
128 164
34 38
49 89
104 110
169 175
37 40
103 109
29 33
4 35
39 86
111 114
21 154
14 28
32 83
35 45
8 98
47 86
34 122
113 121
13 101
147 174
62 65
30 149
166 170
4 34
105 142
130 156
159 163
26 29
6 47
113 118
104 142
153 165
88 116
17 20
165 169
53 56
101 129
3 113
123 146
101 130
148 173
121 144
36 40
44 112
50 69
29 32
28 82
84 89
52 56
137 167
94 97
47 89
145 174
52 69
24 126
151 176
164 167
51 73
21 24
160 163
13 19
84 87
127 156
163 166
9 83
20 25
136 146
2 44
10 49
21 127
124 149
106 111
46 90
167 171
160 164
15 25
16 20
3 116
42 122
9 47
167 170
127 155
23 154
140 146
59 67
149 176
124 148
169 172
100 105
7 132
50 56
66 69
102 134
3 121
51 55
39 47
50 129
101 156
2 118
105 141
46 116
118 144
163 167
102 135
10 48
12 70
19 67
52 57
28 83
71 74
12 77
22 154
