105 100
88 47
107 91
40 37
173 146
135 101
146 140
71 53
134 105
157 129
93 58
168 137
71 56
144 121
173 136
152 31
72 51
94 51
107 100
175 150
68 61
131 103
39 36
156 129
126 13
123 7
124 6
134 131
147 122
81 47
139 136
142 110
132 125
168 165
44 38
131 48
123 5
125 27
76 71
66 58
135 104
112 88
89 49
118 44
139 121
154 21
155 132
24 13
171 167
20 17
116 3
59 52
138 135
81 6
105 101
82 35
164 132
44 3
90 47
94 72
80 9
94 91
147 120
114 111
25 15
79 47
130 127
17 14
107 92
102 92
34 31
79 49
45 35
155 127
89 46
156 21
91 49
174 146
135 103
46 4
172 146
122 38
77 11
109 103
77 72
136 123
133 130
161 155
62 56
24 15
74 71
70 8
84 45
33 30
137 134
131 7
132 7
63 59
56 53
135 48
142 138
165 128
17 13
164 160
154 23
171 168
20 13
124 31
37 33
118 115
165 162
84 35
70 10
64 59
139 123
76 11
131 101
140 137
88 45
176 149
26 23
155 129
19 12
153 149
96 56
20 14
167 163
78 10
153 128
124 4
87 83
155 24
140 136
43 38
100 93
66 60
76 10
76 69
87 46
149 123
99 56
32 29
176 147
142 104
171 137
67 60
42 38
46 3
127 13
28 9
173 148
152 125
172 168
134 101
50 12
170 166
134 103
153 27
43 2
126 9
115 112
156 130
43 4
166 163
31 28
141 137
45 3
146 123
171 140
174 145
169 165
149 34
148 122
138 104
165 161
71 68
97 57
14 10
116 44
13 10
175 165
38 4
131 50
21 13
80 11
163 160
153 150
130 101
59 56
69 18
148 132
72 54
41 2
112 46
67 19
91 51
82 36
45 38
94 52
88 46
69 50
106 92
87 45
155 128
126 8
20 12
49 10
31 27
19 13
168 164
39 35
112 90
33 29
109 104
87 35
83 45
66 19
45 4
148 123
107 104
113 109
98 95
99 57
107 48
107 90
144 118
80 28
124 5
22 15
121 5
80 10
69 59
76 70
156 22
93 52
175 148
151 30
110 104
44 2
93 56
137 133
166 162
125 31
77 70
144 120
142 139
152 27
81 9
35 31
77 10
17 12
134 130
174 147
152 30
121 113
136 132
151 27
20 15
154 127
146 120
68 60
74 70
13 8
83 79
103 48
71 54
146 139
126 27
161 154
41 37
79 9
162 158
29 26
154 128
133 129
14 11
132 126
142 113
176 148
44 4
149 124
72 52
62 57
80 14
9 6
69 19
109 90
17 11
154 27
80 25
135 123
148 136
161 153
21 15
64 60
109 48
81 28
136 133
105 102
96 54
50 10
92 51
127 8
92 48
121 4
76 18
175 168
143 139
45 39
34 4
92 50
96 53
75 11
160 129
81 31
122 5
38 2
77 51
77 50
64 57
121 118
117 113
153 148
112 108
83 35
121 3
144 113
35 4
93 50
61 55
125 9
161 158
154 24
145 120
174 148
47 9
170 167
120 3
125 6
70 50
48 5
164 128
165 148
160 156
68 59
58 52
138 102
131 8
103 5
167 133
36 32
147 121
99 58
167 164
154 22
160 155
65 60
105 93
108 90
78 11
163 129
114 110
31 9
113 46
141 138
144 139
116 112
131 127
135 102
68 56
139 5
38 34
145 121
48 7
90 49
28 25
70 12
77 73
148 124
160 128
168 146
86 45
118 3
135 5
153 126
78 74
124 27
122 2
70 52
175 169
70 49
106 100
35 32
65 58
173 169
173 140
153 125
122 34
88 44
113 44
23 15
173 137
168 136
168 148
173 147
24 21
72 53
32 28
98 93
94 53
69 66
20 16
76 17
47 5
18 12
35 6
82 32
77 71
163 159
132 129
125 7
70 19
40 36
132 124
160 157
161 128
87 84
126 24
103 92
45 6
127 21
30 27
28 24
138 105
46 5
41 38
92 49
106 98
172 169
122 4
175 147
69 13
145 119
154 125
83 47
93 51
139 135
24 20
96 57
28 14
48 8
132 128
90 48
77 49
119 2
103 90
135 132
67 59
113 110
91 48
125 8
118 114
70 13
95 53
96 55
77 12
126 7
124 34
126 21
121 2
77 74
46 6
69 17
116 113
25 14
176 150
56 52
79 11
168 133
76 12
120 2
87 47
34 30
50 8
37 34
59 55
132 123
164 133
38 35
132 127
109 46
169 166
161 129
62 59
137 102
111 108
122 3
124 7
107 103
153 123
27 24
155 130
98 57
152 149
64 58
70 51
135 131
42 39
117 114
62 55
155 126
50 13
164 161
147 123
69 12
66 59
131 126
138 103
155 21
144 119
131 102
47 6
162 159
103 7
100 92
89 47
43 39
130 126
135 7
154 26
71 52
109 5
112 109
81 35
161 157
81 32
138 134
43 3
83 6
63 60
31 6
118 2
173 168
153 124
113 3
68 18
49 8
38 3
144 140
154 126
149 30
90 46
24 14
21 14
143 140
134 102
172 140
152 34
103 100
84 39
48 6
115 111
146 121
152 124
161 156
141 104
149 122
78 75
89 83
124 30
164 129
13 9
99 93
69 52
79 10
77 52
118 113
36 33
105 92
133 128
174 169
153 132
155 22
62 58
156 127
139 104
146 136
67 18
100 105
47 88
91 107
37 40
146 173
101 135
140 146
53 71
105 134
129 157
58 93
137 168
56 71
121 144
136 173
31 152
51 72
51 94
100 107
150 175
61 68
103 131
36 39
129 156
13 126
7 123
6 124
131 134
122 147
47 81
136 139
110 142
125 132
165 168
38 44
48 131
5 123
27 125
71 76
58 66
104 135
88 112
49 89
44 118
121 139
21 154
132 155
13 24
167 171
17 20
3 116
52 59
135 138
6 81
101 105
35 82
132 164
3 44
47 90
72 94
9 80
91 94
120 147
111 114
15 25
47 79
127 130
14 17
92 107
92 102
31 34
49 79
35 45
127 155
46 89
21 156
49 91
146 174
103 135
4 46
146 172
38 122
11 77
103 109
72 77
123 136
130 133
155 161
56 62
15 24
71 74
8 70
45 84
30 33
134 137
7 131
7 132
59 63
53 56
48 135
138 142
128 165
13 17
160 164
23 154
168 171
13 20
31 124
33 37
115 118
162 165
35 84
10 70
59 64
123 139
11 76
101 131
137 140
45 88
149 176
23 26
129 155
12 19
149 153
56 96
14 20
163 167
10 78
128 153
4 124
83 87
24 155
136 140
38 43
93 100
60 66
10 76
69 76
46 87
123 149
56 99
29 32
147 176
104 142
137 171
60 67
38 42
3 46
13 127
9 28
148 173
125 152
168 172
101 134
12 50
166 170
103 134
27 153
2 43
9 126
112 115
130 156
4 43
163 166
28 31
137 141
3 45
123 146
140 171
145 174
165 169
34 149
122 148
104 138
161 165
68 71
57 97
10 14
44 116
10 13
165 175
4 38
50 131
13 21
11 80
160 163
150 153
101 130
56 59
18 69
132 148
54 72
2 41
46 112
19 67
51 91
36 82
38 45
52 94
46 88
50 69
92 106
45 87
128 155
8 126
12 20
10 49
27 31
13 19
164 168
35 39
90 112
29 33
104 109
35 87
45 83
19 66
4 45
123 148
104 107
109 113
95 98
57 99
48 107
90 107
118 144
28 80
5 124
15 22
5 121
10 80
59 69
70 76
22 156
52 93
148 175
30 151
104 110
2 44
56 93
133 137
162 166
31 125
70 77
120 144
139 142
27 152
9 81
31 35
10 77
12 17
130 134
147 174
30 152
113 121
132 136
27 151
15 20
127 154
120 146
60 68
70 74
8 13
79 83
48 103
54 71
139 146
27 126
154 161
37 41
9 79
158 162
26 29
128 154
129 133
11 14
126 132
113 142
148 176
4 44
124 149
52 72
57 62
14 80
6 9
19 69
90 109
11 17
27 154
25 80
123 135
136 148
153 161
15 21
60 64
48 109
28 81
133 136
102 105
54 96
10 50
51 92
8 127
48 92
4 121
18 76
168 175
139 143
39 45
4 34
50 92
53 96
11 75
129 160
31 81
5 122
2 38
51 77
50 77
57 64
118 121
113 117
148 153
108 112
35 83
3 121
113 144
4 35
50 93
55 61
9 125
158 161
24 154
120 145
148 174
9 47
167 170
3 120
6 125
50 70
5 48
128 164
148 165
156 160
59 68
52 58
102 138
8 131
5 103
133 167
32 36
121 147
58 99
164 167
22 154
155 160
60 65
93 105
90 108
11 78
129 163
110 114
9 31
46 113
138 141
139 144
112 116
127 131
102 135
56 68
5 139
34 38
121 145
7 48
49 90
25 28
12 70
73 77
124 148
128 160
146 168
45 86
3 118
5 135
126 153
74 78
27 124
2 122
52 70
169 175
49 70
100 106
32 35
58 65
169 173
140 173
125 153
34 122
44 88
44 113
15 23
137 173
136 168
148 168
147 173
21 24
53 72
28 32
93 98
53 94
66 69
16 20
17 76
5 47
12 18
6 35
32 82
71 77
159 163
129 132
7 125
19 70
36 40
124 132
157 160
128 161
84 87
24 126
92 103
6 45
21 127
27 30
24 28
105 138
5 46
38 41
49 92
98 106
169 172
4 122
147 175
13 69
119 145
125 154
47 83
51 93
135 139
20 24
57 96
14 28
8 48
128 132
48 90
49 77
2 119
90 103
132 135
59 67
110 113
48 91
8 125
114 118
13 70
53 95
55 96
12 77
7 126
34 124
21 126
2 121
74 77
6 46
17 69
113 116
14 25
150 176
52 56
11 79
133 168
12 76
2 120
47 87
30 34
8 50
34 37
55 59
123 132
133 164
35 38
127 132
46 109
166 169
129 161
59 62
102 137
108 111
3 122
7 124
103 107
123 153
24 27
130 155
57 98
149 152
58 64
51 70
131 135
39 42
114 117
55 62
126 155
13 50
161 164
123 147
12 69
59 66
126 131
103 138
21 155
119 144
102 131
6 47
159 162
7 103
92 100
47 89
39 43
126 130
7 135
26 154
52 71
5 109
109 112
35 81
157 161
32 81
134 138
3 43
6 83
60 63
6 31
2 118
168 173
124 153
3 113
18 68
8 49
3 38
140 144
126 154
30 149
46 90
14 24
14 21
140 143
102 134
140 172
34 152
100 103
39 84
6 48
111 115
121 146
124 152
156 161
104 141
122 149
75 78
83 89
30 124
129 164
9 13
93 99
52 69
10 79
52 77
113 118
33 36
92 105
128 133
169 174
132 153
22 155
58 62
127 156
104 139
136 146
18 67
