162 159
166 163
169 166
114 111
167 164
164 161
114 110
115 111
38 35
165 162
115 112
162 158
163 160
39 35
39 36
168 164
37 34
36 32
113 110
36 33
40 37
161 158
38 34
41 37
163 159
166 162
167 163
113 109
33 30
37 33
112 109
165 161
168 165
34 31
164 160
169 165
26 23
31 9
116 113
40 36
160 157
137 134
31 27
116 112
35 32
170 167
27 24
170 166
136 123
76 12
137 133
112 108
124 31
142 110
30 27
32 28
138 102
111 108
175 150
29 26
145 120
30 26
32 29
98 92
91 49
41 38
161 128
139 121
149 34
33 29
35 31
135 103
144 110
118 3
146 139
124 6
31 28
123 5
141 138
161 157
153 128
78 75
131 7
173 140
112 88
152 30
34 30
112 46
173 168
