138 102
145 120
114 110
144 110
91 49
149 34
136 123
31 9
173 168
43 38
124 31
118 3
76 12
139 121
147 120
135 103
142 110
137 133
120 2
161 128
152 30
169 166
33 30
175 150
153 128
162 158
112 90
75 11
146 139
173 140
87 39
155 129
112 46
35 6
98 92
36 32
41 37
26 23
149 122
103 48
151 30
112 108
135 123
167 133
139 104
131 7
68 61
124 6
123 5
122 2
116 112
148 132
173 136
122 38
38 4
82 32
31 6
161 155
144 114
78 75
165 150
112 88
153 148
166 162
116 44
80 14
115 111
168 136
175 165
31 27
165 128
164 133
152 34
81 11
82 29
162 159
152 149
155 128
161 153
152 124
109 5
9 6
168 164
137 134
144 113
111 108
160 157
46 3
124 4
