190 185
171 166
38 11
174 7
160 31
59 56
129 28
190 174
157 24
110 68
189 175
52 25
128 119
176 160
49 16
176 13
70 25
158 131
190 167
118 115
189 132
201 148
62 21
194 171
80 30
73 51
88 23
40 36
158 28
175 161
188 162
159 130
86 54
158 67
131 67
96 89
204 130
205 200
39 11
172 165
139 132
35 12
147 138
192 148
121 118
161 130
47 37
189 139
195 192
188 176
53 23
166 2
193 171
206 200
193 120
74 33
201 192
173 123
161 123
46 16
49 46
186 181
174 162
203 155
62 55
95 55
180 17
46 14
164 4
81 51
156 134
54 50
105 33
160 32
192 170
149 138
201 191
93 89
129 67
70 52
124 4
120 117
190 172
159 132
126 36
193 165
176 12
85 81
176 15
170 148
34 31
173 161
190 165
44 13
34 16
122 118
49 27
149 136
177 157
9 4
8 2
188 15
16 13
175 159
119 116
27 16
64 22
201 195
101 97
39 6
44 38
208 128
189 147
83 46
95 62
122 119
161 128
155 131
129 71
38 10
69 66
52 30
134 22
47 30
31 27
157 18
99 81
128 122
160 35
164 120
176 31
47 33
49 31
189 159
39 35
160 127
50 21
8 3
208 205
76 72
204 175
41 37
193 166
187 184
24 18
72 69
119 115
154 133
212 107
204 191
39 36
209 71
169 166
85 82
179 22
173 120
89 50
86 51
145 142
105 75
35 11
164 123
209 67
206 114
205 194
38 35
49 34
165 3
178 18
12 6
104 100
147 139
205 116
67 28
125 121
75 72
82 45
123 119
179 24
211 32
80 74
193 116
61 53
193 173
100 85
207 131
83 16
158 24
49 30
142 55
205 201
209 68
45 37
65 21
152 133
209 110
126 122
103 37
55 21
176 49
164 124
181 14
118 112
34 27
157 22
176 34
77 73
102 82
174 5
22 18
25 21
181 15
176 35
48 27
160 30
185 190
166 171
11 38
7 174
31 160
56 59
28 129
174 190
24 157
68 110
175 189
25 52
119 128
160 176
16 49
13 176
25 70
131 158
167 190
115 118
132 189
148 201
21 62
171 194
30 80
51 73
23 88
36 40
28 158
161 175
162 188
130 159
54 86
67 158
67 131
89 96
130 204
200 205
11 39
165 172
132 139
12 35
138 147
148 192
118 121
130 161
37 47
139 189
192 195
176 188
23 53
2 166
171 193
200 206
120 193
33 74
192 201
123 173
123 161
16 46
46 49
181 186
162 174
155 203
55 62
55 95
17 180
14 46
4 164
51 81
134 156
50 54
33 105
32 160
170 192
138 149
191 201
89 93
67 129
52 70
4 124
117 120
172 190
132 159
36 126
165 193
12 176
81 85
15 176
148 170
31 34
161 173
165 190
13 44
16 34
118 122
27 49
136 149
157 177
4 9
2 8
15 188
13 16
159 175
116 119
16 27
22 64
195 201
97 101
6 39
38 44
128 208
147 189
46 83
62 95
119 122
128 161
131 155
71 129
10 38
66 69
30 52
22 134
30 47
27 31
18 157
81 99
122 128
35 160
120 164
31 176
33 47
31 49
159 189
35 39
127 160
21 50
3 8
205 208
72 76
175 204
37 41
166 193
184 187
18 24
69 72
115 119
133 154
107 212
191 204
36 39
71 209
166 169
82 85
22 179
120 173
50 89
51 86
142 145
75 105
11 35
123 164
67 209
114 206
194 205
35 38
34 49
3 165
18 178
6 12
100 104
139 147
116 205
28 67
121 125
72 75
45 82
119 123
24 179
32 211
74 80
116 193
53 61
173 193
85 100
131 207
16 83
24 158
30 49
55 142
201 205
68 209
37 45
21 65
133 152
110 209
122 126
37 103
21 55
49 176
124 164
14 181
112 118
27 34
22 157
34 176
73 77
82 102
5 174
18 22
21 25
15 181
35 176
27 48
30 160
