190 185
171 166
38 11
174 7
160 31
59 56
129 28
190 174
157 24
110 68
189 175
52 25
128 119
176 160
49 16
176 13
70 25
158 131
190 167
118 115
189 132
201 148
62 21
194 171
80 30
73 51
88 23
40 36
158 28
175 161
188 162
159 130
86 54
158 67
131 67
96 89
204 130
205 200
39 11
172 165
139 132
35 12
147 138
192 148
121 118
161 130
47 37
189 139
195 192
188 176
53 23
166 2
193 171
206 200
193 120
74 33
201 192
173 123
161 123
46 16
49 46
186 181
174 162
203 155
62 55
95 55
180 17
46 14
164 4
81 51
156 134
54 50
105 33
160 32
192 170
149 138
201 191
93 89
129 67
70 52
124 4
120 117
190 172
159 132
126 36
193 165
176 12
85 81
176 15
170 148
34 31
173 161
190 165
44 13
34 16
122 118
49 27
149 136
177 157
9 4
8 2
188 15
16 13
175 159
119 116
27 16
64 22
185 190
166 171
11 38
7 174
31 160
56 59
28 129
174 190
24 157
68 110
175 189
25 52
119 128
160 176
16 49
13 176
25 70
131 158
167 190
115 118
132 189
148 201
21 62
171 194
30 80
51 73
23 88
36 40
28 158
161 175
162 188
130 159
54 86
67 158
67 131
89 96
130 204
200 205
11 39
165 172
132 139
12 35
138 147
148 192
118 121
130 161
37 47
139 189
192 195
176 188
23 53
2 166
171 193
200 206
120 193
33 74
192 201
123 173
123 161
16 46
46 49
181 186
162 174
155 203
55 62
55 95
17 180
14 46
4 164
51 81
134 156
50 54
33 105
32 160
170 192
138 149
191 201
89 93
67 129
52 70
4 124
117 120
172 190
132 159
36 126
165 193
12 176
81 85
15 176
148 170
31 34
161 173
165 190
13 44
16 34
118 122
27 49
136 149
157 177
4 9
2 8
15 188
13 16
159 175
116 119
16 27
22 64
