190 185
171 166
38 11
174 7
160 31
59 56
129 28
190 174
157 24
110 68
189 175
52 25
128 119
176 160
49 16
176 13
70 25
158 131
190 167
118 115
189 132
201 148
62 21
194 171
80 30
73 51
88 23
40 36
158 28
175 161
188 162
159 130
86 54
158 67
131 67
96 89
204 130
205 200
39 11
172 165
139 132
35 12
147 138
192 148
121 118
161 130
47 37
189 139
195 192
188 176
53 23
166 2
193 171
206 200
193 120
74 33
201 192
173 123
161 123
46 16
49 46
186 181
174 162
203 155
62 55
95 55
180 17
46 14
164 4
81 51
156 134
54 50
105 33
160 32
192 170
149 138
201 191
93 89
129 67
70 52
124 4
120 117
190 172
159 132
126 36
193 165
176 12
85 81
176 15
170 148
34 31
173 161
190 165
44 13
34 16
122 118
49 27
149 136
177 157
9 4
8 2
188 15
16 13
175 159
119 116
27 16
64 22
201 195
101 97
39 6
44 38
208 128
189 147
83 46
95 62
122 119
161 128
155 131
129 71
38 10
69 66
52 30
134 22
47 30
31 27
157 18
99 81
128 122
160 35
164 120
176 31
47 33
49 31
189 159
39 35
160 127
50 21
8 3
208 205
76 72
204 175
41 37
193 166
187 184
24 18
72 69
119 115
154 133
212 107
204 191
39 36
209 71
169 166
85 82
179 22
173 120
89 50
86 51
145 142
105 75
35 11
164 123
209 67
206 114
205 194
38 35
49 34
165 3
178 18
12 6
104 100
147 139
205 116
67 28
125 121
75 72
82 45
123 119
179 24
211 32
80 74
193 116
61 53
193 173
100 85
207 131
83 16
158 24
49 30
142 55
205 201
209 68
45 37
65 21
152 133
209 110
126 122
103 37
55 21
176 49
164 124
181 14
118 112
34 27
157 22
176 34
77 73
102 82
174 5
22 18
25 21
181 15
176 35
48 27
160 30
175 130
126 123
170 167
203 133
147 132
71 32
212 207
34 13
88 53
187 180
190 146
121 117
30 26
90 50
207 110
158 66
166 120
56 52
140 134
171 120
129 29
184 142
200 195
27 21
208 119
71 67
185 144
35 31
191 132
127 6
41 38
156 133
107 103
69 59
202 151
69 56
53 50
12 7
161 119
46 13
36 32
78 74
171 116
104 101
27 23
180 19
62 50
80 52
193 172
177 24
9 6
31 16
178 175
15 5
74 52
128 118
172 166
108 72
97 81
154 63
136 133
207 68
102 99
167 146
83 49
88 21
18 15
211 205
101 79
102 51
185 146
207 203
212 109
212 196
200 196
122 115
159 22
43 37
179 157
155 134
53 25
81 77
103 33
90 54
158 61
15 7
206 199
189 183
178 157
70 29
206 201
195 148
100 81
140 137
206 203
187 183
75 71
201 149
8 4
50 27
204 201
77 51
206 153
124 120
176 27
152 149
64 24
