127 124
181 15
212 109
84 48
104 78
176 15
64 61
36 33
187 15
47 30
62 53
70 26
185 181
52 26
124 121
203 133
193 173
99 85
78 74
104 75
204 133
95 55
166 2
126 32
150 139
190 172
191 147
43 38
91 61
118 115
190 147
192 146
202 134
62 23
129 28
86 83
37 33
87 83
35 32
204 153
159 132
64 59
129 32
127 35
202 133
178 15
12 9
188 176
160 31
210 127
201 191
187 179
127 123
207 114
204 199
192 172
200 197
171 164
61 54
178 17
164 2
157 134
181 17
29 25
91 53
184 140
189 144
75 72
162 5
119 111
66 25
179 16
65 61
190 174
12 6
39 36
180 17
203 153
140 137
126 6
190 146
83 46
25 22
210 109
100 81
139 134
90 21
42 38
153 133
13 10
71 68
205 116
76 72
170 167
151 136
65 58
186 181
59 56
38 11
61 22
211 107
108 71
56 53
130 28
208 111
207 131
142 138
179 18
206 131
180 177
202 152
202 151
208 113
212 107
70 25
188 175
122 119
158 24
162 127
63 60
102 82
127 122
155 133
202 199
189 174
84 47
187 176
35 13
73 52
50 26
140 135
160 128
79 74
126 36
203 132
172 167
118 111
166 3
48 30
187 183
119 112
79 75
126 35
193 171
205 113
190 173
83 48
129 29
70 67
159 28
206 130
102 79
46 34
207 110
162 12
141 138
204 132
82 48
124 4
208 112
92 54
189 185
95 54
198 116
128 123
49 26
35 11
26 23
44 11
173 164
44 10
45 13
32 29
53 26
178 27
101 81
90 62
211 71
156 132
191 173
151 138
159 131
158 25
165 2
101 77
88 49
211 36
178 159
47 34
173 165
178 24
54 51
72 69
209 111
188 183
86 81
87 82
63 21
202 149
157 132
140 136
206 113
44 13
161 127
129 67
189 142
191 172
159 25
201 193
188 174
9 5
192 173
149 138
185 182
210 108
34 11
192 171
160 127
125 122
72 68
64 22
165 4
202 132
208 119
161 123
80 47
147 142
191 148
33 30
92 50
104 101
87 48
124 120
107 72
24 18
212 36
195 192
202 150
83 50
154 132
202 154
174 5
34 31
194 172
172 165
102 80
176 160
31 28
186 182
92 61
104 79
86 82
194 116
155 131
44 35
209 128
63 22
81 48
163 124
187 178
172 146
202 153
90 50
122 111
99 81
119 115
86 51
201 197
42 37
204 130
121 118
171 167
74 71
207 130
178 16
159 130
191 175
65 25
55 51
160 32
179 17
199 115
164 120
158 130
175 160
90 23
46 13
126 39
173 162
70 52
107 71
11 6
193 170
67 29
158 28
158 129
101 80
163 6
51 48
155 132
162 7
175 159
184 181
71 67
158 155
44 12
156 135
88 50
208 130
104 80
108 68
11 8
96 51
61 52
38 10
205 198
82 45
90 18
200 194
60 56
203 154
180 16
210 32
201 153
81 47
88 83
91 62
205 200
186 180
34 12
140 134
44 38
73 70
174 163
161 130
68 29
30 26
207 113
164 4
159 27
203 131
170 166
199 153
40 37
204 200
127 32
208 129
175 163
163 3
87 50
205 114
194 171
205 131
94 55
156 133
83 49
183 142
157 24
21 18
53 50
80 51
141 137
82 46
187 184
190 145
38 34
162 123
121 117
96 54
164 123
210 110
69 65
187 180
120 117
55 52
201 149
209 67
85 81
162 126
183 179
163 123
103 81
126 123
200 195
184 143
198 114
139 136
92 89
151 133
105 79
208 205
188 184
211 106
22 18
178 18
157 133
189 146
200 116
28 25
70 56
105 74
189 184
211 33
209 109
115 112
163 5
62 21
35 12
208 204
211 109
77 73
61 57
192 148
99 96
31 13
174 161
101 79
198 195
45 38
208 110
32 28
128 32
160 129
203 152
105 33
162 128
152 136
139 135
67 26
42 39
198 115
211 108
65 23
34 30
40 36
105 75
62 22
65 59
200 196
194 117
177 159
79 76
34 13
199 114
201 192
204 201
188 177
190 175
174 162
31 27
53 23
67 25
35 31
212 106
92 53
136 133
69 58
147 144
183 143
64 24
173 161
207 111
171 165
127 36
206 200
191 174
86 48
161 128
209 130
210 29
83 47
10 7
209 108
84 46
201 151
120 116
53 49
61 56
30 27
57 54
64 25
189 145
187 177
90 19
175 161
157 25
123 4
43 37
185 144
99 86
103 37
174 164
37 34
123 119
206 203
154 133
45 37
206 199
191 146
74 70
201 148
173 163
159 129
76 73
38 35
206 114
63 23
29 26
205 119
33 29
59 53
43 39
171 166
123 120
27 24
9 6
10 6
39 35
85 82
103 79
181 16
81 51
39 11
176 159
82 47
208 131
41 37
65 26
147 139
88 48
205 199
206 115
157 131
169 166
78 75
66 59
165 3
80 77
158 132
90 20
212 108
152 133
49 27
70 59
187 182
125 121
183 141
205 130
163 4
176 161
86 50
162 4
67 28
61 23
184 142
118 112
93 54
161 129
199 113
164 5
180 15
172 166
188 185
60 57
80 48
77 74
201 195
73 69
180 18
71 29
44 37
91 21
64 60
189 143
204 131
156 131
49 23
128 122
27 18
179 19
11 7
184 144
160 28
200 114
183 180
12 7
184 141
66 26
189 177
103 80
210 111
160 130
92 62
126 122
151 134
52 49
56 52
203 200
156 134
208 128
75 71
209 129
187 181
64 23
172 164
158 27
190 144
189 176
182 179
56 51
186 183
89 50
185 143
95 51
142 139
189 147
119 116
69 56
200 193
207 204
212 105
192 147
45 34
203 155
61 53
104 74
203 199
70 29
28 24
36 32
41 38
210 129
158 67
209 68
158 131
8 5
200 115
80 74
27 23
100 80
107 75
94 54
105 78
177 15
192 170
127 6
151 139
163 127
23 18
150 138
149 139
49 30
36 11
102 81
189 175
44 34
69 66
65 60
177 160
164 3
210 128
31 12
178 28
60 53
153 132
159 24
193 172
193 116
70 66
176 162
122 118
106 75
211 32
209 110
52 48
101 78
69 59
175 162
211 105
54 50
205 201
73 56
87 84
205 115
162 6
124 127
15 181
109 212
48 84
78 104
15 176
61 64
33 36
15 187
30 47
53 62
26 70
181 185
26 52
121 124
133 203
173 193
85 99
74 78
75 104
133 204
55 95
2 166
32 126
139 150
172 190
147 191
38 43
61 91
115 118
147 190
146 192
134 202
23 62
28 129
83 86
33 37
83 87
32 35
153 204
132 159
59 64
32 129
35 127
133 202
15 178
9 12
176 188
31 160
127 210
191 201
179 187
123 127
114 207
199 204
172 192
197 200
164 171
54 61
17 178
2 164
134 157
17 181
25 29
53 91
140 184
144 189
72 75
5 162
111 119
25 66
16 179
61 65
174 190
6 12
36 39
17 180
153 203
137 140
6 126
146 190
46 83
22 25
109 210
81 100
134 139
21 90
38 42
133 153
10 13
68 71
116 205
72 76
167 170
136 151
58 65
181 186
56 59
11 38
22 61
107 211
71 108
53 56
28 130
111 208
131 207
138 142
18 179
131 206
177 180
152 202
151 202
113 208
107 212
25 70
175 188
119 122
24 158
127 162
60 63
82 102
122 127
133 155
199 202
174 189
47 84
176 187
13 35
52 73
26 50
135 140
128 160
74 79
36 126
132 203
167 172
111 118
3 166
30 48
183 187
112 119
75 79
35 126
171 193
113 205
173 190
48 83
29 129
67 70
28 159
130 206
79 102
34 46
110 207
12 162
138 141
132 204
48 82
4 124
112 208
54 92
185 189
54 95
116 198
123 128
26 49
11 35
23 26
11 44
164 173
10 44
13 45
29 32
26 53
27 178
81 101
62 90
71 211
132 156
173 191
138 151
131 159
25 158
2 165
77 101
49 88
36 211
159 178
34 47
165 173
24 178
51 54
69 72
111 209
183 188
81 86
82 87
21 63
149 202
132 157
136 140
113 206
13 44
127 161
67 129
142 189
172 191
25 159
193 201
174 188
5 9
173 192
138 149
182 185
108 210
11 34
171 192
127 160
122 125
68 72
22 64
4 165
132 202
119 208
123 161
47 80
142 147
148 191
30 33
50 92
101 104
48 87
120 124
72 107
18 24
36 212
192 195
150 202
50 83
132 154
154 202
5 174
31 34
172 194
165 172
80 102
160 176
28 31
182 186
61 92
79 104
82 86
116 194
131 155
35 44
128 209
22 63
48 81
124 163
178 187
146 172
153 202
50 90
111 122
81 99
115 119
51 86
197 201
37 42
130 204
118 121
167 171
71 74
130 207
16 178
130 159
175 191
25 65
51 55
32 160
17 179
115 199
120 164
130 158
160 175
23 90
13 46
39 126
162 173
52 70
71 107
6 11
170 193
29 67
28 158
129 158
80 101
6 163
48 51
132 155
7 162
159 175
181 184
67 71
155 158
12 44
135 156
50 88
130 208
80 104
68 108
8 11
51 96
52 61
10 38
198 205
45 82
18 90
194 200
56 60
154 203
16 180
32 210
153 201
47 81
83 88
62 91
200 205
180 186
12 34
134 140
38 44
70 73
163 174
130 161
29 68
26 30
113 207
4 164
27 159
131 203
166 170
153 199
37 40
200 204
32 127
129 208
163 175
3 163
50 87
114 205
171 194
131 205
55 94
133 156
49 83
142 183
24 157
18 21
50 53
51 80
137 141
46 82
184 187
145 190
34 38
123 162
117 121
54 96
123 164
110 210
65 69
180 187
117 120
52 55
149 201
67 209
81 85
126 162
179 183
123 163
81 103
123 126
195 200
143 184
114 198
136 139
89 92
133 151
79 105
205 208
184 188
106 211
18 22
18 178
133 157
146 189
116 200
25 28
56 70
74 105
184 189
33 211
109 209
112 115
5 163
21 62
12 35
204 208
109 211
73 77
57 61
148 192
96 99
13 31
161 174
79 101
195 198
38 45
110 208
28 32
32 128
129 160
152 203
33 105
128 162
136 152
135 139
26 67
39 42
115 198
108 211
23 65
30 34
36 40
75 105
22 62
59 65
196 200
117 194
159 177
76 79
13 34
114 199
192 201
201 204
177 188
175 190
162 174
27 31
23 53
25 67
31 35
106 212
53 92
133 136
58 69
144 147
143 183
24 64
161 173
111 207
165 171
36 127
200 206
174 191
48 86
128 161
130 209
29 210
47 83
7 10
108 209
46 84
151 201
116 120
49 53
56 61
27 30
54 57
25 64
145 189
177 187
19 90
161 175
25 157
4 123
37 43
144 185
86 99
37 103
164 174
34 37
119 123
203 206
133 154
37 45
199 206
146 191
70 74
148 201
163 173
129 159
73 76
35 38
114 206
23 63
26 29
119 205
29 33
53 59
39 43
166 171
120 123
24 27
6 9
6 10
35 39
82 85
79 103
16 181
51 81
11 39
159 176
47 82
131 208
37 41
26 65
139 147
48 88
199 205
115 206
131 157
166 169
75 78
59 66
3 165
77 80
132 158
20 90
108 212
133 152
27 49
59 70
182 187
121 125
141 183
130 205
4 163
161 176
50 86
4 162
28 67
23 61
142 184
112 118
54 93
129 161
113 199
5 164
15 180
166 172
185 188
57 60
48 80
74 77
195 201
69 73
18 180
29 71
37 44
21 91
60 64
143 189
131 204
131 156
23 49
122 128
18 27
19 179
7 11
144 184
28 160
114 200
180 183
7 12
141 184
26 66
177 189
80 103
111 210
130 160
62 92
122 126
134 151
49 52
52 56
200 203
134 156
128 208
71 75
129 209
181 187
23 64
164 172
27 158
144 190
176 189
179 182
51 56
183 186
50 89
143 185
51 95
139 142
147 189
116 119
56 69
193 200
204 207
105 212
147 192
34 45
155 203
53 61
74 104
199 203
29 70
24 28
32 36
38 41
129 210
67 158
68 209
131 158
5 8
115 200
74 80
23 27
80 100
75 107
54 94
78 105
15 177
170 192
6 127
139 151
127 163
18 23
138 150
139 149
30 49
11 36
81 102
175 189
34 44
66 69
60 65
160 177
3 164
128 210
12 31
28 178
53 60
132 153
24 159
172 193
116 193
66 70
162 176
118 122
75 106
32 211
110 209
48 52
78 101
59 69
162 175
105 211
50 54
201 205
56 73
84 87
115 205
6 162
