76 73
75 72
123 119
34 31
123 120
122 119
159 130
120 117
77 74
121 118
118 115
190 174
59 56
76 72
174 7
190 185
128 119
129 28
189 132
35 32
124 121
49 16
40 37
193 171
171 166
110 68
40 36
54 50
54 51
119 115
119 116
31 28
71 68
41 38
75 71
176 160
175 159
175 161
189 175
72 69
158 131
80 30
39 36
41 37
77 73
157 24
38 11
174 162
52 25
96 89
124 120
122 118
49 46
131 67
176 13
39 35
187 184
53 50
88 23
86 54
30 27
121 117
175 160
147 138
161 130
188 176
139 132
189 174
85 82
73 70
70 25
74 71
62 21
190 167
194 171
160 31
129 67
120 116
195 192
73 51
31 27
35 31
205 200
164 4
172 165
55 52
166 2
70 67
161 128
174 161
173 161
47 37
125 121
159 132
29 26
201 148
188 162
189 139
190 172
69 66
204 130
38 35
192 148
158 28
176 12
53 23
186 181
73 76
72 75
119 123
31 34
120 123
119 122
130 159
117 120
74 77
118 121
115 118
174 190
56 59
72 76
7 174
185 190
119 128
28 129
132 189
32 35
121 124
16 49
37 40
171 193
166 171
68 110
36 40
50 54
51 54
115 119
116 119
28 31
68 71
38 41
71 75
160 176
159 175
161 175
175 189
69 72
131 158
30 80
36 39
37 41
73 77
24 157
11 38
162 174
25 52
89 96
120 124
118 122
46 49
67 131
13 176
35 39
184 187
50 53
23 88
54 86
27 30
117 121
160 175
138 147
130 161
176 188
132 139
174 189
82 85
70 73
25 70
71 74
21 62
167 190
171 194
31 160
67 129
116 120
192 195
51 73
27 31
31 35
200 205
4 164
165 172
52 55
2 166
67 70
128 161
161 174
161 173
37 47
121 125
132 159
26 29
148 201
162 188
139 189
172 190
66 69
130 204
35 38
148 192
28 158
12 176
23 53
181 186
