76 73
75 72
123 119
34 31
123 120
122 119
159 130
120 117
77 74
121 118
118 115
190 174
59 56
76 72
174 7
190 185
128 119
129 28
189 132
35 32
124 121
49 16
40 37
193 171
171 166
110 68
40 36
54 50
54 51
119 115
119 116
31 28
71 68
41 38
75 71
176 160
175 159
175 161
189 175
72 69
158 131
80 30
39 36
41 37
77 73
157 24
38 11
174 162
52 25
96 89
124 120
122 118
49 46
131 67
176 13
39 35
187 184
53 50
88 23
86 54
30 27
121 117
175 160
147 138
161 130
188 176
139 132
189 174
85 82
73 70
70 25
74 71
62 21
190 167
194 171
160 31
129 67
120 116
195 192
73 51
31 27
35 31
205 200
164 4
172 165
55 52
166 2
70 67
161 128
174 161
173 161
47 37
125 121
159 132
29 26
201 148
188 162
189 139
190 172
69 66
204 130
38 35
192 148
158 28
176 12
53 23
186 181
46 14
180 17
193 120
70 52
145 142
124 4
62 55
85 81
161 123
74 70
32 29
52 49
30 26
193 165
36 32
53 49
149 138
27 16
192 170
126 36
35 12
203 155
46 16
188 175
201 191
173 123
49 27
169 166
39 11
72 68
36 33
55 51
44 13
190 165
170 167
71 67
177 157
34 30
125 122
190 173
158 67
16 13
81 51
93 89
32 28
201 192
8 4
105 33
192 171
24 18
206 203
160 130
201 195
74 33
101 97
51 48
170 166
8 2
39 6
38 10
83 46
78 74
205 201
176 15
156 134
95 55
73 69
206 200
9 4
164 120
171 165
212 107
165 3
8 3
170 148
47 30
126 122
126 123
188 15
159 131
34 16
33 30
101 98
56 53
38 34
42 38
104 100
189 147
64 22
28 25
104 101
56 52
154 133
95 62
27 24
149 136
208 205
80 74
44 38
105 102
99 81
86 83
209 71
160 32
102 99
70 66
94 91
158 130
191 173
177 159
176 31
204 200
140 137
204 201
118 114
25 22
178 18
164 123
155 134
157 22
189 185
147 139
172 166
110 107
164 3
78 75
25 21
12 6
155 131
49 30
8 5
27 23
157 18
52 30
193 173
176 159
33 29
129 71
207 203
189 186
189 159
204 191
29 25
103 99
206 114
92 89
21 18
35 11
128 122
103 100
49 34
152 133
190 175
175 162
82 45
176 161
50 47
209 68
47 33
209 67
105 75
61 53
160 127
205 202
48 27
128 118
160 35
53 25
89 50
155 133
179 24
49 31
80 77
201 149
44 37
205 116
45 37
207 110
187 183
205 194
136 133
50 21
157 131
134 22
188 185
22 18
188 174
206 201
200 195
61 54
93 90
203 200
160 129
14 11
102 98
108 105
173 162
159 129
37 33
187 180
189 176
174 5
179 22
208 128
193 172
191 172
43 40
209 110
173 120
139 136
192 172
138 135
199 196
139 134
191 175
73 76
72 75
119 123
31 34
120 123
119 122
130 159
117 120
74 77
118 121
115 118
174 190
56 59
72 76
7 174
185 190
119 128
28 129
132 189
32 35
121 124
16 49
37 40
171 193
166 171
68 110
36 40
50 54
51 54
115 119
116 119
28 31
68 71
38 41
71 75
160 176
159 175
161 175
175 189
69 72
131 158
30 80
36 39
37 41
73 77
24 157
11 38
162 174
25 52
89 96
120 124
118 122
46 49
67 131
13 176
35 39
184 187
50 53
23 88
54 86
27 30
117 121
160 175
138 147
130 161
176 188
132 139
174 189
82 85
70 73
25 70
71 74
21 62
167 190
171 194
31 160
67 129
116 120
192 195
51 73
27 31
31 35
200 205
4 164
165 172
52 55
2 166
67 70
128 161
161 174
161 173
37 47
121 125
132 159
26 29
148 201
162 188
139 189
172 190
66 69
130 204
35 38
148 192
28 158
12 176
23 53
181 186
14 46
17 180
120 193
52 70
142 145
4 124
55 62
81 85
123 161
70 74
29 32
49 52
26 30
165 193
32 36
49 53
138 149
16 27
170 192
36 126
12 35
155 203
16 46
175 188
191 201
123 173
27 49
166 169
11 39
68 72
33 36
51 55
13 44
165 190
167 170
67 71
157 177
30 34
122 125
173 190
67 158
13 16
51 81
89 93
28 32
192 201
4 8
33 105
171 192
18 24
203 206
130 160
195 201
33 74
97 101
48 51
166 170
2 8
6 39
10 38
46 83
74 78
201 205
15 176
134 156
55 95
69 73
200 206
4 9
120 164
165 171
107 212
3 165
3 8
148 170
30 47
122 126
123 126
15 188
131 159
16 34
30 33
98 101
53 56
34 38
38 42
100 104
147 189
22 64
25 28
101 104
52 56
133 154
62 95
24 27
136 149
205 208
74 80
38 44
102 105
81 99
83 86
71 209
32 160
99 102
66 70
91 94
130 158
173 191
159 177
31 176
200 204
137 140
201 204
114 118
22 25
18 178
123 164
134 155
22 157
185 189
139 147
166 172
107 110
3 164
75 78
21 25
6 12
131 155
30 49
5 8
23 27
18 157
30 52
173 193
159 176
29 33
71 129
203 207
186 189
159 189
191 204
25 29
99 103
114 206
89 92
18 21
11 35
122 128
100 103
34 49
133 152
175 190
162 175
45 82
161 176
47 50
68 209
33 47
67 209
75 105
53 61
127 160
202 205
27 48
118 128
35 160
25 53
50 89
133 155
24 179
31 49
77 80
149 201
37 44
116 205
37 45
110 207
183 187
194 205
133 136
21 50
131 157
22 134
185 188
18 22
174 188
201 206
195 200
54 61
90 93
200 203
129 160
11 14
98 102
105 108
162 173
129 159
33 37
180 187
176 189
5 174
22 179
128 208
172 193
172 191
40 43
110 209
120 173
136 139
172 192
135 138
196 199
134 139
175 191
