19 16
20 17
82 79
65 61
62 59
63 60
81 78
19 15
64 61
18 15
79 76
80 77
63 59
64 60
65 62
66 63
123 119
124 121
81 77
20 16
59 56
122 119
21 18
82 78
61 58
123 120
21 17
17 14
37 10
43 40
83 80
80 76
62 58
114 111
109 106
111 108
66 62
87 33
77 74
78 75
79 75
36 7
22 19
121 118
45 42
67 63
44 40
88 33
44 41
17 13
16 13
60 57
67 64
68 65
110 107
78 74
53 42
112 109
108 105
93 86
34 6
92 86
60 53
125 122
37 9
119 116
35 9
125 121
83 79
13 5
115 112
18 14
22 18
120 117
124 120
36 8
126 123
36 9
84 26
89 30
35 10
58 55
80 62
122 118
101 20
15 12
96 93
64 14
76 73
29 3
29 17
61 57
107 104
28 2
14 11
72 66
111 107
97 94
94 91
29 5
84 80
58 54
75 72
85 32
126 122
82 23
101 98
84 81
36 10
116 113
120 116
118 115
117 114
88 34
77 73
98 95
110 106
113 110
81 62
38 9
46 43
72 69
119 115
57 32
30 3
17 3
56 53
82 26
109 105
29 2
71 68
121 117
60 56
30 2
13 3
83 21
57 33
43 39
58 53
45 41
49 46
68 64
100 97
28 3
72 67
38 10
59 53
34 31
27 20
33 30
59 55
76 72
91 86
70 67
57 54
9 6
35 5
35 7
79 60
35 6
37 8
112 108
51 48
16 12
29 4
74 71
13 6
63 52
91 88
61 13
108 104
46 42
42 39
79 69
117 113
95 92
13 4
55 52
80 66
18 3
16 8
96 92
65 17
115 111
79 22
113 109
13 10
102 99
80 69
92 84
54 42
101 2
15 3
16 19
17 20
79 82
61 65
59 62
60 63
78 81
15 19
61 64
15 18
76 79
77 80
59 63
60 64
62 65
63 66
119 123
121 124
77 81
16 20
56 59
119 122
18 21
78 82
58 61
120 123
17 21
14 17
10 37
40 43
80 83
76 80
58 62
111 114
106 109
108 111
62 66
33 87
74 77
75 78
75 79
7 36
19 22
118 121
42 45
63 67
40 44
33 88
41 44
13 17
13 16
57 60
64 67
65 68
107 110
74 78
42 53
109 112
105 108
86 93
6 34
86 92
53 60
122 125
9 37
116 119
9 35
121 125
79 83
5 13
112 115
14 18
18 22
117 120
120 124
8 36
123 126
9 36
26 84
30 89
10 35
55 58
62 80
118 122
20 101
12 15
93 96
14 64
73 76
3 29
17 29
57 61
104 107
2 28
11 14
66 72
107 111
94 97
91 94
5 29
80 84
54 58
72 75
32 85
122 126
23 82
98 101
81 84
10 36
113 116
116 120
115 118
114 117
34 88
73 77
95 98
106 110
110 113
62 81
9 38
43 46
69 72
115 119
32 57
3 30
3 17
53 56
26 82
105 109
2 29
68 71
117 121
56 60
2 30
3 13
21 83
33 57
39 43
53 58
41 45
46 49
64 68
97 100
3 28
67 72
10 38
53 59
31 34
20 27
30 33
55 59
72 76
86 91
67 70
54 57
6 9
5 35
7 35
60 79
6 35
8 37
108 112
48 51
12 16
4 29
71 74
6 13
52 63
88 91
13 61
104 108
42 46
39 42
69 79
113 117
92 95
4 13
52 55
66 80
3 18
8 16
92 96
17 65
111 115
22 79
109 113
10 13
99 102
69 80
84 92
42 54
2 101
3 15
