69 66
31 4
45 42
30 3
76 70
83 79
44 37
119 116
18 14
21 17
82 78
116 36
98 2
27 2
16 12
50 46
60 57
76 69
124 49
123 120
75 71
44 41
48 44
85 29
85 62
86 28
35 8
113 39
82 21
104 13
85 58
115 38
83 26
13 8
26 20
120 45
95 92
108 103
99 3
88 33
79 69
108 104
112 107
29 4
103 12
22 18
114 39
79 18
80 66
64 60
76 22
14 11
61 14
77 70
97 2
25 21
124 45
35 31
69 22
47 43
65 14
116 35
29 5
61 58
117 36
96 93
35 32
77 73
55 52
32 4
99 2
124 121
66 62
114 38
74 71
117 35
26 21
43 40
88 30
46 42
22 19
108 105
59 56
83 80
33 5
25 22
120 48
18 15
116 34
98 3
64 14
80 76
29 2
51 48
61 57
38 9
48 45
21 18
89 86
88 32
126 57
126 123
79 21
105 102
83 21
117 32
27 21
105 9
104 10
87 30
121 57
117 60
121 118
13 5
94 91
118 32
15 11
65 17
63 54
36 6
28 2
82 25
20 17
101 13
79 75
79 24
17 14
69 65
82 26
115 37
34 5
84 62
65 18
120 57
100 3
87 33
110 107
100 5
13 9
120 44
124 55
14 10
25 20
125 121
114 36
106 8
29 3
77 71
83 27
50 47
106 7
19 16
84 27
12 9
84 28
67 63
87 32
71 66
75 22
51 47
71 67
13 10
76 71
114 37
65 15
58 32
90 30
107 7
98 4
30 5
64 11
15 12
120 116
118 34
52 49
123 119
78 75
65 62
85 32
113 40
68 65
76 73
104 8
60 55
126 121
81 78
112 109
34 7
64 61
37 10
112 106
87 57
31 5
44 39
93 89
35 6
36 9
84 29
100 4
121 55
104 9
78 74
30 4
120 115
101 8
65 61
34 6
12 8
121 56
27 20
85 59
79 22
37 9
118 35
126 55
8 5
27 17
52 48
120 117
80 71
58 33
88 31
34 31
87 31
68 64
93 90
35 7
104 101
124 120
36 8
44 40
115 41
109 106
81 77
17 13
23 19
67 64
71 68
124 48
117 37
106 9
77 72
85 30
125 122
105 101
116 37
30 2
82 79
16 13
35 9
60 54
37 11
36 10
85 61
121 117
76 72
27 3
75 70
86 29
60 56
117 57
119 115
28 3
119 33
94 89
59 54
24 21
117 33
106 36
63 59
32 29
61 32
77 74
66 63
86 58
61 10
126 122
118 57
36 7
62 59
86 32
105 8
80 69
34 8
83 28
47 44
68 15
90 86
80 21
104 12
85 28
23 20
117 34
115 36
90 87
66 18
105 7
123 45
46 43
83 62
20 16
122 119
125 55
99 4
32 6
49 45
86 30
68 14
89 30
33 6
63 60
24 20
122 118
80 77
57 33
89 31
32 5
82 27
113 38
70 67
116 33
45 41
101 3
31 6
69 18
19 15
57 32
35 5
112 38
94 90
83 29
114 41
126 56
114 40
73 70
35 10
82 24
118 33
68 18
87 58
118 56
43 39
49 46
79 76
86 31
115 39
62 58
59 55
66 69
4 31
42 45
3 30
70 76
79 83
37 44
116 119
14 18
17 21
78 82
36 116
2 98
2 27
12 16
46 50
57 60
69 76
49 124
120 123
71 75
41 44
44 48
29 85
62 85
28 86
8 35
39 113
21 82
13 104
58 85
38 115
26 83
8 13
20 26
45 120
92 95
103 108
3 99
33 88
69 79
104 108
107 112
4 29
12 103
18 22
39 114
18 79
66 80
60 64
22 76
11 14
14 61
70 77
2 97
21 25
45 124
31 35
22 69
43 47
14 65
35 116
5 29
58 61
36 117
93 96
32 35
73 77
52 55
4 32
2 99
121 124
62 66
38 114
71 74
35 117
21 26
40 43
30 88
42 46
19 22
105 108
56 59
80 83
5 33
22 25
48 120
15 18
34 116
3 98
14 64
76 80
2 29
48 51
57 61
9 38
45 48
18 21
86 89
32 88
57 126
123 126
21 79
102 105
21 83
32 117
21 27
9 105
10 104
30 87
57 121
60 117
118 121
5 13
91 94
32 118
11 15
17 65
54 63
6 36
2 28
25 82
17 20
13 101
75 79
24 79
14 17
65 69
26 82
37 115
5 34
62 84
18 65
57 120
3 100
33 87
107 110
5 100
9 13
44 120
55 124
10 14
20 25
121 125
36 114
8 106
3 29
71 77
27 83
47 50
7 106
16 19
27 84
9 12
28 84
63 67
32 87
66 71
22 75
47 51
67 71
10 13
71 76
37 114
15 65
32 58
30 90
7 107
4 98
5 30
11 64
12 15
116 120
34 118
49 52
119 123
75 78
62 65
32 85
40 113
65 68
73 76
8 104
55 60
121 126
78 81
109 112
7 34
61 64
10 37
106 112
57 87
5 31
39 44
89 93
6 35
9 36
29 84
4 100
55 121
9 104
74 78
4 30
115 120
8 101
61 65
6 34
8 12
56 121
20 27
59 85
22 79
9 37
35 118
55 126
5 8
17 27
48 52
117 120
71 80
33 58
31 88
31 34
31 87
64 68
90 93
7 35
101 104
120 124
8 36
40 44
41 115
106 109
77 81
13 17
19 23
64 67
68 71
48 124
37 117
9 106
72 77
30 85
122 125
101 105
37 116
2 30
79 82
13 16
9 35
54 60
11 37
10 36
61 85
117 121
72 76
3 27
70 75
29 86
56 60
57 117
115 119
3 28
33 119
89 94
54 59
21 24
33 117
36 106
59 63
29 32
32 61
74 77
63 66
58 86
10 61
122 126
57 118
7 36
59 62
32 86
8 105
69 80
8 34
28 83
44 47
15 68
86 90
21 80
12 104
28 85
20 23
34 117
36 115
87 90
18 66
7 105
45 123
43 46
62 83
16 20
119 122
55 125
4 99
6 32
45 49
30 86
14 68
30 89
6 33
60 63
20 24
118 122
77 80
33 57
31 89
5 32
27 82
38 113
67 70
33 116
41 45
3 101
6 31
18 69
15 19
32 57
5 35
38 112
90 94
29 83
41 114
56 126
40 114
70 73
10 35
24 82
33 118
18 68
58 87
56 118
39 43
46 49
76 79
31 86
39 115
58 62
55 59
