19 16
20 17
82 79
65 61
62 59
63 60
81 78
19 15
64 61
18 15
79 76
80 77
63 59
64 60
65 62
66 63
123 119
124 121
81 77
20 16
59 56
122 119
21 18
82 78
61 58
123 120
21 17
17 14
37 10
43 40
83 80
80 76
62 58
114 111
109 106
111 108
66 62
87 33
77 74
78 75
79 75
36 7
22 19
121 118
45 42
67 63
44 40
88 33
44 41
17 13
16 13
60 57
67 64
68 65
110 107
78 74
53 42
112 109
108 105
93 86
34 6
92 86
60 53
125 122
16 19
17 20
79 82
61 65
59 62
60 63
78 81
15 19
61 64
15 18
76 79
77 80
59 63
60 64
62 65
63 66
119 123
121 124
77 81
16 20
56 59
119 122
18 21
78 82
58 61
120 123
17 21
14 17
10 37
40 43
80 83
76 80
58 62
111 114
106 109
108 111
62 66
33 87
74 77
75 78
75 79
7 36
19 22
118 121
42 45
63 67
40 44
33 88
41 44
13 17
13 16
57 60
64 67
65 68
107 110
74 78
42 53
109 112
105 108
86 93
6 34
86 92
53 60
122 125
