37 10
29 17
59 56
34 6
62 59
65 61
84 26
53 42
27 20
89 30
93 86
29 5
92 86
88 33
82 23
19 15
64 14
83 21
80 62
85 61
36 7
60 42
60 53
85 32
17 3
19 16
13 5
57 32
16 8
101 20
65 17
87 33
80 66
67 63
82 79
43 40
35 10
28 2
123 119
61 17
81 78
82 26
30 2
79 22
81 62
72 66
67 22
79 76
120 37
35 13
80 69
117 61
63 52
60 37
17 13
102 8
79 69
9 6
35 5
61 29
35 9
72 69
44 40
57 33
10 37
17 29
56 59
6 34
59 62
61 65
26 84
42 53
20 27
30 89
86 93
5 29
86 92
33 88
23 82
15 19
14 64
21 83
62 80
61 85
7 36
42 60
53 60
32 85
3 17
16 19
5 13
32 57
8 16
20 101
17 65
33 87
66 80
63 67
79 82
40 43
10 35
2 28
119 123
17 61
78 81
26 82
2 30
22 79
62 81
66 72
22 67
76 79
37 120
13 35
69 80
61 117
52 63
37 60
13 17
8 102
69 79
6 9
5 35
29 61
9 35
69 72
40 44
33 57
