37 10
29 17
59 56
34 6
62 59
65 61
84 26
53 42
27 20
89 30
93 86
29 5
92 86
88 33
82 23
19 15
64 14
83 21
80 62
85 61
36 7
60 42
60 53
85 32
17 3
19 16
13 5
57 32
16 8
101 20
65 17
87 33
80 66
67 63
82 79
43 40
35 10
28 2
123 119
61 17
81 78
82 26
30 2
79 22
81 62
72 66
67 22
79 76
120 37
35 13
80 69
117 61
63 52
60 37
17 13
102 8
79 69
9 6
35 5
61 29
35 9
72 69
44 40
57 33
92 84
77 74
22 19
15 3
33 30
85 80
83 65
62 58
42 37
66 63
20 17
13 8
90 33
64 10
87 58
72 67
97 76
122 119
80 76
43 33
92 26
89 6
63 59
61 13
13 3
76 66
79 60
38 9
36 9
121 60
61 10
48 40
64 60
117 91
53 8
95 29
76 69
63 56
29 3
58 53
119 41
96 93
90 66
88 34
63 48
52 26
90 55
20 16
79 72
89 2
100 33
114 111
94 90
59 13
24 11
94 15
61 14
119 115
83 29
61 35
85 62
76 72
122 41
63 49
101 27
