62 59
19 16
20 17
65 61
63 59
29 17
81 78
63 60
66 63
64 61
19 15
79 76
18 15
80 77
62 58
37 10
82 79
84 26
53 42
65 62
20 16
64 60
85 32
67 63
27 20
43 40
60 42
89 30
64 14
123 119
34 6
82 23
13 5
60 53
88 33
92 86
29 5
21 17
80 62
17 3
93 86
59 56
83 21
81 77
82 78
57 32
17 13
80 76
101 20
65 17
61 17
87 33
44 40
80 66
79 75
17 14
22 19
124 121
72 66
122 119
21 18
16 8
36 7
28 2
35 10
123 120
66 62
82 26
61 58
67 22
77 74
60 37
35 9
44 41
85 61
67 64
78 75
83 80
18 14
81 62
79 69
68 65
30 2
121 118
36 9
16 13
72 69
78 74
79 22
45 42
60 57
124 120
125 121
80 69
35 13
72 67
76 73
119 116
13 3
120 117
15 12
63 52
92 84
111 108
15 3
114 111
57 33
115 112
35 5
83 79
126 123
110 107
29 3
120 37
36 8
108 105
22 18
125 122
122 118
87 58
75 72
14 11
58 53
88 34
77 73
38 9
96 93
37 9
112 109
59 62
16 19
17 20
61 65
59 63
17 29
78 81
60 63
63 66
61 64
15 19
76 79
15 18
77 80
58 62
10 37
79 82
26 84
42 53
62 65
16 20
60 64
32 85
63 67
20 27
40 43
42 60
30 89
14 64
119 123
6 34
23 82
5 13
53 60
33 88
86 92
5 29
17 21
62 80
3 17
86 93
56 59
21 83
77 81
78 82
32 57
13 17
76 80
20 101
17 65
17 61
33 87
40 44
66 80
75 79
14 17
19 22
121 124
66 72
119 122
18 21
8 16
7 36
2 28
10 35
120 123
62 66
26 82
58 61
22 67
74 77
37 60
9 35
41 44
61 85
64 67
75 78
80 83
14 18
62 81
69 79
65 68
2 30
118 121
9 36
13 16
69 72
74 78
22 79
42 45
57 60
120 124
121 125
69 80
13 35
67 72
73 76
116 119
3 13
117 120
12 15
52 63
84 92
108 111
3 15
111 114
33 57
112 115
5 35
79 83
123 126
107 110
3 29
37 120
8 36
105 108
18 22
122 125
118 122
58 87
72 75
11 14
53 58
34 88
73 77
9 38
93 96
9 37
109 112
