33 30
34 31
34 30
35 32
38 35
33 29
32 29
35 31
37 34
185 182
184 181
182 179
36 33
186 183
64 61
38 34
37 33
110 107
32 28
36 32
39 35
65 62
39 36
111 108
108 105
109 106
183 180
112 109
105 102
66 63
186 182
65 61
104 101
31 28
107 104
185 181
183 179
184 180
113 110
105 101
17 14
22 19
111 107
141 138
30 27
16 13
141 137
140 137
103 100
131 128
106 103
150 119
66 62
151 124
138 135
8 5
182 178
5 2
174 48
175 48
31 27
18 15
133 130
13 10
110 106
142 138
107 103
104 100
63 60
109 105
137 134
157 154
15 12
30 26
40 37
10 7
131 127
92 88
106 102
138 134
9 6
175 47
17 13
93 90
132 129
30 25
152 124
92 89
6 3
77 69
168 165
64 60
135 132
142 139
166 161
40 36
167 161
61 57
108 104
153 125
97 94
76 73
166 162
29 26
164 161
101 98
61 58
18 14
140 136
87 84
63 59
112 108
167 162
149 123
74 71
7 4
60 57
98 95
139 136
174 47
97 93
152 125
136 133
134 131
164 157
165 162
132 126
183 178
165 161
150 123
173 48
182 27
113 109
132 128
11 8
103 99
16 12
169 165
62 59
174 49
172 48
150 124
168 164
98 94
166 163
67 63
132 127
88 85
102 99
29 25
167 155
79 10
137 133
176 48
139 135
163 157
76 69
167 164
114 111
91 88
178 175
151 125
14 11
154 151
152 122
55 52
75 71
73 70
62 58
72 69
185 27
93 89
22 18
7 3
96 93
77 74
133 129
6 2
151 123
95 92
89 86
94 90
167 163
94 91
19 15
134 86
34 21
75 72
134 130
67 64
163 156
155 152
149 146
116 79
116 81
166 155
115 112
181 50
99 96
144 110
65 38
161 153
58 23
15 11
30 23
149 46
65 20
77 68
120 83
126 123
170 149
13 9
176 49
156 153
169 166
117 114
168 162
119 80
65 19
150 147
186 178
10 6
99 95
53 50
81 8
151 122
146 115
64 19
136 132
117 81
59 56
100 93
149 119
177 53
56 53
135 131
175 58
159 156
118 80
68 65
55 49
165 155
76 72
64 20
175 46
78 66
88 84
107 102
118 81
130 127
102 98
8 4
152 123
60 56
153 124
144 113
19 16
162 155
61 23
91 87
28 25
121 56
44 41
12 9
79 76
162 156
90 87
95 91
82 79
114 110
57 23
74 70
96 92
138 56
125 86
55 51
66 40
119 59
149 124
14 10
158 155
34 25
76 70
30 33
31 34
30 34
32 35
35 38
29 33
29 32
31 35
34 37
182 185
181 184
179 182
33 36
183 186
61 64
34 38
33 37
107 110
28 32
32 36
35 39
62 65
36 39
108 111
105 108
106 109
180 183
109 112
102 105
63 66
182 186
61 65
101 104
28 31
104 107
181 185
179 183
180 184
110 113
101 105
14 17
19 22
107 111
138 141
27 30
13 16
137 141
137 140
100 103
128 131
103 106
119 150
62 66
124 151
135 138
5 8
178 182
2 5
48 174
48 175
27 31
15 18
130 133
10 13
106 110
138 142
103 107
100 104
60 63
105 109
134 137
154 157
12 15
26 30
37 40
7 10
127 131
88 92
102 106
134 138
6 9
47 175
13 17
90 93
129 132
25 30
124 152
89 92
3 6
69 77
165 168
60 64
132 135
139 142
161 166
36 40
161 167
57 61
104 108
125 153
94 97
73 76
162 166
26 29
161 164
98 101
58 61
14 18
136 140
84 87
59 63
108 112
162 167
123 149
71 74
4 7
57 60
95 98
136 139
47 174
93 97
125 152
133 136
131 134
157 164
162 165
126 132
178 183
161 165
123 150
48 173
27 182
109 113
128 132
8 11
99 103
12 16
165 169
59 62
49 174
48 172
124 150
164 168
94 98
163 166
63 67
127 132
85 88
99 102
25 29
155 167
10 79
133 137
48 176
135 139
157 163
69 76
164 167
111 114
88 91
175 178
125 151
11 14
151 154
122 152
52 55
71 75
70 73
58 62
69 72
27 185
89 93
18 22
3 7
93 96
74 77
129 133
2 6
123 151
92 95
86 89
90 94
163 167
91 94
15 19
86 134
21 34
72 75
130 134
64 67
156 163
152 155
146 149
79 116
81 116
155 166
112 115
50 181
96 99
110 144
38 65
153 161
23 58
11 15
23 30
46 149
20 65
68 77
83 120
123 126
149 170
9 13
49 176
153 156
166 169
114 117
162 168
80 119
19 65
147 150
178 186
6 10
95 99
50 53
8 81
122 151
115 146
19 64
132 136
81 117
56 59
93 100
119 149
53 177
53 56
131 135
58 175
156 159
80 118
65 68
49 55
155 165
72 76
20 64
46 175
66 78
84 88
102 107
81 118
127 130
98 102
4 8
123 152
56 60
124 153
113 144
16 19
155 162
23 61
87 91
25 28
56 121
41 44
9 12
76 79
156 162
87 90
91 95
79 82
110 114
23 57
70 74
92 96
56 138
86 125
51 55
40 66
59 119
124 149
10 14
155 158
25 34
70 76
