150 119
182 179
166 161
174 48
170 149
149 123
134 86
79 10
181 50
131 90
175 58
34 30
58 23
82 60
175 47
17 13
97 93
139 106
30 25
182 27
37 34
61 23
138 56
153 125
172 48
119 80
140 137
38 34
144 110
81 8
167 162
152 124
166 162
77 69
185 27
151 124
161 153
137 134
152 122
65 38
186 178
30 23
157 154
119 59
59 47
22 19
184 180
177 53
167 164
139 135
62 33
34 31
65 61
58 37
111 107
168 164
168 165
58 33
87 84
183 178
144 113
110 107
131 128
113 110
101 98
167 155
64 61
91 88
61 57
131 127
164 157
38 35
116 81
132 126
5 2
92 89
138 82
138 134
14 9
176 48
166 127
142 138
97 94
141 137
120 85
33 30
61 20
137 133
184 181
35 31
32 29
78 66
34 21
35 32
76 73
127 90
16 13
13 10
34 25
108 105
55 49
172 167
107 102
39 35
142 60
149 145
138 135
65 34
141 138
92 88
144 68
125 86
148 59
57 23
123 46
68 42
116 79
64 19
32 28
64 22
31 27
29 26
149 46
135 132
173 29
168 162
164 161
104 100
118 106
118 109
153 124
185 182
176 28
165 162
177 58
182 176
108 79
134 131
105 101
121 56
105 102
135 86
173 36
162 123
100 93
82 56
65 20
143 44
88 85
105 83
170 46
80 59
61 22
148 117
30 27
167 161
169 165
133 130
74 71
147 106
107 104
118 105
178 175
109 81
149 44
45 33
29 25
154 48
6 3
76 69
186 24
64 18
109 106
60 57
120 83
64 60
37 33
150 124
53 50
116 109
105 88
64 20
169 137
183 180
152 125
80 63
146 115
97 90
155 152
183 177
169 141
117 63
145 110
108 104
67 40
66 40
165 153
177 50
124 48
163 157
121 55
147 118
148 62
43 36
58 47
100 97
6 2
179 50
182 178
104 3
166 155
58 30
132 127
117 66
15 12
161 155
93 90
36 32
145 106
13 5
150 121
172 43
126 123
147 140
99 95
154 46
122 56
144 115
60 56
17 14
140 133
65 19
116 78
22 18
113 78
56 51
44 41
112 79
156 48
111 108
185 181
73 70
133 129
72 69
61 30
176 26
182 24
154 151
108 81
152 51
30 26
151 46
18 15
62 45
55 52
125 51
133 123
153 48
117 114
165 155
63 59
103 99
106 102
67 42
39 36
167 124
163 156
175 53
52 49
19 14
98 95
101 94
167 160
56 47
140 136
176 49
169 152
171 32
169 122
148 45
8 5
185 180
58 29
119 150
179 182
161 166
48 174
149 170
123 149
86 134
10 79
50 181
90 131
58 175
30 34
23 58
60 82
47 175
13 17
93 97
106 139
25 30
27 182
34 37
23 61
56 138
125 153
48 172
80 119
137 140
34 38
110 144
8 81
162 167
124 152
162 166
69 77
27 185
124 151
153 161
134 137
122 152
38 65
178 186
23 30
154 157
59 119
47 59
19 22
180 184
53 177
164 167
135 139
33 62
31 34
61 65
37 58
107 111
164 168
165 168
33 58
84 87
178 183
113 144
107 110
128 131
110 113
98 101
155 167
61 64
88 91
57 61
127 131
157 164
35 38
81 116
126 132
2 5
89 92
82 138
134 138
9 14
48 176
127 166
138 142
94 97
137 141
85 120
30 33
20 61
133 137
181 184
31 35
29 32
66 78
21 34
32 35
73 76
90 127
13 16
10 13
25 34
105 108
49 55
167 172
102 107
35 39
60 142
145 149
135 138
34 65
138 141
88 92
68 144
86 125
59 148
23 57
46 123
42 68
79 116
19 64
28 32
22 64
27 31
26 29
46 149
132 135
29 173
162 168
161 164
100 104
106 118
109 118
124 153
182 185
28 176
162 165
58 177
176 182
79 108
131 134
101 105
56 121
102 105
86 135
36 173
123 162
93 100
56 82
20 65
44 143
85 88
83 105
46 170
59 80
22 61
117 148
27 30
161 167
165 169
130 133
71 74
106 147
104 107
105 118
175 178
81 109
44 149
33 45
25 29
48 154
3 6
69 76
24 186
18 64
106 109
57 60
83 120
60 64
33 37
124 150
50 53
109 116
88 105
20 64
137 169
180 183
125 152
63 80
115 146
90 97
152 155
177 183
141 169
63 117
110 145
104 108
40 67
40 66
153 165
50 177
48 124
157 163
55 121
118 147
62 148
36 43
47 58
97 100
2 6
50 179
178 182
3 104
155 166
30 58
127 132
66 117
12 15
155 161
90 93
32 36
106 145
5 13
121 150
43 172
123 126
140 147
95 99
46 154
56 122
115 144
56 60
14 17
133 140
19 65
78 116
18 22
78 113
51 56
41 44
79 112
48 156
108 111
181 185
70 73
129 133
69 72
30 61
26 176
24 182
151 154
81 108
51 152
26 30
46 151
15 18
45 62
52 55
51 125
123 133
48 153
114 117
155 165
59 63
99 103
102 106
42 67
36 39
124 167
156 163
53 175
49 52
14 19
95 98
94 101
160 167
47 56
136 140
49 176
152 169
32 171
122 169
45 148
5 8
180 185
29 58
