33 30
34 31
34 30
35 32
38 35
33 29
32 29
35 31
37 34
185 182
184 181
182 179
36 33
186 183
64 61
38 34
37 33
110 107
32 28
36 32
39 35
65 62
39 36
111 108
108 105
109 106
183 180
112 109
105 102
66 63
186 182
65 61
104 101
31 28
107 104
185 181
183 179
184 180
113 110
105 101
17 14
22 19
111 107
141 138
30 27
16 13
141 137
140 137
103 100
131 128
106 103
150 119
66 62
151 124
138 135
8 5
182 178
5 2
174 48
175 48
31 27
18 15
133 130
13 10
110 106
142 138
107 103
104 100
63 60
109 105
137 134
157 154
15 12
30 26
40 37
10 7
131 127
92 88
106 102
138 134
9 6
175 47
17 13
93 90
132 129
30 25
152 124
92 89
6 3
77 69
168 165
64 60
135 132
142 139
30 33
31 34
30 34
32 35
35 38
29 33
29 32
31 35
34 37
182 185
181 184
179 182
33 36
183 186
61 64
34 38
33 37
107 110
28 32
32 36
35 39
62 65
36 39
108 111
105 108
106 109
180 183
109 112
102 105
63 66
182 186
61 65
101 104
28 31
104 107
181 185
179 183
180 184
110 113
101 105
14 17
19 22
107 111
138 141
27 30
13 16
137 141
137 140
100 103
128 131
103 106
119 150
62 66
124 151
135 138
5 8
178 182
2 5
48 174
48 175
27 31
15 18
130 133
10 13
106 110
138 142
103 107
100 104
60 63
105 109
134 137
154 157
12 15
26 30
37 40
7 10
127 131
88 92
102 106
134 138
6 9
47 175
13 17
90 93
129 132
25 30
124 152
89 92
3 6
69 77
165 168
60 64
132 135
139 142
