150 119
182 179
166 161
174 48
170 149
149 123
134 86
79 10
181 50
131 90
175 58
34 30
58 23
82 60
175 47
17 13
97 93
139 106
30 25
182 27
37 34
61 23
138 56
153 125
172 48
119 80
140 137
38 34
144 110
81 8
167 162
152 124
166 162
77 69
185 27
151 124
161 153
137 134
152 122
65 38
186 178
30 23
157 154
119 59
59 47
22 19
184 180
177 53
167 164
139 135
62 33
34 31
65 61
58 37
111 107
168 164
168 165
58 33
87 84
183 178
144 113
110 107
131 128
113 110
101 98
167 155
64 61
91 88
61 57
131 127
164 157
38 35
116 81
132 126
5 2
92 89
138 82
138 134
14 9
176 48
166 127
142 138
97 94
141 137
120 85
33 30
61 20
137 133
184 181
35 31
32 29
78 66
34 21
35 32
