138 135
157 153
14 10
146 43
119 80
159 156
82 8
178 54
88 7
150 47
153 49
69 65
169 165
144 113
175 53
121 83
151 124
168 165
186 22
160 127
34 31
139 136
145 139
39 36
115 112
62 30
108 4
80 11
44 36
174 47
170 166
145 140
151 50
175 49
55 52
89 86
71 34
148 120
61 57
168 42
30 26
126 123
150 121
159 155
137 134
135 103
78 66
139 110
118 80
76 71
178 53
119 82
171 36
8 3
95 92
110 106
171 46
175 29
109 106
67 64
66 12
88 85
108 104
117 81
148 45
177 52
173 47
57 23
184 181
43 36
31 28
87 6
98 92
75 66
18 15
8 4
171 43
185 182
108 3
147 119
144 111
63 59
134 131
143 114
166 163
104 101
186 182
33 30
15 11
58 23
71 68
45 33
37 33
144 106
55 49
169 42
74 38
106 103
67 15
182 178
149 46
32 29
149 45
62 58
143 140
76 67
159 128
173 32
185 181
58 29
148 118
103 100
177 50
77 67
43 40
177 54
156 153
60 20
175 55
63 60
170 46
87 84
117 78
101 7
151 46
26 23
142 138
54 51
68 65
147 44
98 94
167 163
98 88
150 48
79 10
118 82
43 38
163 160
115 79
59 56
81 8
166 137
61 30
82 10
9 5
140 137
58 54
133 126
169 44
53 50
64 12
141 137
60 56
75 72
101 97
5 2
174 48
65 61
169 43
159 124
102 99
147 117
90 87
13 10
128 124
151 47
148 119
36 33
112 109
170 45
155 152
127 123
173 33
149 123
93 89
64 61
120 82
81 10
164 160
114 78
146 140
156 152
105 4
168 164
177 49
159 127
55 48
153 50
144 110
20 15
156 151
146 44
151 121
39 35
82 11
149 44
14 11
33 29
136 133
64 60
155 151
80 10
29 26
8 5
75 71
147 120
131 127
151 48
142 139
116 112
98 95
170 44
155 124
102 3
184 180
116 109
121 56
83 7
150 56
178 25
36 32
144 114
141 138
167 162
35 31
182 179
137 133
169 140
123 120
67 12
150 46
89 85
120 83
75 38
61 58
174 49
175 54
60 57
93 90
88 6
107 104
18 14
149 47
162 158
79 12
116 79
145 113
127 124
118 83
99 95
68 64
145 118
139 106
104 3
67 16
148 117
31 27
136 132
81 9
119 81
115 77
162 157
186 183
111 107
43 37
44 37
157 154
7 3
128 125
115 78
132 126
151 122
87 8
35 32
130 95
92 88
183 179
160 124
144 109
16 13
105 102
166 161
152 49
172 48
161 158
144 139
38 34
45 36
70 65
176 50
158 154
183 178
92 89
84 7
132 99
160 155
150 55
125 122
83 8
158 155
129 125
151 49
97 94
171 167
152 50
102 88
182 25
173 45
105 101
130 127
17 14
150 122
170 43
146 116
63 12
59 30
84 8
172 47
77 66
103 99
149 121
172 46
167 161
146 143
113 109
66 62
131 128
61 22
145 142
129 126
76 66
105 3
147 45
150 123
173 48
177 53
72 69
171 42
148 44
100 96
160 156
145 106
42 36
149 120
167 164
148 47
174 29
19 14
97 93
149 119
116 78
55 47
16 12
99 96
143 139
170 167
76 72
112 108
108 105
117 79
84 9
81 11
145 117
101 88
175 48
147 37
32 28
144 112
160 157
176 53
79 63
139 135
34 30
138 134
7 4
59 55
79 11
57 54
85 7
118 81
42 39
183 180
58 30
98 89
132 127
45 37
126 122
62 34
19 15
108 2
156 48
148 59
167 160
146 37
146 118
133 128
144 140
175 47
106 102
15 12
20 14
66 63
119 59
82 9
143 113
145 109
170 42
83 9
166 160
131 125
53 49
27 24
38 35
67 63
164 161
71 65
64 20
60 15
81 12
130 126
146 113
169 41
152 51
111 108
145 136
131 126
149 122
117 114
116 113
130 125
150 120
172 45
6 3
58 26
60 12
102 98
135 132
150 49
116 80
61 23
163 159
60 11
101 98
121 82
37 34
63 11
64 15
60 23
169 166
147 118
88 84
30 27
169 141
146 117
182 24
173 29
161 156
19 16
64 16
71 66
58 55
65 62
156 124
145 110
109 105
132 128
113 110
98 93
171 45
62 33
159 129
6 2
80 12
152 48
129 124
173 46
78 75
161 157
76 73
105 7
70 66
171 44
133 127
116 81
17 13
62 59
176 49
140 136
100 97
97 92
76 69
153 48
146 114
69 66
43 39
186 21
119 83
87 7
109 4
90 86
165 137
144 141
80 63
107 103
117 80
101 3
148 46
70 67
104 100
151 123
110 107
162 159
63 15
135 138
153 157
10 14
43 146
80 119
156 159
8 82
54 178
7 88
47 150
49 153
65 69
165 169
113 144
53 175
83 121
124 151
165 168
22 186
127 160
31 34
136 139
139 145
36 39
112 115
30 62
4 108
11 80
36 44
47 174
166 170
140 145
50 151
49 175
52 55
86 89
34 71
120 148
57 61
42 168
26 30
123 126
121 150
155 159
134 137
103 135
66 78
110 139
80 118
71 76
53 178
82 119
36 171
3 8
92 95
106 110
46 171
29 175
106 109
64 67
12 66
85 88
104 108
81 117
45 148
52 177
47 173
23 57
181 184
36 43
28 31
6 87
92 98
66 75
15 18
4 8
43 171
182 185
3 108
119 147
111 144
59 63
131 134
114 143
163 166
101 104
182 186
30 33
11 15
23 58
68 71
33 45
33 37
106 144
49 55
42 169
38 74
103 106
15 67
178 182
46 149
29 32
45 149
58 62
140 143
67 76
128 159
32 173
181 185
29 58
118 148
100 103
50 177
67 77
40 43
54 177
153 156
20 60
55 175
60 63
46 170
84 87
78 117
7 101
46 151
23 26
138 142
51 54
65 68
44 147
94 98
163 167
88 98
48 150
10 79
82 118
38 43
160 163
79 115
56 59
8 81
137 166
30 61
10 82
5 9
137 140
54 58
126 133
44 169
50 53
12 64
137 141
56 60
72 75
97 101
2 5
48 174
61 65
43 169
124 159
99 102
117 147
87 90
10 13
124 128
47 151
119 148
33 36
109 112
45 170
152 155
123 127
33 173
123 149
89 93
61 64
82 120
10 81
160 164
78 114
140 146
152 156
4 105
164 168
49 177
127 159
48 55
50 153
110 144
15 20
151 156
44 146
121 151
35 39
11 82
44 149
11 14
29 33
133 136
60 64
151 155
10 80
26 29
5 8
71 75
120 147
127 131
48 151
139 142
112 116
95 98
44 170
124 155
3 102
180 184
109 116
56 121
7 83
56 150
25 178
32 36
114 144
138 141
162 167
31 35
179 182
133 137
140 169
120 123
12 67
46 150
85 89
83 120
38 75
58 61
49 174
54 175
57 60
90 93
6 88
104 107
14 18
47 149
158 162
12 79
79 116
113 145
124 127
83 118
95 99
64 68
118 145
106 139
3 104
16 67
117 148
27 31
132 136
9 81
81 119
77 115
157 162
183 186
107 111
37 43
37 44
154 157
3 7
125 128
78 115
126 132
122 151
8 87
32 35
95 130
88 92
179 183
124 160
109 144
13 16
102 105
161 166
49 152
48 172
158 161
139 144
34 38
36 45
65 70
50 176
154 158
178 183
89 92
7 84
99 132
155 160
55 150
122 125
8 83
155 158
125 129
49 151
94 97
167 171
50 152
88 102
25 182
45 173
101 105
127 130
14 17
122 150
43 170
116 146
12 63
30 59
8 84
47 172
66 77
99 103
121 149
46 172
161 167
143 146
109 113
62 66
128 131
22 61
142 145
126 129
66 76
3 105
45 147
123 150
48 173
53 177
69 72
42 171
44 148
96 100
156 160
106 145
36 42
120 149
164 167
47 148
29 174
14 19
93 97
119 149
78 116
47 55
12 16
96 99
139 143
167 170
72 76
108 112
105 108
79 117
9 84
11 81
117 145
88 101
48 175
37 147
28 32
112 144
157 160
53 176
63 79
135 139
30 34
134 138
4 7
55 59
11 79
54 57
7 85
81 118
39 42
180 183
30 58
89 98
127 132
37 45
122 126
34 62
15 19
2 108
48 156
59 148
160 167
37 146
118 146
128 133
140 144
47 175
102 106
12 15
14 20
63 66
59 119
9 82
113 143
109 145
42 170
9 83
160 166
125 131
49 53
24 27
35 38
63 67
161 164
65 71
20 64
15 60
12 81
126 130
113 146
41 169
51 152
108 111
136 145
126 131
122 149
114 117
113 116
125 130
120 150
45 172
3 6
26 58
12 60
98 102
132 135
49 150
80 116
23 61
159 163
11 60
98 101
82 121
34 37
11 63
15 64
23 60
166 169
118 147
84 88
27 30
141 169
117 146
24 182
29 173
156 161
16 19
16 64
66 71
55 58
62 65
124 156
110 145
105 109
128 132
110 113
93 98
45 171
33 62
129 159
2 6
12 80
48 152
124 129
46 173
75 78
157 161
73 76
7 105
66 70
44 171
127 133
81 116
13 17
59 62
49 176
136 140
97 100
92 97
69 76
48 153
114 146
66 69
39 43
21 186
83 119
7 87
4 109
86 90
137 165
141 144
63 80
103 107
80 117
3 101
46 148
67 70
100 104
123 151
107 110
159 162
15 63
