90 56
46 42
147 57
152 146
150 146
47 39
167 83
47 41
115 78
130 35
171 87
82 78
49 39
52 49
171 167
54 51
53 48
109 105
48 42
150 34
51 37
85 81
169 155
58 53
173 152
90 58
169 153
119 40
149 58
144 59
126 121
49 37
50 37
70 67
129 125
105 44
90 85
120 101
105 43
151 145
119 94
154 141
74 63
105 101
89 59
172 169
33 30
52 48
103 100
118 93
79 76
116 93
92 53
85 82
119 48
83 80
58 54
93 63
107 104
142 61
119 92
115 82
106 103
171 84
147 88
165 162
90 81
117 90
149 54
89 57
170 89
94 40
58 50
73 61
145 60
168 165
157 69
140 67
145 35
166 163
111 107
50 38
115 81
152 57
104 65
167 163
154 143
173 57
173 146
124 121
110 106
94 62
38 35
80 76
142 73
111 71
83 79
171 168
149 55
79 75
93 74
156 141
108 43
130 38
50 35
106 102
104 63
145 58
101 43
149 145
153 144
164 76
130 62
107 74
139 136
117 42
107 70
88 85
151 143
81 78
164 80
101 41
119 42
166 161
115 85
158 69
91 77
91 59
144 57
113 108
103 99
118 43
74 61
91 81
112 109
151 29
168 164
77 61
172 168
166 77
94 60
130 126
118 108
86 83
154 151
166 155
117 53
143 132
167 84
78 75
103 66
109 75
33 29
138 98
146 55
146 57
109 106
127 96
140 98
143 130
82 79
69 61
121 96
128 40
169 144
167 161
139 66
114 78
113 78
58 35
131 123
92 48
126 38
140 69
60 35
127 123
