90 56
46 42
147 57
152 146
150 146
47 39
167 83
47 41
115 78
130 35
171 87
82 78
49 39
52 49
171 167
54 51
53 48
109 105
48 42
150 34
51 37
85 81
169 155
58 53
173 152
90 58
169 153
119 40
149 58
144 59
126 121
49 37
50 37
70 67
129 125
105 44
90 85
120 101
105 43
151 145
119 94
154 141
74 63
105 101
89 59
172 169
33 30
52 48
103 100
118 93
79 76
116 93
92 53
85 82
119 48
83 80
58 54
93 63
107 104
142 61
119 92
115 82
106 103
171 84
147 88
165 162
90 81
117 90
149 54
89 57
170 89
94 40
58 50
73 61
145 60
168 165
157 69
140 67
145 35
166 163
111 107
50 38
115 81
152 57
104 65
167 163
154 143
173 57
