83 80
109 106
85 82
105 102
82 78
79 76
85 81
81 78
172 169
80 77
78 75
83 79
106 103
84 81
173 170
109 105
107 104
82 79
80 76
128 125
84 80
110 107
104 101
129 126
77 74
110 106
129 125
171 167
171 168
105 101
81 77
76 73
144 59
52 49
172 168
103 100
106 102
70 67
47 39
173 169
108 105
78 74
168 165
49 39
79 75
152 146
108 104
130 127
77 73
107 103
111 107
169 153
167 164
90 56
48 42
90 58
48 40
130 35
130 126
52 48
119 40
111 108
167 83
169 166
171 87
169 155
119 94
46 41
173 152
115 78
150 34
86 83
170 167
86 82
45 42
72 69
74 71
147 57
75 72
151 145
116 93
48 39
169 165
118 93
73 70
154 143
104 100
76 72
128 124
54 51
58 53
150 146
170 166
89 57
127 124
168 164
154 141
49 38
166 163
126 121
89 59
156 141
90 57
93 63
105 43
50 38
142 61
120 101
50 37
91 59
71 68
149 146
47 42
105 44
53 50
48 41
33 30
90 59
145 58
150 145
144 57
144 58
45 41
89 58
145 60
119 92
146 57
74 70
165 162
112 109
94 62
103 99
173 57
75 71
74 63
90 85
27 24
157 69
51 37
149 58
56 53
112 108
47 41
117 93
49 37
73 69
72 68
152 145
147 88
117 42
167 163
149 54
87 84
108 43
140 67
104 65
38 35
124 121
92 60
131 128
149 55
33 29
53 48
115 81
58 54
94 40
149 145
93 61
49 40
115 82
28 25
127 123
153 144
67 64
73 61
25 22
145 57
119 48
88 85
117 90
101 41
171 84
117 91
71 67
93 62
90 81
19 16
111 71
166 162
151 144
26 23
145 35
118 94
151 146
89 56
155 142
170 89
88 57
143 59
114 78
50 40
146 55
14 11
131 127
58 50
57 54
142 73
18 15
94 61
119 42
23 20
46 42
93 74
166 161
154 142
37 34
70 66
173 146
144 60
58 55
152 57
20 17
152 144
145 59
24 21
130 62
47 40
87 83
92 53
91 58
142 59
119 95
69 66
92 58
88 56
89 85
107 70
139 136
165 161
34 31
17 14
11 8
164 76
53 49
117 92
119 93
94 63
158 69
126 123
134 131
50 35
94 60
101 43
120 41
104 63
118 42
150 32
32 29
103 65
10 7
138 98
92 61
118 92
139 66
80 83
106 109
82 85
102 105
78 82
76 79
81 85
78 81
169 172
77 80
75 78
79 83
103 106
81 84
170 173
105 109
104 107
79 82
76 80
125 128
80 84
107 110
101 104
126 129
74 77
106 110
125 129
167 171
168 171
101 105
77 81
73 76
59 144
49 52
168 172
100 103
102 106
67 70
39 47
169 173
105 108
74 78
165 168
39 49
75 79
146 152
104 108
127 130
73 77
103 107
107 111
153 169
164 167
56 90
42 48
58 90
40 48
35 130
126 130
48 52
40 119
108 111
83 167
166 169
87 171
155 169
94 119
41 46
152 173
78 115
34 150
83 86
167 170
82 86
42 45
69 72
71 74
57 147
72 75
145 151
93 116
39 48
165 169
93 118
70 73
143 154
100 104
72 76
124 128
51 54
53 58
146 150
166 170
57 89
124 127
164 168
141 154
38 49
163 166
121 126
59 89
141 156
57 90
63 93
43 105
38 50
61 142
101 120
37 50
59 91
68 71
146 149
42 47
44 105
50 53
41 48
30 33
59 90
58 145
145 150
57 144
58 144
41 45
58 89
60 145
92 119
57 146
70 74
162 165
109 112
62 94
99 103
57 173
71 75
63 74
85 90
24 27
69 157
37 51
58 149
53 56
108 112
41 47
93 117
37 49
69 73
68 72
145 152
88 147
42 117
163 167
54 149
84 87
43 108
67 140
65 104
35 38
121 124
60 92
128 131
55 149
29 33
48 53
81 115
54 58
40 94
145 149
61 93
40 49
82 115
25 28
123 127
144 153
64 67
61 73
22 25
57 145
48 119
85 88
90 117
41 101
84 171
91 117
67 71
62 93
81 90
16 19
71 111
162 166
144 151
23 26
35 145
94 118
146 151
56 89
142 155
89 170
57 88
59 143
78 114
40 50
55 146
11 14
127 131
50 58
54 57
73 142
15 18
61 94
42 119
20 23
42 46
74 93
161 166
142 154
34 37
66 70
146 173
60 144
55 58
57 152
17 20
144 152
59 145
21 24
62 130
40 47
83 87
53 92
58 91
59 142
95 119
66 69
58 92
56 88
85 89
70 107
136 139
161 165
31 34
14 17
8 11
76 164
49 53
92 117
93 119
63 94
69 158
123 126
131 134
35 50
60 94
43 101
41 120
63 104
42 118
32 150
29 32
65 103
7 10
98 138
61 92
92 118
66 139
