79 76
83 80
80 77
105 102
172 169
82 79
84 81
109 106
107 104
173 170
106 103
81 78
85 82
83 79
104 101
110 107
129 126
78 74
171 168
78 75
81 77
52 49
108 105
167 164
168 165
109 105
77 74
85 81
84 80
82 78
105 101
110 106
128 125
80 76
107 103
111 108
171 167
46 42
79 75
173 169
47 41
86 83
75 72
130 126
108 104
103 100
170 167
129 125
172 168
130 127
47 39
70 67
76 73
151 146
49 39
77 73
48 39
169 166
47 42
90 58
86 82
111 107
54 51
169 165
106 102
73 70
48 41
47 40
90 57
104 100
53 49
48 40
72 69
118 93
128 124
127 124
166 163
33 30
49 38
52 48
74 71
144 59
150 146
46 41
71 68
168 164
45 42
89 58
76 79
80 83
77 80
102 105
169 172
79 82
81 84
106 109
104 107
170 173
103 106
78 81
82 85
79 83
101 104
107 110
126 129
74 78
168 171
75 78
77 81
49 52
105 108
164 167
165 168
105 109
74 77
81 85
80 84
78 82
101 105
106 110
125 128
76 80
103 107
108 111
167 171
42 46
75 79
169 173
41 47
83 86
72 75
126 130
104 108
100 103
167 170
125 129
168 172
127 130
39 47
67 70
73 76
146 151
39 49
73 77
39 48
166 169
42 47
58 90
82 86
107 111
51 54
165 169
102 106
70 73
41 48
40 47
57 90
100 104
49 53
40 48
69 72
93 118
124 128
124 127
163 166
30 33
38 49
48 52
71 74
59 144
146 150
41 46
68 71
164 168
42 45
58 89
