83 80
109 106
85 82
105 102
82 78
79 76
85 81
81 78
172 169
80 77
78 75
83 79
106 103
84 81
173 170
109 105
107 104
82 79
80 76
128 125
84 80
110 107
104 101
129 126
77 74
110 106
129 125
171 167
171 168
105 101
81 77
76 73
144 59
52 49
172 168
103 100
106 102
70 67
47 39
173 169
108 105
78 74
168 165
49 39
79 75
152 146
108 104
130 127
77 73
107 103
111 107
169 153
167 164
90 56
48 42
90 58
48 40
130 35
130 126
52 48
119 40
111 108
167 83
169 166
171 87
169 155
119 94
46 41
173 152
115 78
150 34
86 83
170 167
86 82
45 42
72 69
74 71
147 57
75 72
151 145
116 93
48 39
169 165
118 93
73 70
154 143
104 100
76 72
128 124
54 51
58 53
150 146
170 166
89 57
127 124
168 164
154 141
49 38
166 163
126 121
89 59
156 141
90 57
93 63
105 43
50 38
142 61
120 101
50 37
91 59
71 68
149 146
47 42
105 44
53 50
48 41
33 30
90 59
145 58
150 145
144 57
144 58
45 41
89 58
145 60
119 92
146 57
74 70
165 162
112 109
94 62
103 99
173 57
75 71
74 63
90 85
27 24
157 69
51 37
149 58
56 53
112 108
47 41
117 93
49 37
73 69
72 68
152 145
147 88
117 42
167 163
149 54
87 84
108 43
140 67
104 65
38 35
124 121
92 60
131 128
149 55
33 29
53 48
115 81
58 54
94 40
149 145
93 61
49 40
115 82
28 25
127 123
153 144
67 64
73 61
25 22
80 83
106 109
82 85
102 105
78 82
76 79
81 85
78 81
169 172
77 80
75 78
79 83
103 106
81 84
170 173
105 109
104 107
79 82
76 80
125 128
80 84
107 110
101 104
126 129
74 77
106 110
125 129
167 171
168 171
101 105
77 81
73 76
59 144
49 52
168 172
100 103
102 106
67 70
39 47
169 173
105 108
74 78
165 168
39 49
75 79
146 152
104 108
127 130
73 77
103 107
107 111
153 169
164 167
56 90
42 48
58 90
40 48
35 130
126 130
48 52
40 119
108 111
83 167
166 169
87 171
155 169
94 119
41 46
152 173
78 115
34 150
83 86
167 170
82 86
42 45
69 72
71 74
57 147
72 75
145 151
93 116
39 48
165 169
93 118
70 73
143 154
100 104
72 76
124 128
51 54
53 58
146 150
166 170
57 89
124 127
164 168
141 154
38 49
163 166
121 126
59 89
141 156
57 90
63 93
43 105
38 50
61 142
101 120
37 50
59 91
68 71
146 149
42 47
44 105
50 53
41 48
30 33
59 90
58 145
145 150
57 144
58 144
41 45
58 89
60 145
92 119
57 146
70 74
162 165
109 112
62 94
99 103
57 173
71 75
63 74
85 90
24 27
69 157
37 51
58 149
53 56
108 112
41 47
93 117
37 49
69 73
68 72
145 152
88 147
42 117
163 167
54 149
84 87
43 108
67 140
65 104
35 38
121 124
60 92
128 131
55 149
29 33
48 53
81 115
54 58
40 94
145 149
61 93
40 49
82 115
25 28
123 127
144 153
64 67
61 73
22 25
