50 35
169 26
67 64
159 155
121 96
149 145
118 104
150 145
122 101
153 15
120 96
130 35
20 17
151 146
161 77
120 41
118 43
113 108
87 56
96 63
129 38
157 139
171 167
109 106
173 146
153 28
103 65
169 15
148 7
71 67
166 159
145 53
147 54
18 15
150 146
122 41
140 63
30 12
23 20
141 136
150 35
60 38
130 36
155 23
146 7
118 108
168 18
80 76
96 64
158 155
103 99
152 57
160 73
32 4
133 36
129 125
121 95
28 15
130 127
140 69
84 81
33 2
104 101
90 56
46 42
172 15
148 55
156 138
170 167
154 29
154 151
149 5
170 59
158 69
167 80
143 59
104 95
161 80
137 134
110 106
133 130
167 84
58 53
74 71
15 11
90 85
105 101
89 58
88 57
95 65
156 136
146 57
169 23
139 62
136 127
50 37
118 95
32 2
89 86
75 72
153 12
173 153
13 10
93 77
29 12
122 97
94 60
154 144
166 22
14 10
150 29
92 58
137 131
159 22
149 50
130 38
45 41
163 160
156 27
157 140
26 23
32 8
60 35
162 80
115 81
5 2
32 29
152 15
143 135
54 51
95 63
146 8
12 9
91 58
163 22
120 40
140 73
47 40
145 60
23 19
171 168
91 81
117 42
89 84
161 59
128 124
83 80
169 165
166 163
134 131
149 34
113 75
136 131
113 78
92 61
89 56
166 80
160 76
170 57
168 165
173 169
150 8
82 79
50 38
11 8
145 35
117 93
94 62
56 53
148 4
152 29
165 160
73 70
71 68
144 58
158 72
30 9
9 5
170 166
81 77
172 168
53 50
153 27
161 79
33 8
33 5
141 137
123 98
77 59
77 61
85 81
101 97
173 11
142 61
126 96
117 108
150 33
115 78
150 34
168 164
120 97
148 54
153 19
122 98
82 78
120 101
144 57
127 62
165 18
161 76
167 162
95 64
153 29
127 124
29 5
93 63
120 104
146 11
128 125
166 162
157 25
151 5
147 55
158 70
32 9
86 56
136 128
118 42
157 138
104 65
171 84
170 84
155 25
130 62
111 107
52 48
151 8
158 73
149 8
116 93
28 16
91 80
14 11
33 29
150 2
170 80
173 152
143 35
74 70
94 63
89 85
92 60
107 65
136 130
149 35
23 18
136 62
83 79
172 18
140 62
126 40
11 7
96 62
10 6
92 59
134 130
173 170
120 45
9 6
113 109
133 129
107 104
151 12
151 143
32 3
141 61
146 5
143 58
50 36
149 58
113 74
169 18
45 42
169 19
119 116
133 33
154 27
151 135
88 56
8 5
159 25
144 60
108 104
34 4
124 98
153 144
90 57
116 78
124 121
105 102
91 77
92 50
165 22
121 41
149 53
119 43
24 19
139 67
119 92
145 58
34 5
77 73
131 128
139 63
126 39
145 57
150 5
107 71
108 105
107 74
16 13
28 13
70 63
72 68
48 40
154 143
97 65
141 135
119 95
148 8
94 38
151 34
150 7
97 66
160 22
91 78
156 141
135 130
91 85
157 69
165 23
28 19
72 69
158 140
97 64
129 126
166 161
152 143
140 70
152 146
48 39
12 8
31 9
91 61
152 144
89 59
141 138
159 26
126 62
116 74
131 127
155 26
49 37
125 39
115 82
141 127
28 12
124 97
119 42
142 60
94 40
151 35
48 41
78 74
90 58
172 14
70 64
147 56
29 8
46 41
79 75
16 12
120 94
167 164
121 94
141 62
85 82
19 15
155 27
141 130
76 73
80 59
172 169
132 129
110 107
119 48
71 63
144 59
108 74
127 96
151 145
89 57
24 21
109 105
162 76
152 145
111 74
126 121
90 59
142 59
117 114
100 97
119 41
19 16
119 93
126 94
163 159
104 64
154 135
164 22
124 64
150 4
124 96
13 9
142 62
60 50
94 61
81 78
149 146
93 61
140 67
155 141
170 144
80 77
145 59
152 11
118 105
167 83
155 142
112 109
119 40
132 128
161 73
34 2
162 79
32 6
122 96
24 20
104 97
47 39
159 23
73 69
153 143
163 76
116 77
152 8
150 32
148 34
121 39
170 89
29 9
144 26
91 59
162 83
147 57
15 12
169 166
120 43
143 60
160 23
54 50
154 141
93 74
52 49
165 20
49 39
159 142
116 113
139 69
116 108
77 74
92 53
149 51
125 121
154 26
120 42
71 65
154 142
133 35
103 97
152 28
156 137
90 86
90 81
32 5
79 76
126 38
166 160
139 70
38 35
148 5
121 40
135 131
107 103
151 33
166 76
116 91
135 35
84 80
50 39
157 141
117 43
58 50
111 108
130 126
111 75
106 102
156 25
106 103
121 38
159 76
132 36
10 7
114 78
139 64
157 142
167 163
173 57
74 63
119 94
173 15
67 63
159 73
151 144
166 23
6 3
163 23
73 63
103 100
139 127
165 21
26 19
140 61
51 37
153 26
129 36
150 9
114 108
152 12
151 29
49 40
116 81
145 50
149 54
49 38
115 85
90 53
78 75
120 95
143 130
47 41
27 19
70 67
48 42
173 144
35 50
26 169
64 67
155 159
96 121
145 149
104 118
145 150
101 122
15 153
96 120
35 130
17 20
146 151
77 161
41 120
43 118
108 113
56 87
63 96
38 129
139 157
167 171
106 109
146 173
28 153
65 103
15 169
7 148
67 71
159 166
53 145
54 147
15 18
146 150
41 122
63 140
12 30
20 23
136 141
35 150
38 60
36 130
23 155
7 146
108 118
18 168
76 80
64 96
155 158
99 103
57 152
73 160
4 32
36 133
125 129
95 121
15 28
127 130
69 140
81 84
2 33
101 104
56 90
42 46
15 172
55 148
138 156
167 170
29 154
151 154
5 149
59 170
69 158
80 167
59 143
95 104
80 161
134 137
106 110
130 133
84 167
53 58
71 74
11 15
85 90
101 105
58 89
57 88
65 95
136 156
57 146
23 169
62 139
127 136
37 50
95 118
2 32
86 89
72 75
12 153
153 173
10 13
77 93
12 29
97 122
60 94
144 154
22 166
10 14
29 150
58 92
131 137
22 159
50 149
38 130
41 45
160 163
27 156
140 157
23 26
8 32
35 60
80 162
81 115
2 5
29 32
15 152
135 143
51 54
63 95
8 146
9 12
58 91
22 163
40 120
73 140
40 47
60 145
19 23
168 171
81 91
42 117
84 89
59 161
124 128
80 83
165 169
163 166
131 134
34 149
75 113
131 136
78 113
61 92
56 89
80 166
76 160
57 170
165 168
169 173
8 150
79 82
38 50
8 11
35 145
93 117
62 94
53 56
4 148
29 152
160 165
70 73
68 71
58 144
72 158
9 30
5 9
166 170
77 81
168 172
50 53
27 153
79 161
8 33
5 33
137 141
98 123
59 77
61 77
81 85
97 101
11 173
61 142
96 126
108 117
33 150
78 115
34 150
164 168
97 120
54 148
19 153
98 122
78 82
101 120
57 144
62 127
18 165
76 161
162 167
64 95
29 153
124 127
5 29
63 93
104 120
11 146
125 128
162 166
25 157
5 151
55 147
70 158
9 32
56 86
128 136
42 118
138 157
65 104
84 171
84 170
25 155
62 130
107 111
48 52
8 151
73 158
8 149
93 116
16 28
80 91
11 14
29 33
2 150
80 170
152 173
35 143
70 74
63 94
85 89
60 92
65 107
130 136
35 149
18 23
62 136
79 83
18 172
62 140
40 126
7 11
62 96
6 10
59 92
130 134
170 173
45 120
6 9
109 113
129 133
104 107
12 151
143 151
3 32
61 141
5 146
58 143
36 50
58 149
74 113
18 169
42 45
19 169
116 119
33 133
27 154
135 151
56 88
5 8
25 159
60 144
104 108
4 34
98 124
144 153
57 90
78 116
121 124
102 105
77 91
50 92
22 165
41 121
53 149
43 119
19 24
67 139
92 119
58 145
5 34
73 77
128 131
63 139
39 126
57 145
5 150
71 107
105 108
74 107
13 16
13 28
63 70
68 72
40 48
143 154
65 97
135 141
95 119
8 148
38 94
34 151
7 150
66 97
22 160
78 91
141 156
130 135
85 91
69 157
23 165
19 28
69 72
140 158
64 97
126 129
161 166
143 152
70 140
146 152
39 48
8 12
9 31
61 91
144 152
59 89
138 141
26 159
62 126
74 116
127 131
26 155
37 49
39 125
82 115
127 141
12 28
97 124
42 119
60 142
40 94
35 151
41 48
74 78
58 90
14 172
64 70
56 147
8 29
41 46
75 79
12 16
94 120
164 167
94 121
62 141
82 85
15 19
27 155
130 141
73 76
59 80
169 172
129 132
107 110
48 119
63 71
59 144
74 108
96 127
145 151
57 89
21 24
105 109
76 162
145 152
74 111
121 126
59 90
59 142
114 117
97 100
41 119
16 19
93 119
94 126
159 163
64 104
135 154
22 164
64 124
4 150
96 124
9 13
62 142
50 60
61 94
78 81
146 149
61 93
67 140
141 155
144 170
77 80
59 145
11 152
105 118
83 167
142 155
109 112
40 119
128 132
73 161
2 34
79 162
6 32
96 122
20 24
97 104
39 47
23 159
69 73
143 153
76 163
77 116
8 152
32 150
34 148
39 121
89 170
9 29
26 144
59 91
83 162
57 147
12 15
166 169
43 120
60 143
23 160
50 54
141 154
74 93
49 52
20 165
39 49
142 159
113 116
69 139
108 116
74 77
53 92
51 149
121 125
26 154
42 120
65 71
142 154
35 133
97 103
28 152
137 156
86 90
81 90
5 32
76 79
38 126
160 166
70 139
35 38
5 148
40 121
131 135
103 107
33 151
76 166
91 116
35 135
80 84
39 50
141 157
43 117
50 58
108 111
126 130
75 111
102 106
25 156
103 106
38 121
76 159
36 132
7 10
78 114
64 139
142 157
163 167
57 173
63 74
94 119
15 173
63 67
73 159
144 151
23 166
3 6
23 163
63 73
100 103
127 139
21 165
19 26
61 140
37 51
26 153
36 129
9 150
108 114
12 152
29 151
40 49
81 116
50 145
54 149
38 49
85 115
53 90
75 78
95 120
130 143
41 47
19 27
67 70
42 48
144 173
