125 76
28 6
135 95
47 41
35 32
160 95
135 30
128 125
196 192
62 34
157 123
47 14
124 120
41 11
129 79
56 29
119 98
29 9
180 30
21 7
95 30
46 43
58 51
53 50
198 187
58 48
121 71
42 11
114 111
100 63
60 44
49 45
142 139
125 72
192 189
32 11
126 79
119 96
75 71
29 18
54 50
180 28
20 17
54 51
26 7
31 9
161 139
197 99
76 72
130 79
42 39
29 7
197 8
121 72
126 94
190 24
96 64
91 52
197 137
18 9
41 32
78 60
39 11
207 204
129 76
61 8
73 70
45 40
40 34
62 35
77 40
13 10
197 97
195 186
137 97
182 137
50 46
196 189
41 31
201 180
195 188
125 121
99 8
23 19
99 61
81 34
43 15
97 61
48 44
44 33
24 21
183 5
35 11
79 75
137 61
137 99
197 182
130 126
163 140
60 48
62 32
197 61
81 40
39 35
137 8
185 164
117 113
122 96
62 33
51 31
154 116
145 141
58 52
47 9
94 82
78 33
147 142
182 61
50 18
210 207
58 31
122 75
118 64
54 19
196 21
191 187
126 122
166 163
209 205
94 78
118 66
134 123
211 207
182 99
56 27
27 22
27 4
74 71
41 14
129 125
162 139
133 127
99 63
21 16
24 20
63 35
192 16
122 62
210 204
134 131
13 8
16 9
47 11
199 6
180 6
60 33
48 31
210 205
147 119
189 21
47 31
157 134
147 115
153 120
65 35
209 206
97 8
81 77
192 47
122 78
61 10
157 127
88 48
56 22
98 64
180 92
164 137
77 74
121 75
52 48
118 71
196 18
82 79
53 49
182 97
174 171
63 8
65 38
134 126
121 117
128 76
190 20
82 78
77 32
54 22
53 46
148 116
146 142
169 163
136 123
50 47
94 30
26 21
59 30
61 32
123 96
127 124
127 123
197 63
192 21
78 62
134 127
199 8
208 57
189 24
184 175
162 97
144 140
30 9
142 138
175 143
88 82
114 110
164 139
74 64
96 78
191 182
126 91
74 62
82 33
198 184
94 62
182 8
162 99
21 9
200 183
25 22
201 179
125 75
118 65
65 62
82 48
47 18
77 62
128 124
119 64
199 28
137 63
196 13
122 119
132 90
164 61
90 52
161 143
198 5
162 138
75 72
153 117
93 90
213 209
139 100
49 19
87 82
186 163
203 180
156 120
23 20
160 60
198 189
124 89
198 26
123 78
143 138
148 143
61 13
57 51
199 180
161 138
80 76
199 160
159 138
148 112
164 99
68 65
54 9
44 31
118 96
142 100
39 32
31 11
142 98
180 135
121 70
32 27
189 7
122 64
152 120
56 26
162 137
77 73
179 158
209 20
192 18
199 187
213 210
164 8
197 10
58 44
181 60
178 163
29 25
126 13
129 80
141 100
88 52
210 206
154 143
70 66
125 79
183 165
169 166
91 88
25 9
50 22
196 181
