75 72
127 124
48 45
126 122
128 125
52 49
74 71
53 50
81 77
22 19
80 77
127 123
124 120
54 51
49 46
128 124
126 123
81 78
142 139
125 122
49 45
50 47
50 46
82 79
124 121
51 48
73 70
114 111
76 73
24 21
52 48
23 20
23 19
76 72
77 74
48 44
53 49
125 121
75 71
79 76
77 73
54 50
125 76
115 112
47 44
79 75
157 123
129 126
74 70
135 95
78 75
46 43
82 78
160 95
117 113
24 20
210 207
28 6
47 41
196 192
144 141
80 76
35 32
116 113
42 11
58 48
117 114
51 47
192 189
125 72
122 119
29 9
20 17
62 35
129 125
58 51
119 96
209 206
25 22
56 29
135 30
207 204
121 71
119 98
144 140
62 34
180 28
198 187
197 8
78 74
123 119
123 120
25 21
21 7
143 140
39 11
41 11
13 10
196 189
145 142
29 7
195 188
126 79
118 115
22 18
180 30
47 14
197 137
72 75
124 127
45 48
122 126
125 128
49 52
71 74
50 53
77 81
19 22
77 80
123 127
120 124
51 54
46 49
124 128
123 126
78 81
139 142
122 125
45 49
47 50
46 50
79 82
121 124
48 51
70 73
111 114
73 76
21 24
48 52
20 23
19 23
72 76
74 77
44 48
49 53
121 125
71 75
76 79
73 77
50 54
76 125
112 115
44 47
75 79
123 157
126 129
70 74
95 135
75 78
43 46
78 82
95 160
113 117
20 24
207 210
6 28
41 47
192 196
141 144
76 80
32 35
113 116
11 42
48 58
114 117
47 51
189 192
72 125
119 122
9 29
17 20
35 62
125 129
51 58
96 119
206 209
22 25
29 56
30 135
204 207
71 121
98 119
140 144
34 62
28 180
187 198
8 197
74 78
119 123
120 123
21 25
7 21
140 143
11 39
11 41
10 13
189 196
142 145
7 29
188 195
79 126
115 118
18 22
30 180
14 47
137 197
