77 62
47 44
80 77
190 17
110 67
56 21
214 93
90 52
192 17
161 138
25 5
197 8
104 67
160 95
136 119
208 205
181 162
185 182
30 8
193 14
152 116
63 32
210 206
196 13
118 115
51 21
180 30
97 32
189 24
146 108
95 60
26 6
43 11
40 34
142 139
134 75
125 71
78 33
49 46
212 208
73 70
131 127
199 30
122 72
179 159
142 138
82 33
158 135
114 109
20 17
63 34
212 93
187 184
59 48
40 33
147 143
68 37
126 122
63 35
14 9
44 33
146 110
195 185
43 10
138 98
169 166
126 75
93 85
179 158
94 30
172 143
202 181
130 94
175 161
198 189
133 123
53 18
117 114
50 46
90 57
79 75
29 9
142 106
77 74
199 28
80 76
122 74
108 105
95 62
125 72
201 4
130 93
60 30
30 9
212 92
153 150
143 138
118 114
193 15
138 99
174 153
94 84
159 136
31 10
128 125
181 161
62 35
49 45
89 57
158 93
178 160
202 178
169 163
200 2
25 22
170 166
68 36
199 180
115 66
94 85
198 184
212 209
56 22
108 67
212 57
197 9
73 69
60 31
101 67
157 96
58 52
192 16
199 182
82 44
142 100
23 20
214 131
98 64
121 118
75 62
47 9
122 71
97 62
181 169
139 99
28 4
56 52
42 11
82 79
183 163
97 63
41 32
108 65
191 18
74 36
78 75
182 160
119 115
147 119
123 119
176 154
157 134
78 34
214 210
54 21
78 74
214 132
162 138
157 133
82 48
170 163
68 65
180 158
201 27
13 9
94 61
194 188
92 57
208 203
197 185
53 49
28 5
192 21
196 9
141 100
159 135
43 15
52 49
147 112
74 70
53 50
119 116
21 17
211 207
156 123
114 111
192 189
190 21
92 85
189 26
160 138
137 61
114 110
191 16
30 7
190 20
133 127
12 9
202 179
192 20
155 152
56 26
202 177
47 43
92 58
201 180
108 66
110 66
60 48
147 144
199 181
61 31
137 95
178 169
208 204
26 22
55 18
174 143
150 147
211 158
44 32
13 10
78 60
47 31
94 60
134 94
65 35
55 52
126 123
54 22
157 136
166 163
43 13
95 61
172 159
197 184
158 133
129 76
74 64
90 55
134 95
97 61
156 153
56 51
149 144
157 135
52 48
205 4
137 30
106 101
47 29
74 65
28 6
132 85
108 101
40 35
23 19
153 136
210 207
60 44
195 186
183 165
43 32
25 21
84 79
118 66
144 140
121 71
29 26
61 8
190 23
92 28
48 33
77 38
21 16
160 137
43 31
146 143
44 41
208 28
95 30
26 5
22 18
59 28
172 140
58 29
39 34
60 32
69 65
199 5
91 87
125 76
137 96
94 78
182 163
127 123
200 6
153 123
83 79
150 112
69 37
182 164
137 98
41 11
177 171
91 57
54 50
136 95
125 79
24 21
115 110
173 149
135 96
31 8
181 160
138 97
56 18
109 67
58 48
65 36
197 182
201 3
39 36
110 107
150 116
192 7
92 30
142 99
214 87
71 66
125 75
209 57
172 144
153 119
196 7
76 73
135 92
174 149
175 171
119 98
198 183
200 181
198 6
121 70
57 28
191 24
58 31
129 126
137 97
54 51
32 9
24 20
83 34
171 140
134 122
132 94
62 36
83 80
51 48
115 108
127 124
207 201
194 13
91 58
180 137
200 180
46 43
59 29
16 9
44 31
198 7
175 172
83 62
160 135
137 99
74 34
58 28
130 84
139 100
171 161
208 27
174 151
59 31
122 64
174 154
134 123
115 111
22 19
142 98
77 69
161 140
148 145
84 60
150 143
94 83
201 28
198 5
119 96
119 71
32 10
161 139
211 179
90 58
41 10
196 192
135 93
178 159
132 93
32 8
204 4
118 110
199 183
179 160
91 59
74 62
79 76
58 51
83 78
116 112
99 63
135 95
63 36
60 34
173 151
21 7
185 164
144 141
193 13
60 33
209 206
104 101
81 77
90 56
149 143
189 21
146 107
126 78
95 92
54 18
200 183
83 59
32 11
131 85
124 121
201 6
135 94
134 126
96 61
98 66
201 179
174 152
203 3
132 126
57 29
128 124
200 5
198 182
26 7
145 106
189 7
124 120
145 107
183 169
105 101
200 3
54 19
208 57
81 34
112 107
123 120
122 75
196 189
99 64
126 94
73 37
29 7
133 93
115 107
108 104
194 187
130 83
197 7
201 5
77 73
82 34
120 117
62 34
43 9
134 127
136 98
91 85
109 66
148 144
130 79
109 105
31 9
134 96
83 33
200 4
83 60
69 36
63 39
199 8
39 35
16 13
65 37
154 151
59 30
75 72
91 86
58 30
81 33
172 149
182 162
212 87
189 20
29 6
130 85
123 96
203 4
129 125
125 121
181 178
136 96
174 150
62 33
156 133
101 65
76 72
145 141
95 59
121 72
213 89
29 8
208 4
51 47
196 188
125 122
148 112
126 79
116 113
199 6
146 142
117 113
122 96
121 117
81 78
51 18
132 127
153 120
199 7
160 30
157 123
146 106
198 187
182 137
120 116
71 64
48 31
43 16
170 140
209 205
115 112
50 47
57 27
82 60
191 17
74 37
55 51
146 115
61 33
214 211
27 6
123 75
184 165
192 9
43 14
180 161
77 34
107 101
202 180
180 135
209 89
129 79
56 28
180 160
134 93
121 75
191 21
50 18
29 21
77 36
212 91
171 159
162 137
147 115
162 99
163 139
211 208
178 161
41 31
211 92
61 32
175 159
176 155
27 5
14 11
74 68
212 89
170 161
106 100
195 187
147 116
182 8
146 112
26 21
124 75
122 119
213 87
177 159
64 36
143 139
48 44
130 127
94 59
211 93
213 210
51 29
207 204
205 27
91 88
51 31
169 161
190 24
135 61
96 64
41 35
74 69
184 164
81 40
175 154
41 33
93 59
94 62
197 187
160 136
58 47
50 16
118 71
192 13
47 16
183 164
77 37
199 160
91 52
75 71
82 78
118 70
178 171
61 30
48 45
41 34
74 71
47 18
97 64
55 22
122 118
78 62
178 175
129 75
96 62
145 142
21 18
176 159
156 152
56 29
207 203
191 20
56 27
213 209
182 161
130 126
183 166
162 139
124 72
158 136
35 32
163 140
92 59
208 201
175 153
143 140
192 188
196 187
181 163
129 84
27 4
212 90
180 159
126 96
179 135
157 153
44 40
62 77
44 47
77 80
17 190
67 110
21 56
93 214
52 90
17 192
138 161
5 25
8 197
67 104
95 160
119 136
205 208
162 181
182 185
8 30
14 193
116 152
32 63
206 210
13 196
115 118
21 51
30 180
32 97
24 189
108 146
60 95
6 26
11 43
34 40
139 142
75 134
71 125
33 78
46 49
208 212
70 73
127 131
30 199
72 122
159 179
138 142
33 82
135 158
109 114
17 20
34 63
93 212
184 187
48 59
33 40
143 147
37 68
122 126
35 63
9 14
33 44
110 146
185 195
10 43
98 138
166 169
75 126
85 93
158 179
30 94
143 172
181 202
94 130
161 175
189 198
123 133
18 53
114 117
46 50
57 90
75 79
9 29
106 142
74 77
28 199
76 80
74 122
105 108
62 95
72 125
4 201
93 130
30 60
9 30
92 212
150 153
138 143
114 118
15 193
99 138
153 174
84 94
136 159
10 31
125 128
161 181
35 62
45 49
57 89
93 158
160 178
178 202
163 169
2 200
22 25
166 170
36 68
180 199
66 115
85 94
184 198
209 212
22 56
67 108
57 212
9 197
69 73
31 60
67 101
96 157
52 58
16 192
182 199
44 82
100 142
20 23
131 214
64 98
118 121
62 75
9 47
71 122
62 97
169 181
99 139
4 28
52 56
11 42
79 82
163 183
63 97
32 41
65 108
18 191
36 74
75 78
160 182
115 119
119 147
119 123
154 176
134 157
34 78
210 214
21 54
74 78
132 214
138 162
133 157
48 82
163 170
65 68
158 180
27 201
9 13
61 94
188 194
57 92
203 208
185 197
49 53
5 28
21 192
9 196
100 141
135 159
15 43
49 52
112 147
70 74
50 53
116 119
17 21
207 211
123 156
111 114
189 192
21 190
85 92
26 189
138 160
61 137
110 114
16 191
7 30
20 190
127 133
9 12
179 202
20 192
152 155
26 56
177 202
43 47
58 92
180 201
66 108
66 110
48 60
144 147
181 199
31 61
95 137
169 178
204 208
22 26
18 55
143 174
147 150
158 211
32 44
10 13
60 78
31 47
60 94
94 134
35 65
52 55
123 126
22 54
136 157
163 166
13 43
61 95
159 172
184 197
133 158
76 129
64 74
55 90
95 134
61 97
153 156
51 56
144 149
135 157
48 52
4 205
30 137
101 106
29 47
65 74
6 28
85 132
101 108
35 40
19 23
136 153
207 210
44 60
186 195
165 183
32 43
21 25
79 84
66 118
140 144
71 121
26 29
8 61
23 190
28 92
33 48
38 77
16 21
137 160
31 43
143 146
41 44
28 208
30 95
5 26
18 22
28 59
140 172
29 58
34 39
32 60
65 69
5 199
87 91
76 125
96 137
78 94
163 182
123 127
6 200
123 153
79 83
112 150
37 69
164 182
98 137
11 41
171 177
57 91
50 54
95 136
79 125
21 24
110 115
149 173
96 135
8 31
160 181
97 138
18 56
67 109
48 58
36 65
182 197
3 201
36 39
107 110
116 150
7 192
30 92
99 142
87 214
66 71
75 125
57 209
144 172
119 153
7 196
73 76
92 135
149 174
171 175
98 119
183 198
181 200
6 198
70 121
28 57
24 191
31 58
126 129
97 137
51 54
9 32
20 24
34 83
140 171
122 134
94 132
36 62
80 83
48 51
108 115
124 127
201 207
13 194
58 91
137 180
180 200
43 46
29 59
9 16
31 44
7 198
172 175
62 83
135 160
99 137
34 74
28 58
84 130
100 139
161 171
27 208
151 174
31 59
64 122
154 174
123 134
111 115
19 22
98 142
69 77
140 161
145 148
60 84
143 150
83 94
28 201
5 198
96 119
71 119
10 32
139 161
179 211
58 90
10 41
192 196
93 135
159 178
93 132
8 32
4 204
110 118
183 199
160 179
59 91
62 74
76 79
51 58
78 83
112 116
63 99
95 135
36 63
34 60
151 173
7 21
164 185
141 144
13 193
33 60
206 209
101 104
77 81
56 90
143 149
21 189
107 146
78 126
92 95
18 54
183 200
59 83
11 32
85 131
121 124
6 201
94 135
126 134
61 96
66 98
179 201
152 174
3 203
126 132
29 57
124 128
5 200
182 198
7 26
106 145
7 189
120 124
107 145
169 183
101 105
3 200
19 54
57 208
34 81
107 112
120 123
75 122
189 196
64 99
94 126
37 73
7 29
93 133
107 115
104 108
187 194
83 130
7 197
5 201
73 77
34 82
117 120
34 62
9 43
127 134
98 136
85 91
66 109
144 148
79 130
105 109
9 31
96 134
33 83
4 200
60 83
36 69
39 63
8 199
35 39
13 16
37 65
151 154
30 59
72 75
86 91
30 58
33 81
149 172
162 182
87 212
20 189
6 29
85 130
96 123
4 203
125 129
121 125
178 181
96 136
150 174
33 62
133 156
65 101
72 76
141 145
59 95
72 121
89 213
8 29
4 208
47 51
188 196
122 125
112 148
79 126
113 116
6 199
142 146
113 117
96 122
117 121
78 81
18 51
127 132
120 153
7 199
30 160
123 157
106 146
187 198
137 182
116 120
64 71
31 48
16 43
140 170
205 209
112 115
47 50
27 57
60 82
17 191
37 74
51 55
115 146
33 61
211 214
6 27
75 123
165 184
9 192
14 43
161 180
34 77
101 107
180 202
135 180
89 209
79 129
28 56
160 180
93 134
75 121
21 191
18 50
21 29
36 77
91 212
159 171
137 162
115 147
99 162
139 163
208 211
161 178
31 41
92 211
32 61
159 175
155 176
5 27
11 14
68 74
89 212
161 170
100 106
187 195
116 147
8 182
112 146
21 26
75 124
119 122
87 213
159 177
36 64
139 143
44 48
127 130
59 94
93 211
210 213
29 51
204 207
27 205
88 91
31 51
161 169
24 190
61 135
64 96
35 41
69 74
164 184
40 81
154 175
33 41
59 93
62 94
187 197
136 160
47 58
16 50
71 118
13 192
16 47
164 183
37 77
160 199
52 91
71 75
78 82
70 118
171 178
30 61
45 48
34 41
71 74
18 47
64 97
22 55
118 122
62 78
175 178
75 129
62 96
142 145
18 21
159 176
152 156
29 56
203 207
20 191
27 56
209 213
161 182
126 130
166 183
139 162
72 124
136 158
32 35
140 163
59 92
201 208
153 175
140 143
188 192
187 196
163 181
84 129
4 27
90 212
159 180
96 126
135 179
153 157
40 44
