125 76
28 6
135 95
47 41
35 32
160 95
135 30
128 125
196 192
62 34
157 123
47 14
124 120
41 11
129 79
56 29
119 98
29 9
180 30
21 7
95 30
46 43
58 51
53 50
198 187
58 48
121 71
42 11
114 111
100 63
60 44
49 45
142 139
125 72
192 189
32 11
126 79
119 96
75 71
29 18
54 50
180 28
20 17
54 51
26 7
31 9
161 139
197 99
76 72
130 79
42 39
29 7
197 8
121 72
126 94
190 24
96 64
91 52
197 137
18 9
41 32
78 60
39 11
207 204
129 76
61 8
73 70
45 40
40 34
62 35
77 40
13 10
197 97
195 186
137 97
182 137
50 46
196 189
41 31
201 180
195 188
125 121
99 8
23 19
99 61
81 34
43 15
97 61
48 44
44 33
24 21
183 5
35 11
79 75
137 61
137 99
197 182
130 126
163 140
60 48
62 32
197 61
81 40
39 35
137 8
185 164
117 113
122 96
76 125
6 28
95 135
41 47
32 35
95 160
30 135
125 128
192 196
34 62
123 157
14 47
120 124
11 41
79 129
29 56
98 119
9 29
30 180
7 21
30 95
43 46
51 58
50 53
187 198
48 58
71 121
11 42
111 114
63 100
44 60
45 49
139 142
72 125
189 192
11 32
79 126
96 119
71 75
18 29
50 54
28 180
17 20
51 54
7 26
9 31
139 161
99 197
72 76
79 130
39 42
7 29
8 197
72 121
94 126
24 190
64 96
52 91
137 197
9 18
32 41
60 78
11 39
204 207
76 129
8 61
70 73
40 45
34 40
35 62
40 77
10 13
97 197
186 195
97 137
137 182
46 50
189 196
31 41
180 201
188 195
121 125
8 99
19 23
61 99
34 81
15 43
61 97
44 48
33 44
21 24
5 183
11 35
75 79
61 137
99 137
182 197
126 130
140 163
48 60
32 62
61 197
40 81
35 39
8 137
164 185
113 117
96 122
