75 72
127 124
48 45
126 122
128 125
52 49
74 71
53 50
81 77
22 19
80 77
127 123
124 120
54 51
49 46
128 124
126 123
81 78
142 139
125 122
49 45
50 47
50 46
82 79
124 121
51 48
73 70
114 111
76 73
24 21
52 48
23 20
23 19
76 72
77 74
48 44
53 49
125 121
75 71
79 76
77 73
54 50
125 76
115 112
47 44
79 75
157 123
129 126
74 70
135 95
78 75
46 43
82 78
160 95
117 113
24 20
210 207
28 6
47 41
196 192
144 141
80 76
35 32
116 113
42 11
58 48
117 114
51 47
192 189
125 72
122 119
29 9
20 17
62 35
129 125
58 51
119 96
209 206
25 22
56 29
135 30
207 204
121 71
119 98
144 140
62 34
180 28
198 187
197 8
78 74
123 119
123 120
25 21
21 7
143 140
39 11
41 11
13 10
196 189
145 142
29 7
195 188
126 79
118 115
22 18
180 30
47 14
197 137
100 63
21 18
211 208
96 64
70 67
61 8
26 7
32 11
95 30
115 111
126 94
129 79
60 44
39 35
197 97
130 126
41 32
99 63
55 52
208 205
114 110
41 31
91 52
129 76
29 18
94 78
162 139
201 180
42 39
161 139
58 52
145 141
30 9
146 143
47 43
18 9
146 142
73 69
83 79
21 17
121 72
130 79
37 34
55 51
58 31
209 205
197 99
38 35
142 138
39 36
143 139
190 24
62 32
119 116
210 206
195 186
183 5
31 9
40 34
71 68
97 61
185 164
35 11
163 140
176 173
116 112
130 127
174 171
120 117
154 116
211 207
197 61
137 97
199 6
212 209
182 137
69 66
36 33
51 31
56 27
50 18
63 35
97 62
197 182
137 61
77 40
60 48
83 80
47 9
187 184
43 15
94 82
213 210
16 9
27 22
62 33
78 33
26 22
99 8
21 16
61 10
195 192
122 96
189 21
119 115
60 33
137 99
54 19
118 64
162 97
45 40
121 118
122 118
78 60
97 63
147 142
39 34
121 75
195 187
54 22
65 35
175 172
99 61
31 11
157 134
56 22
81 40
182 61
137 8
26 21
57 51
47 31
191 187
125 75
30 8
214 211
162 138
13 8
93 90
196 193
208 204
118 66
61 32
212 208
189 24
166 163
29 8
20 16
94 30
192 16
122 75
121 117
153 120
118 114
98 64
176 172
198 6
81 34
13 9
72 69
134 131
182 99
155 152
123 96
44 33
84 81
197 187
193 190
196 187
48 31
86 82
162 140
28 7
161 138
134 123
86 83
38 34
197 7
60 31
207 203
201 179
210 204
153 116
195 189
147 143
196 21
91 88
55 22
199 8
128 76
129 80
59 30
61 33
59 31
177 174
68 65
57 53
180 6
194 188
70 66
210 205
56 52
47 42
147 119
40 37
98 63
213 209
124 76
94 62
37 33
177 173
72 68
157 154
131 128
182 97
194 191
97 8
72 75
124 127
45 48
122 126
125 128
49 52
71 74
50 53
77 81
19 22
77 80
123 127
120 124
51 54
46 49
124 128
123 126
78 81
139 142
122 125
45 49
47 50
46 50
79 82
121 124
48 51
70 73
111 114
73 76
21 24
48 52
20 23
19 23
72 76
74 77
44 48
49 53
121 125
71 75
76 79
73 77
50 54
76 125
112 115
44 47
75 79
123 157
126 129
70 74
95 135
75 78
43 46
78 82
95 160
113 117
20 24
207 210
6 28
41 47
192 196
141 144
76 80
32 35
113 116
11 42
48 58
114 117
47 51
189 192
72 125
119 122
9 29
17 20
35 62
125 129
51 58
96 119
206 209
22 25
29 56
30 135
204 207
71 121
98 119
140 144
34 62
28 180
187 198
8 197
74 78
119 123
120 123
21 25
7 21
140 143
11 39
11 41
10 13
189 196
142 145
7 29
188 195
79 126
115 118
18 22
30 180
14 47
137 197
63 100
18 21
208 211
64 96
67 70
8 61
7 26
11 32
30 95
111 115
94 126
79 129
44 60
35 39
97 197
126 130
32 41
63 99
52 55
205 208
110 114
31 41
52 91
76 129
18 29
78 94
139 162
180 201
39 42
139 161
52 58
141 145
9 30
143 146
43 47
9 18
142 146
69 73
79 83
17 21
72 121
79 130
34 37
51 55
31 58
205 209
99 197
35 38
138 142
36 39
139 143
24 190
32 62
116 119
206 210
186 195
5 183
9 31
34 40
68 71
61 97
164 185
11 35
140 163
173 176
112 116
127 130
171 174
117 120
116 154
207 211
61 197
97 137
6 199
209 212
137 182
66 69
33 36
31 51
27 56
18 50
35 63
62 97
182 197
61 137
40 77
48 60
80 83
9 47
184 187
15 43
82 94
210 213
9 16
22 27
33 62
33 78
22 26
8 99
16 21
10 61
192 195
96 122
21 189
115 119
33 60
99 137
19 54
64 118
97 162
40 45
118 121
118 122
60 78
63 97
142 147
34 39
75 121
187 195
22 54
35 65
172 175
61 99
11 31
134 157
22 56
40 81
61 182
8 137
21 26
51 57
31 47
187 191
75 125
8 30
211 214
138 162
8 13
90 93
193 196
204 208
66 118
32 61
208 212
24 189
163 166
8 29
16 20
30 94
16 192
75 122
117 121
120 153
114 118
64 98
172 176
6 198
34 81
9 13
69 72
131 134
99 182
152 155
96 123
33 44
81 84
187 197
190 193
187 196
31 48
82 86
140 162
7 28
138 161
123 134
83 86
34 38
7 197
31 60
203 207
179 201
204 210
116 153
189 195
143 147
21 196
88 91
22 55
8 199
76 128
80 129
30 59
33 61
31 59
174 177
65 68
53 57
6 180
188 194
66 70
205 210
52 56
42 47
119 147
37 40
63 98
209 213
76 124
62 94
33 37
173 177
68 72
154 157
128 131
97 182
191 194
8 97
