125 76
28 6
135 95
47 41
35 32
160 95
135 30
128 125
196 192
62 34
157 123
47 14
124 120
41 11
129 79
56 29
119 98
29 9
180 30
21 7
95 30
46 43
58 51
53 50
198 187
58 48
121 71
42 11
114 111
100 63
60 44
49 45
142 139
125 72
192 189
32 11
126 79
119 96
75 71
29 18
54 50
180 28
20 17
54 51
26 7
31 9
161 139
197 99
76 72
130 79
42 39
29 7
197 8
121 72
126 94
190 24
96 64
91 52
197 137
18 9
41 32
78 60
39 11
207 204
129 76
61 8
73 70
45 40
40 34
62 35
77 40
13 10
197 97
195 186
137 97
182 137
50 46
196 189
41 31
201 180
195 188
125 121
99 8
23 19
99 61
81 34
43 15
97 61
48 44
44 33
24 21
183 5
35 11
79 75
137 61
137 99
197 182
130 126
163 140
60 48
62 32
197 61
81 40
39 35
137 8
185 164
117 113
122 96
62 33
51 31
154 116
145 141
58 52
47 9
94 82
78 33
147 142
182 61
50 18
210 207
58 31
122 75
118 64
54 19
196 21
191 187
126 122
166 163
209 205
94 78
118 66
134 123
211 207
182 99
56 27
27 22
27 4
74 71
41 14
129 125
162 139
133 127
99 63
21 16
24 20
63 35
192 16
122 62
210 204
134 131
13 8
16 9
47 11
199 6
180 6
60 33
48 31
210 205
147 119
189 21
47 31
157 134
147 115
153 120
65 35
209 206
97 8
81 77
192 47
122 78
61 10
157 127
88 48
56 22
98 64
180 92
164 137
77 74
121 75
52 48
118 71
196 18
82 79
53 49
182 97
174 171
63 8
65 38
134 126
121 117
128 76
190 20
82 78
77 32
54 22
53 46
148 116
146 142
169 163
136 123
50 47
94 30
26 21
59 30
61 32
123 96
127 124
127 123
197 63
192 21
78 62
134 127
199 8
208 57
189 24
184 175
162 97
76 125
6 28
95 135
41 47
32 35
95 160
30 135
125 128
192 196
34 62
123 157
14 47
120 124
11 41
79 129
29 56
98 119
9 29
30 180
7 21
30 95
43 46
51 58
50 53
187 198
48 58
71 121
11 42
111 114
63 100
44 60
45 49
139 142
72 125
189 192
11 32
79 126
96 119
71 75
18 29
50 54
28 180
17 20
51 54
7 26
9 31
139 161
99 197
72 76
79 130
39 42
7 29
8 197
72 121
94 126
24 190
64 96
52 91
137 197
9 18
32 41
60 78
11 39
204 207
76 129
8 61
70 73
40 45
34 40
35 62
40 77
10 13
97 197
186 195
97 137
137 182
46 50
189 196
31 41
180 201
188 195
121 125
8 99
19 23
61 99
34 81
15 43
61 97
44 48
33 44
21 24
5 183
11 35
75 79
61 137
99 137
182 197
126 130
140 163
48 60
32 62
61 197
40 81
35 39
8 137
164 185
113 117
96 122
33 62
31 51
116 154
141 145
52 58
9 47
82 94
33 78
142 147
61 182
18 50
207 210
31 58
75 122
64 118
19 54
21 196
187 191
122 126
163 166
205 209
78 94
66 118
123 134
207 211
99 182
27 56
22 27
4 27
71 74
14 41
125 129
139 162
127 133
63 99
16 21
20 24
35 63
16 192
62 122
204 210
131 134
8 13
9 16
11 47
6 199
6 180
33 60
31 48
205 210
119 147
21 189
31 47
134 157
115 147
120 153
35 65
206 209
8 97
77 81
47 192
78 122
10 61
127 157
48 88
22 56
64 98
92 180
137 164
74 77
75 121
48 52
71 118
18 196
79 82
49 53
97 182
171 174
8 63
38 65
126 134
117 121
76 128
20 190
78 82
32 77
22 54
46 53
116 148
142 146
163 169
123 136
47 50
30 94
21 26
30 59
32 61
96 123
124 127
123 127
63 197
21 192
62 78
127 134
8 199
57 208
24 189
175 184
97 162
