125 122
18 14
19 15
165 162
76 73
163 160
125 121
123 120
97 93
76 72
17 14
18 15
74 71
124 121
124 120
75 71
126 114
72 69
167 164
75 72
164 161
20 16
167 159
144 139
169 165
48 44
167 163
77 31
166 162
166 163
168 164
182 179
97 94
41 6
17 13
95 92
122 119
72 68
126 122
48 45
165 161
183 180
48 21
46 43
123 119
184 181
163 159
152 130
140 93
20 17
128 113
178 151
47 43
148 137
19 16
169 166
47 44
74 70
142 90
178 175
147 134
164 160
175 149
77 73
148 104
65 62
67 63
98 75
185 181
121 118
96 93
32 13
96 92
126 123
173 169
168 165
16 13
73 70
66 63
182 178
174 151
180 81
179 135
103 96
179 149
167 156
128 114
122 118
79 3
73 69
48 17
174 171
95 91
77 74
68 64
164 124
159 156
171 167
170 166
183 137
187 182
21 18
178 174
171 168
