152 130
144 141
144 139
41 6
167 159
147 134
97 93
79 3
126 114
128 114
148 137
128 113
77 31
178 151
140 93
18 14
163 159
175 149
125 121
121 118
148 104
72 69
179 135
46 43
174 151
142 90
167 156
179 149
180 81
98 75
44 14
161 121
183 137
48 21
48 44
164 124
103 96
32 13
163 160
31 3
132 110
122 119
76 72
171 153
180 16
185 181
76 73
125 122
168 120
103 82
47 43
159 156
140 97
13 4
99 71
150 134
171 151
123 120
165 161
73 53
48 17
48 18
59 56
150 147
82 79
187 182
74 3
182 178
175 151
44 18
98 71
66 55
173 169
65 62
77 51
79 31
173 15
169 165
45 32
176 104
115 111
27 2
95 92
19 15
159 155
167 163
155 123
122 118
177 19
87 66
138 103
72 68
79 30
169 9
154 130
50 17
94 68
44 9
126 122
188 183
184 27
89 57
182 149
77 73
176 83
178 149
17 13
52 42
130 113
44 40
180 83
67 63
57 35
75 71
43 40
86 10
171 133
42 39
94 64
92 67
103 99
34 6
79 74
165 120
157 129
18 15
146 139
40 9
63 57
42 34
154 149
106 16
70 33
164 131
82 7
33 7
128 123
175 135
20 2
52 34
176 106
174 171
138 84
48 14
53 33
77 53
178 174
182 179
69 60
179 175
167 153
176 16
120 108
47 14
102 99
197 193
29 17
161 124
168 131
136 105
82 74
119 109
95 74
53 31
41 32
98 79
89 35
175 133
92 63
153 131
22 18
10 7
155 124
27 20
65 61
123 119
103 91
32 6
97 94
120 117
77 30
96 92
56 37
82 5
181 26
20 16
170 166
184 181
54 34
104 81
183 104
95 91
99 82
13 6
122 117
142 109
75 72
26 23
138 96
85 16
73 31
150 110
40 37
163 158
46 40
183 81
169 166
159 153
73 55
80 2
44 17
131 123
136 88
70 5
25 20
124 120
118 109
66 57
198 194
70 66
74 5
198 195
40 14
152 129
142 139
141 115
12 8
131 120
81 2
136 90
166 163
131 124
172 85
99 75
54 42
130 126
106 12
166 162
169 15
79 5
163 156
169 133
142 115
50 29
168 108
181 27
171 167
173 12
39 34
119 115
167 164
54 37
169 120
68 64
135 104
185 182
164 153
144 115
87 57
176 109
150 108
108 86
152 113
39 10
164 155
105 87
174 19
149 135
135 108
172 106
154 151
95 67
89 56
197 194
135 106
136 84
188 185
150 112
83 2
195 192
122 88
48 13
67 35
168 119
33 5
206 203
78 75
22 19
73 51
62 58
141 35
137 104
114 7
47 40
29 4
100 97
106 85
115 88
131 119
177 15
155 131
94 71
172 86
190 101
66 63
173 11
108 85
29 20
172 12
161 118
98 82
138 35
161 120
130 152
141 144
139 144
6 41
159 167
134 147
93 97
3 79
114 126
114 128
137 148
113 128
31 77
151 178
93 140
14 18
159 163
149 175
121 125
118 121
104 148
69 72
135 179
43 46
151 174
90 142
156 167
149 179
81 180
75 98
14 44
121 161
137 183
21 48
44 48
124 164
96 103
13 32
160 163
3 31
110 132
119 122
72 76
153 171
16 180
181 185
73 76
122 125
120 168
82 103
43 47
156 159
97 140
4 13
71 99
134 150
151 171
120 123
161 165
53 73
17 48
18 48
56 59
147 150
79 82
182 187
3 74
178 182
151 175
18 44
71 98
55 66
169 173
62 65
51 77
31 79
15 173
165 169
32 45
104 176
111 115
2 27
92 95
15 19
155 159
163 167
123 155
118 122
19 177
66 87
103 138
68 72
30 79
9 169
130 154
17 50
68 94
9 44
122 126
183 188
27 184
57 89
149 182
73 77
83 176
149 178
13 17
42 52
113 130
40 44
83 180
63 67
35 57
71 75
40 43
10 86
133 171
39 42
64 94
67 92
99 103
6 34
74 79
120 165
129 157
15 18
139 146
9 40
57 63
34 42
149 154
16 106
33 70
131 164
7 82
7 33
123 128
135 175
2 20
34 52
106 176
171 174
84 138
14 48
33 53
53 77
174 178
179 182
60 69
175 179
153 167
16 176
108 120
14 47
99 102
193 197
17 29
124 161
131 168
105 136
74 82
109 119
74 95
31 53
32 41
79 98
35 89
133 175
63 92
131 153
18 22
7 10
124 155
20 27
61 65
119 123
91 103
6 32
94 97
117 120
30 77
92 96
37 56
5 82
26 181
16 20
166 170
181 184
34 54
81 104
104 183
91 95
82 99
6 13
117 122
109 142
72 75
23 26
96 138
16 85
31 73
110 150
37 40
158 163
40 46
81 183
166 169
153 159
55 73
2 80
17 44
123 131
88 136
5 70
20 25
120 124
109 118
57 66
194 198
66 70
5 74
195 198
14 40
129 152
139 142
115 141
8 12
120 131
2 81
90 136
163 166
124 131
85 172
75 99
42 54
126 130
12 106
162 166
15 169
5 79
156 163
133 169
115 142
29 50
108 168
27 181
167 171
12 173
34 39
115 119
164 167
37 54
120 169
64 68
104 135
182 185
153 164
115 144
57 87
109 176
108 150
86 108
113 152
10 39
155 164
87 105
19 174
135 149
108 135
106 172
151 154
67 95
56 89
194 197
106 135
84 136
185 188
112 150
2 83
192 195
88 122
13 48
35 67
119 168
5 33
203 206
75 78
19 22
51 73
58 62
35 141
104 137
7 114
40 47
4 29
97 100
85 106
88 115
119 131
15 177
131 155
71 94
86 172
101 190
63 66
11 173
85 108
20 29
12 172
118 161
82 98
35 138
120 161
