165 162
124 120
17 14
125 122
76 72
75 72
123 120
125 121
163 160
19 15
18 14
124 121
76 73
18 15
168 164
75 71
167 163
164 161
166 163
97 93
17 13
74 71
167 164
122 119
95 92
165 161
19 16
126 122
47 44
182 179
46 43
97 94
166 162
72 69
48 44
169 165
77 73
74 70
48 45
20 17
169 166
20 16
163 159
184 181
123 119
178 175
121 118
164 160
168 165
73 70
77 74
183 180
16 13
170 166
72 68
67 63
144 139
185 181
66 63
126 123
159 156
171 167
67 64
68 64
185 182
47 43
65 62
96 93
73 69
182 178
178 174
22 19
171 168
68 65
122 118
179 176
187 182
59 56
21 18
183 179
71 68
179 175
96 92
22 18
21 17
170 167
184 180
152 130
70 67
173 169
128 113
180 176
128 114
98 95
98 94
174 171
202 199
174 170
173 170
28 2
186 182
172 169
95 91
187 183
177 174
175 171
78 75
132 110
79 3
126 114
144 141
66 62
136 105
43 40
16 12
69 65
180 177
11 8
127 124
70 66
186 183
198 195
102 99
181 178
127 123
206 203
148 137
203 200
10 7
181 177
172 168
136 104
177 173
49 46
15 12
99 96
176 173
159 155
121 117
153 131
204 201
175 149
205 202
23 20
201 198
179 149
71 67
33 6
127 114
69 66
195 192
12 9
197 194
200 197
27 2
188 183
153 130
41 6
48 17
61 58
120 117
40 37
145 139
80 2
154 130
99 95
99 71
77 31
100 97
138 103
167 159
52 33
152 131
175 172
62 59
46 42
31 3
199 196
103 82
34 6
65 61
150 147
53 33
174 151
142 139
176 172
98 75
49 45
48 21
45 42
147 134
175 151
60 57
115 112
178 151
103 99
115 111
178 149
164 159
13 10
142 90
146 138
137 103
146 139
42 39
150 134
194 191
78 74
140 93
162 165
120 124
14 17
122 125
72 76
72 75
120 123
121 125
160 163
15 19
14 18
121 124
73 76
15 18
164 168
71 75
163 167
161 164
163 166
93 97
13 17
71 74
164 167
119 122
92 95
161 165
16 19
122 126
44 47
179 182
43 46
94 97
162 166
69 72
44 48
165 169
73 77
70 74
45 48
17 20
166 169
16 20
159 163
181 184
119 123
175 178
118 121
160 164
165 168
70 73
74 77
180 183
13 16
166 170
68 72
63 67
139 144
181 185
63 66
123 126
156 159
167 171
64 67
64 68
182 185
43 47
62 65
93 96
69 73
178 182
174 178
19 22
168 171
65 68
118 122
176 179
182 187
56 59
18 21
179 183
68 71
175 179
92 96
18 22
17 21
167 170
180 184
130 152
67 70
169 173
113 128
176 180
114 128
95 98
94 98
171 174
199 202
170 174
170 173
2 28
182 186
169 172
91 95
183 187
174 177
171 175
75 78
110 132
3 79
114 126
141 144
62 66
105 136
40 43
12 16
65 69
177 180
8 11
124 127
66 70
183 186
195 198
99 102
178 181
123 127
203 206
137 148
200 203
7 10
177 181
168 172
104 136
173 177
46 49
12 15
96 99
173 176
155 159
117 121
131 153
201 204
149 175
202 205
20 23
198 201
149 179
67 71
6 33
114 127
66 69
192 195
9 12
194 197
197 200
2 27
183 188
130 153
6 41
17 48
58 61
117 120
37 40
139 145
2 80
130 154
95 99
71 99
31 77
97 100
103 138
159 167
33 52
131 152
172 175
59 62
42 46
3 31
196 199
82 103
6 34
61 65
147 150
33 53
151 174
139 142
172 176
75 98
45 49
21 48
42 45
134 147
151 175
57 60
112 115
151 178
99 103
111 115
149 178
159 164
10 13
90 142
138 146
103 137
139 146
39 42
134 150
191 194
74 78
93 140
