152 130
144 141
144 139
41 6
167 159
147 134
97 93
79 3
126 114
128 114
148 137
128 113
77 31
178 151
140 93
18 14
163 159
175 149
125 121
121 118
148 104
72 69
179 135
46 43
174 151
142 90
167 156
179 149
180 81
98 75
44 14
161 121
183 137
48 21
48 44
164 124
103 96
32 13
163 160
31 3
132 110
122 119
76 72
171 153
180 16
185 181
76 73
125 122
168 120
103 82
47 43
159 156
140 97
13 4
99 71
150 134
171 151
123 120
165 161
73 53
48 17
48 18
59 56
150 147
82 79
187 182
74 3
182 178
175 151
44 18
98 71
66 55
173 169
65 62
77 51
79 31
173 15
169 165
45 32
176 104
115 111
27 2
95 92
19 15
159 155
167 163
155 123
122 118
177 19
87 66
138 103
72 68
79 30
169 9
154 130
50 17
94 68
44 9
126 122
188 183
184 27
89 57
182 149
77 73
