176 106
54 35
89 7
32 3
20 2
39 10
144 141
79 74
55 34
145 138
166 162
135 106
134 110
134 111
29 2
26 23
42 32
106 84
180 104
44 13
178 175
72 69
185 182
66 60
151 132
154 131
52 34
167 131
84 4
29 16
32 29
103 100
33 3
155 128
147 136
199 196
171 133
183 102
29 13
88 7
65 62
82 3
175 133
48 29
196 189
128 124
91 67
45 13
87 6
190 137
52 31
204 147
90 63
160 124
196 190
39 34
115 112
41 8
184 180
169 165
180 177
125 122
50 45
16 2
159 156
188 183
148 137
190 101
98 94
197 187
169 133
39 6
179 104
150 111
182 178
95 71
177 173
173 170
123 109
176 83
44 10
180 176
25 19
54 37
116 109
54 36
103 82
98 95
193 146
51 30
206 148
95 91
155 124
29 20
183 180
92 67
144 136
139 100
186 182
131 120
89 35
119 109
95 67
187 183
50 31
177 24
77 30
140 96
166 163
138 99
122 119
133 106
124 120
47 43
70 33
182 179
45 4
164 155
84 5
151 133
75 71
70 67
179 176
79 75
66 63
106 12
118 114
181 178
177 19
202 195
168 164
136 105
63 60
56 37
27 23
86 8
167 163
102 79
119 107
174 15
94 64
80 2
70 66
139 101
24 19
68 65
53 34
52 33
114 110
147 135
56 36
17 13
46 43
52 32
42 6
175 151
87 84
138 84
177 25
44 32
102 82
32 6
180 25
206 147
39 7
40 8
171 151
15 12
146 137
132 110
34 5
143 115
56 35
20 17
53 32
185 181
173 14
206 146
185 26
92 63
126 123
144 138
193 139
175 150
167 159
85 6
44 40
12 6
170 166
113 109
105 84
50 46
48 45
82 79
69 60
205 150
88 35
136 111
171 168
77 3
82 5
134 107
133 109
16 4
99 96
184 27
195 146
69 65
190 146
22 19
43 40
39 36
103 81
81 3
127 123
168 120
165 162
206 149
40 10
83 3
45 41
137 101
73 70
76 31
25 20
180 16
16 12
49 46
145 139
202 147
45 32
119 108
132 108
135 104
184 81
52 42
131 119
41 6
104 82
75 72
206 150
184 25
164 123
206 195
81 2
150 135
39 8
74 3
136 107
106 86
39 9
105 87
97 93
16 13
103 99
167 164
168 132
21 18
86 7
69 55
175 135
13 4
179 175
152 132
174 151
102 99
87 35
115 107
45 17
172 108
66 62
163 160
44 14
154 130
172 168
35 7
102 80
188 148
139 96
131 128
143 112
153 130
202 148
205 147
33 5
100 96
14 10
138 96
96 91
134 109
155 129
144 139
149 135
180 2
24 20
173 11
181 26
174 171
30 2
178 174
66 57
124 121
96 92
128 123
176 15
159 124
138 104
137 104
181 24
25 16
179 135
159 155
44 17
170 167
71 68
202 196
133 107
146 136
130 110
55 33
171 153
65 61
57 35
174 170
114 109
46 42
85 13
164 124
164 160
85 10
79 30
59 56
134 106
85 4
152 131
123 114
50 17
176 85
179 149
76 72
83 4
169 108
200 197
175 172
13 10
195 188
148 104
144 105
115 109
183 81
188 185
67 64
131 109
195 190
122 114
181 25
152 130
150 110
104 84
30 3
172 133
168 133
60 55
195 147
86 6
77 74
113 110
87 5
42 34
178 149
169 166
19 16
111 107
155 123
191 101
180 83
32 13
155 130
47 44
201 194
146 139
164 120
53 31
85 5
147 134
173 15
68 64
74 71
121 118
169 11
201 195
85 12
54 33
153 131
44 41
19 15
172 106
51 32
48 44
150 147
190 100
194 191
195 148
173 169
195 137
83 16
171 152
161 124
34 7
175 149
42 39
73 53
189 101
150 132
78 75
190 102
70 55
115 111
133 110
45 29
86 10
202 197
175 171
161 121
137 105
197 182
85 16
77 31
41 14
99 95
133 108
94 68
49 45
189 186
102 81
50 32
82 4
29 4
184 26
104 81
103 96
72 68
126 122
92 64
27 2
97 94
172 15
119 116
88 8
106 85
164 153
13 6
195 136
41 32
71 67
194 190
137 103
144 140
94 71
45 42
198 187
163 158
20 16
150 134
164 159
188 182
103 84
164 131
18 14
168 131
96 93
183 104
193 141
54 34
168 108
138 91
91 87
82 2
41 13
132 109
193 145
73 69
122 109
99 79
36 8
181 19
182 148
149 134
40 9
172 151
131 123
53 33
42 37
150 133
189 183
136 104
23 20
33 4
34 8
119 114
123 119
104 83
152 110
79 2
140 97
194 146
127 124
41 34
201 196
186 183
196 188
60 57
184 181
125 121
205 111
176 12
135 105
69 66
154 129
177 18
65 60
67 63
165 108
86 12
148 135
173 12
206 203
204 112
171 167
74 33
50 29
74 31
120 108
89 57
188 179
177 174
165 120
41 9
179 148
138 103
99 82
205 110
180 19
100 97
155 131
148 136
155 127
94 67
27 20
73 55
168 153
165 161
41 10
32 4
200 196
54 42
50 30
31 4
205 134
167 153
122 118
77 51
140 93
87 7
176 135
176 16
145 137
91 84
37 34
177 15
181 177
169 12
168 165
136 106
74 70
52 46
143 111
161 120
206 202
202 146
83 5
176 173
172 11
28 2
55 35
48 17
131 110
153 132
25 2
197 188
17 14
195 189
196 191
34 6
123 120
52 45
190 139
135 107
197 148
29 3
32 5
76 73
176 104
51 31
145 136
171 132
199 189
82 74
66 55
184 80
95 92
18 15
114 111
193 190
29 17
21 17
172 12
86 5
98 71
15 11
79 3
22 18
83 2
36 7
163 159
14 11
147 111
59 55
95 70
33 6
172 169
202 194
177 16
168 151
145 141
31 3
73 33
28 20
183 179
138 105
180 81
187 182
176 172
164 161
51 45
10 6
