137 134
138 134
138 135
136 133
137 133
84 81
139 135
85 81
132 129
105 83
84 80
54 51
136 132
85 82
71 49
139 136
65 5
83 80
77 74
112 61
77 73
140 137
73 69
134 131
135 132
103 54
135 131
107 103
107 104
134 130
129 126
130 127
63 3
74 71
102 98
66 6
64 49
130 126
106 103
116 63
129 31
131 127
52 4
76 73
110 107
32 21
24 3
76 72
133 130
116 65
108 105
138 11
83 79
135 11
114 63
107 54
72 69
72 66
109 106
133 129
82 79
128 123
131 128
99 43
138 9
75 72
101 74
100 97
86 83
138 18
34 19
64 4
51 47
105 79
129 125
140 136
128 124
73 70
128 125
122 119
139 11
101 98
78 75
132 128
78 74
29 24
63 4
109 105
62 2
137 20
105 102
106 102
74 70
102 99
43 39
117 69
51 19
75 71
108 104
44 17
135 9
127 124
149 146
65 3
82 78
133 20
126 5
101 97
92 89
86 82
58 55
39 17
95 89
126 22
48 6
134 9
67 7
50 47
23 4
127 121
81 78
92 85
61 2
65 6
28 25
136 33
137 130
62 56
130 22
70 46
59 56
103 50
128 122
124 65
104 50
124 5
43 40
134 18
133 33
127 123
63 2
13 10
126 24
16 13
23 3
71 66
97 43
60 57
52 21
32 20
15 12
93 89
134 137
134 138
135 138
133 136
133 137
81 84
135 139
81 85
129 132
83 105
80 84
51 54
132 136
82 85
49 71
136 139
5 65
80 83
74 77
61 112
73 77
137 140
69 73
131 134
132 135
54 103
131 135
103 107
104 107
130 134
126 129
127 130
3 63
71 74
98 102
6 66
49 64
126 130
103 106
63 116
31 129
127 131
4 52
73 76
107 110
21 32
3 24
72 76
130 133
65 116
105 108
11 138
79 83
11 135
63 114
54 107
69 72
66 72
106 109
129 133
79 82
123 128
128 131
43 99
9 138
72 75
74 101
97 100
83 86
18 138
19 34
4 64
47 51
79 105
125 129
136 140
124 128
70 73
125 128
119 122
11 139
98 101
75 78
128 132
74 78
24 29
4 63
105 109
2 62
20 137
102 105
102 106
70 74
99 102
39 43
69 117
19 51
71 75
104 108
17 44
9 135
124 127
146 149
3 65
78 82
20 133
5 126
97 101
89 92
82 86
55 58
17 39
89 95
22 126
6 48
9 134
7 67
47 50
4 23
121 127
78 81
85 92
2 61
6 65
25 28
33 136
130 137
56 62
22 130
46 70
56 59
50 103
122 128
65 124
50 104
5 124
40 43
18 134
33 133
123 127
2 63
10 13
24 126
13 16
3 23
66 71
43 97
57 60
21 52
20 32
12 15
89 93
