103 54
73 69
105 83
54 51
116 63
52 4
102 98
128 123
77 73
71 49
135 11
129 31
139 11
64 49
112 61
138 11
138 18
85 81
99 43
72 66
138 9
66 6
107 54
122 119
32 21
51 19
51 47
116 65
132 129
24 3
137 20
114 63
134 9
101 74
65 3
139 135
130 22
138 135
34 19
65 5
128 124
44 17
135 9
126 5
136 33
110 107
48 6
126 24
133 20
29 24
136 132
105 79
137 130
63 3
117 69
39 17
134 18
92 85
104 50
107 103
62 56
115 108
95 89
128 122
103 50
137 33
43 39
84 81
126 22
137 133
131 127
70 46
127 121
124 5
124 65
52 21
133 33
72 69
131 67
36 19
13 10
101 71
48 19
49 6
137 35
115 72
129 125
137 18
131 7
50 47
97 43
94 88
62 4
43 36
93 89
131 121
23 4
107 50
71 66
75 72
110 57
135 131
137 134
67 7
133 31
97 70
51 34
51 21
148 145
14 11
24 5
109 106
127 67
96 89
108 75
83 79
111 57
60 25
76 72
129 22
44 39
140 136
134 130
129 29
122 117
56 2
55 23
111 56
109 105
77 74
70 42
114 61
115 75
58 55
84 80
40 10
111 59
104 49
123 118
109 83
52 6
81 73
74 70
121 67
16 13
57 30
115 104
82 78
70 40
136 133
126 65
14 10
68 42
17 10
128 121
111 53
59 55
68 40
78 41
93 90
87 79
131 45
138 134
94 90
64 4
78 74
144 141
122 118
119 69
147 144
74 71
149 144
60 2
41 8
71 46
115 76
98 94
140 137
62 2
74 46
121 7
113 49
100 46
44 19
16 12
101 49
124 118
100 47
127 7
146 142
135 33
111 60
113 108
145 142
128 125
92 88
91 85
100 97
103 47
66 49
75 49
21 4
106 103
30 23
138 35
64 58
92 89
40 17
41 10
90 85
145 141
149 146
133 130
117 42
45 7
115 49
124 119
100 40
52 23
40 14
55 32
24 21
46 42
118 3
88 85
38 35
109 80
44 36
54 103
69 73
83 105
51 54
63 116
4 52
98 102
123 128
73 77
49 71
11 135
31 129
11 139
49 64
61 112
11 138
18 138
81 85
43 99
66 72
9 138
6 66
54 107
119 122
21 32
19 51
47 51
65 116
129 132
3 24
20 137
63 114
9 134
74 101
3 65
135 139
22 130
135 138
19 34
5 65
124 128
17 44
9 135
5 126
33 136
107 110
6 48
24 126
20 133
24 29
132 136
79 105
130 137
3 63
69 117
17 39
18 134
85 92
50 104
103 107
56 62
108 115
89 95
122 128
50 103
33 137
39 43
81 84
22 126
133 137
127 131
46 70
121 127
5 124
65 124
21 52
33 133
69 72
67 131
19 36
10 13
71 101
19 48
6 49
35 137
72 115
125 129
18 137
7 131
47 50
43 97
88 94
4 62
36 43
89 93
121 131
4 23
50 107
66 71
72 75
57 110
131 135
134 137
7 67
31 133
70 97
34 51
21 51
145 148
11 14
5 24
106 109
67 127
89 96
75 108
79 83
57 111
25 60
72 76
22 129
39 44
136 140
130 134
29 129
117 122
2 56
23 55
56 111
105 109
74 77
42 70
61 114
75 115
55 58
80 84
10 40
59 111
49 104
118 123
83 109
6 52
73 81
70 74
67 121
13 16
30 57
104 115
78 82
40 70
133 136
65 126
10 14
42 68
10 17
121 128
53 111
55 59
40 68
41 78
90 93
79 87
45 131
134 138
90 94
4 64
74 78
141 144
118 122
69 119
144 147
71 74
144 149
2 60
8 41
46 71
76 115
94 98
137 140
2 62
46 74
7 121
49 113
46 100
19 44
12 16
49 101
118 124
47 100
7 127
142 146
33 135
60 111
108 113
142 145
125 128
88 92
85 91
97 100
47 103
49 66
49 75
4 21
103 106
23 30
35 138
58 64
89 92
17 40
10 41
85 90
141 145
146 149
130 133
42 117
7 45
49 115
119 124
40 100
23 52
14 40
32 55
21 24
42 46
3 118
85 88
35 38
80 109
36 44
