138 135
137 134
137 133
138 134
136 133
139 136
84 81
85 81
135 132
139 135
83 80
85 82
134 131
77 74
107 104
84 80
74 71
130 127
132 129
129 126
130 126
135 131
106 103
107 103
83 79
134 130
136 132
133 129
140 137
64 5
131 127
77 73
133 130
75 72
114 63
82 79
65 5
76 72
63 3
140 136
86 83
73 70
101 98
76 73
106 102
108 105
100 97
64 4
110 107
122 119
24 3
102 98
54 51
132 128
102 99
62 2
62 3
131 128
109 106
149 146
112 61
129 125
63 4
66 6
78 74
127 124
78 75
73 69
86 82
75 71
128 125
148 145
128 124
72 69
105 102
43 40
116 63
13 10
74 70
32 21
34 19
63 2
108 104
65 6
109 105
128 123
43 39
64 3
93 90
127 123
61 2
23 3
95 89
141 138
65 4
94 89
15 12
59 56
92 89
81 78
144 141
82 78
99 43
58 55
103 100
14 11
24 4
145 142
116 65
94 91
23 4
29 24
123 120
138 18
72 66
141 137
105 83
101 97
28 25
135 11
100 96
127 121
60 57
16 13
44 41
123 119
103 54
51 47
146 143
111 61
66 7
94 90
110 106
93 89
92 85
104 101
115 63
112 62
122 118
149 145
65 3
28 24
87 83
104 50
139 11
55 52
129 31
52 4
62 4
79 75
32 20
123 118
42 39
114 62
89 86
142 139
105 101
59 55
143 140
145 141
92 88
55 51
147 144
127 122
66 5
79 76
128 122
107 54
116 64
29 25
138 9
25 3
138 11
50 47
33 19
15 11
103 99
24 2
23 2
121 118
17 14
134 9
113 62
111 60
94 88
87 84
67 7
14 10
100 43
104 100
114 64
27 24
44 40
34 20
130 22
44 17
52 49
33 21
30 23
126 123
60 56
135 9
111 108
136 33
117 69
98 95
124 121
64 49
120 117
16 12
57 54
137 35
64 6
29 26
95 88
137 130
125 122
113 61
71 66
146 142
54 50
35 19
38 35
110 57
95 90
71 49
80 77
111 58
135 138
134 137
133 137
134 138
133 136
136 139
81 84
81 85
132 135
135 139
80 83
82 85
131 134
74 77
104 107
80 84
71 74
127 130
129 132
126 129
126 130
131 135
103 106
103 107
79 83
130 134
132 136
129 133
137 140
5 64
127 131
73 77
130 133
72 75
63 114
79 82
5 65
72 76
3 63
136 140
83 86
70 73
98 101
73 76
102 106
105 108
97 100
4 64
107 110
119 122
3 24
98 102
51 54
128 132
99 102
2 62
3 62
128 131
106 109
146 149
61 112
125 129
4 63
6 66
74 78
124 127
75 78
69 73
82 86
71 75
125 128
145 148
124 128
69 72
102 105
40 43
63 116
10 13
70 74
21 32
19 34
2 63
104 108
6 65
105 109
123 128
39 43
3 64
90 93
123 127
2 61
3 23
89 95
138 141
4 65
89 94
12 15
56 59
89 92
78 81
141 144
78 82
43 99
55 58
100 103
11 14
4 24
142 145
65 116
91 94
4 23
24 29
120 123
18 138
66 72
137 141
83 105
97 101
25 28
11 135
96 100
121 127
57 60
13 16
41 44
119 123
54 103
47 51
143 146
61 111
7 66
90 94
106 110
89 93
85 92
101 104
63 115
62 112
118 122
145 149
3 65
24 28
83 87
50 104
11 139
52 55
31 129
4 52
4 62
75 79
20 32
118 123
39 42
62 114
86 89
139 142
101 105
55 59
140 143
141 145
88 92
51 55
144 147
122 127
5 66
76 79
122 128
54 107
64 116
25 29
9 138
3 25
11 138
47 50
19 33
11 15
99 103
2 24
2 23
118 121
14 17
9 134
62 113
60 111
88 94
84 87
7 67
10 14
43 100
100 104
64 114
24 27
40 44
20 34
22 130
17 44
49 52
21 33
23 30
123 126
56 60
9 135
108 111
33 136
69 117
95 98
121 124
49 64
117 120
12 16
54 57
35 137
6 64
26 29
88 95
130 137
122 125
61 113
66 71
142 146
50 54
19 35
35 38
57 110
90 95
49 71
77 80
58 111
