103 54
73 69
105 83
54 51
116 63
52 4
102 98
128 123
77 73
71 49
135 11
129 31
139 11
64 49
112 61
138 11
138 18
85 81
99 43
72 66
138 9
66 6
107 54
122 119
32 21
51 19
51 47
116 65
132 129
24 3
137 20
114 63
134 9
101 74
65 3
139 135
130 22
138 135
34 19
65 5
128 124
44 17
135 9
126 5
136 33
110 107
48 6
126 24
133 20
29 24
136 132
105 79
137 130
63 3
117 69
39 17
134 18
92 85
104 50
107 103
62 56
115 108
95 89
128 122
103 50
137 33
43 39
84 81
126 22
137 133
131 127
70 46
127 121
124 5
124 65
52 21
