138 135
137 134
137 133
138 134
136 133
139 136
84 81
85 81
135 132
139 135
83 80
85 82
134 131
77 74
107 104
84 80
74 71
130 127
132 129
129 126
130 126
135 131
106 103
107 103
83 79
134 130
136 132
133 129
140 137
64 5
131 127
77 73
133 130
75 72
114 63
82 79
65 5
76 72
63 3
140 136
86 83
73 70
101 98
76 73
106 102
108 105
100 97
64 4
110 107
122 119
24 3
102 98
54 51
132 128
102 99
62 2
62 3
131 128
109 106
149 146
112 61
129 125
63 4
66 6
78 74
127 124
78 75
73 69
86 82
75 71
128 125
148 145
128 124
72 69
105 102
43 40
135 138
134 137
133 137
134 138
133 136
136 139
81 84
81 85
132 135
135 139
80 83
82 85
131 134
74 77
104 107
80 84
71 74
127 130
129 132
126 129
126 130
131 135
103 106
103 107
79 83
130 134
132 136
129 133
137 140
5 64
127 131
73 77
130 133
72 75
63 114
79 82
5 65
72 76
3 63
136 140
83 86
70 73
98 101
73 76
102 106
105 108
97 100
4 64
107 110
119 122
3 24
98 102
51 54
128 132
99 102
2 62
3 62
128 131
106 109
146 149
61 112
125 129
4 63
6 66
74 78
124 127
75 78
69 73
82 86
71 75
125 128
145 148
124 128
69 72
102 105
40 43
