44 41
75 71
128 125
145 38
37 16
117 72
48 44
78 73
66 6
38 14
82 78
127 124
95 88
107 104
98 95
147 97
117 67
132 20
107 53
142 36
42 9
138 10
52 23
134 130
18 10
79 75
29 22
28 25
65 4
88 82
37 15
86 83
87 82
136 133
16 12
127 6
23 3
119 67
50 46
33 18
43 8
129 126
113 63
44 17
14 11
104 46
131 8
145 39
17 12
141 18
47 43
85 82
67 7
17 11
19 8
41 12
93 90
144 37
133 129
133 33
137 19
143 35
31 21
114 62
63 4
39 13
52 6
127 65
41 11
30 24
112 60
45 42
39 16
138 17
130 6
136 132
45 8
17 10
40 9
135 9
22 5
83 79
32 21
26 2
118 68
89 85
21 6
44 9
34 19
74 70
133 20
77 73
41 8
43 40
85 81
136 18
31 22
139 136
142 37
22 4
32 20
143 34
17 8
114 63
25 2
40 16
41 10
127 66
51 48
144 36
36 18
44 8
34 18
45 7
101 97
113 108
36 16
49 46
45 41
60 2
130 7
135 19
73 70
83 80
40 10
48 45
59 56
116 63
134 131
111 60
100 43
20 8
30 22
48 21
39 17
48 19
127 121
55 52
131 128
111 59
108 105
137 33
141 37
38 16
84 81
118 65
113 64
130 19
40 12
130 5
110 60
124 121
72 68
35 17
134 35
138 34
138 9
105 102
44 7
65 3
39 12
135 8
46 42
137 18
55 51
19 9
139 17
134 20
133 130
68 45
74 71
128 121
131 7
141 17
108 53
114 61
47 19
64 5
92 89
137 134
15 11
130 127
98 87
66 5
23 5
103 100
48 8
109 105
112 61
135 17
23 4
116 65
81 78
130 21
144 38
148 39
132 128
117 65
115 63
125 121
120 67
62 3
35 19
51 32
41 13
31 20
93 89
20 7
29 24
138 16
23 2
116 66
147 99
50 47
100 50
117 66
93 88
13 10
130 20
71 68
14 10
94 87
32 22
45 9
75 72
112 62
111 62
44 10
57 54
53 49
137 20
27 24
104 100
126 22
145 36
76 73
18 8
115 65
48 6
52 21
113 61
148 97
133 18
49 6
33 21
41 17
78 75
137 35
138 134
100 47
46 8
100 97
64 3
138 19
118 67
87 84
141 35
40 14
21 5
124 118
44 39
52 49
56 52
44 19
132 129
67 6
104 49
63 2
134 9
139 135
22 3
15 12
107 103
94 89
131 20
62 2
128 124
18 9
49 21
126 5
71 46
72 69
108 104
91 88
88 85
137 34
101 46
138 35
78 74
24 2
76 72
62 4
48 7
115 64
133 19
124 120
104 101
22 6
141 138
51 47
131 127
138 18
104 50
35 18
15 10
40 17
137 133
52 48
17 9
40 15
107 54
116 64
64 4
92 88
141 36
20 6
49 7
94 88
95 87
118 66
127 7
95 82
134 34
100 46
148 38
39 10
77 72
21 4
134 17
60 56
66 7
82 79
97 43
48 33
109 106
33 19
42 8
56 53
141 137
53 50
81 77
38 15
89 82
44 18
63 3
125 122
138 135
52 22
40 13
31 23
113 62
127 5
33 20
103 99
137 36
39 36
105 101
129 125
24 4
35 16
44 40
145 37
141 34
86 82
134 8
143 37
24 3
95 89
140 136
131 9
142 34
142 35
39 14
135 10
111 61
87 83
71 45
129 20
133 21
46 43
98 94
127 67
139 16
73 69
135 131
47 44
38 17
138 11
45 19
110 59
134 7
137 17
138 36
102 98
16 10
28 24
134 19
106 102
36 17
130 126
40 11
77 74
131 6
111 108
109 59
52 32
19 7
68 7
54 51
140 35
141 16
51 21
70 45
65 6
117 69
135 132
61 2
70 42
41 9
138 37
32 19
79 76
37 17
103 50
49 45
107 50
29 25
21 7
79 74
148 145
139 35
135 18
131 19
52 4
104 47
115 66
30 23
25 3
54 50
45 6
130 22
143 36
65 5
48 20
43 39
34 20
84 80
117 68
114 64
68 42
29 23
19 6
140 137
102 99
71 42
134 18
134 33
80 77
39 15
106 103
101 98
47 8
16 11
64 6
41 44
71 75
125 128
38 145
16 37
72 117
44 48
73 78
6 66
14 38
78 82
124 127
88 95
104 107
95 98
97 147
67 117
20 132
53 107
36 142
9 42
10 138
23 52
130 134
10 18
75 79
22 29
25 28
4 65
82 88
15 37
83 86
82 87
133 136
12 16
6 127
3 23
67 119
46 50
18 33
8 43
126 129
63 113
17 44
11 14
46 104
8 131
39 145
12 17
18 141
43 47
82 85
7 67
11 17
8 19
12 41
90 93
37 144
129 133
33 133
19 137
35 143
21 31
62 114
4 63
13 39
6 52
65 127
11 41
24 30
60 112
42 45
16 39
17 138
6 130
132 136
8 45
10 17
9 40
9 135
5 22
79 83
21 32
2 26
68 118
85 89
6 21
9 44
19 34
70 74
20 133
73 77
8 41
40 43
81 85
18 136
22 31
136 139
37 142
4 22
20 32
34 143
8 17
63 114
2 25
16 40
10 41
66 127
48 51
36 144
18 36
8 44
18 34
7 45
97 101
108 113
16 36
46 49
41 45
2 60
7 130
19 135
70 73
80 83
10 40
45 48
56 59
63 116
131 134
60 111
43 100
8 20
22 30
21 48
17 39
19 48
121 127
52 55
128 131
59 111
105 108
33 137
37 141
16 38
81 84
65 118
64 113
19 130
12 40
5 130
60 110
121 124
68 72
17 35
35 134
34 138
9 138
102 105
7 44
3 65
12 39
8 135
42 46
18 137
51 55
9 19
17 139
20 134
130 133
45 68
71 74
121 128
7 131
17 141
53 108
61 114
19 47
5 64
89 92
134 137
11 15
127 130
87 98
5 66
5 23
100 103
8 48
105 109
61 112
17 135
4 23
65 116
78 81
21 130
38 144
39 148
128 132
65 117
63 115
121 125
67 120
3 62
19 35
32 51
13 41
20 31
89 93
7 20
24 29
16 138
2 23
66 116
99 147
47 50
50 100
66 117
88 93
10 13
20 130
68 71
10 14
87 94
22 32
9 45
72 75
62 112
62 111
10 44
54 57
49 53
20 137
24 27
100 104
22 126
36 145
73 76
8 18
65 115
6 48
21 52
61 113
97 148
18 133
6 49
21 33
17 41
75 78
35 137
134 138
47 100
8 46
97 100
3 64
19 138
67 118
84 87
35 141
14 40
5 21
118 124
39 44
49 52
52 56
19 44
129 132
6 67
49 104
2 63
9 134
135 139
3 22
12 15
103 107
89 94
20 131
2 62
124 128
9 18
21 49
5 126
46 71
69 72
104 108
88 91
85 88
34 137
46 101
35 138
74 78
2 24
72 76
4 62
7 48
64 115
19 133
120 124
101 104
6 22
138 141
47 51
127 131
18 138
50 104
18 35
10 15
17 40
133 137
48 52
9 17
15 40
54 107
64 116
4 64
88 92
36 141
6 20
7 49
88 94
87 95
66 118
7 127
82 95
34 134
46 100
38 148
10 39
72 77
4 21
17 134
56 60
7 66
79 82
43 97
33 48
106 109
19 33
8 42
53 56
137 141
50 53
77 81
15 38
82 89
18 44
3 63
122 125
135 138
22 52
13 40
23 31
62 113
5 127
20 33
99 103
36 137
36 39
101 105
125 129
4 24
16 35
40 44
37 145
34 141
82 86
8 134
37 143
3 24
89 95
136 140
9 131
34 142
35 142
14 39
10 135
61 111
83 87
45 71
20 129
21 133
43 46
94 98
67 127
16 139
69 73
131 135
44 47
17 38
11 138
19 45
59 110
7 134
17 137
36 138
98 102
10 16
24 28
19 134
102 106
17 36
126 130
11 40
74 77
6 131
108 111
59 109
32 52
7 19
7 68
51 54
35 140
16 141
21 51
45 70
6 65
69 117
132 135
2 61
42 70
9 41
37 138
19 32
76 79
17 37
50 103
45 49
50 107
25 29
7 21
74 79
145 148
35 139
18 135
19 131
4 52
47 104
66 115
23 30
3 25
50 54
6 45
22 130
36 143
5 65
20 48
39 43
20 34
80 84
68 117
64 114
42 68
23 29
6 19
137 140
99 102
42 71
18 134
33 134
77 80
15 39
103 106
98 101
8 47
11 16
6 64
