82 14
85 37
13 9
7 4
65 36
68 64
39 20
8 4
32 21
75 11
43 20
83 66
87 41
63 59
92 13
79 58
82 77
73 11
69 33
76 50
80 49
90 86
85 40
46 36
43 17
65 33
49 21
73 62
51 25
82 75
71 66
42 38
81 48
65 23
48 21
67 30
73 66
36 21
46 20
81 73
6 3
61 56
76 58
32 29
76 59
43 39
81 50
32 20
90 87
70 67
66 62
61 28
45 11
77 14
58 54
17 14
57 54
66 59
54 35
76 73
77 74
12 8
79 50
38 34
75 12
56 27
41 37
94 6
56 52
83 33
38 35
76 62
81 62
36 32
62 28
80 15
8 5
59 52
79 35
91 86
40 28
58 15
88 41
69 37
14 7
25 22
45 15
74 14
79 53
53 43
11 8
44 13
49 32
35 31
37 34
32 23
84 10
35 21
55 28
80 50
32 26
32 28
52 12
43 18
53 25
61 50
83 65
33 28
61 24
49 15
60 56
67 60
77 44
94 30
32 27
58 55
90 61
79 52
31 11
79 55
61 57
75 50
68 33
72 5
72 11
10 5
9 6
58 43
61 54
54 51
38 18
48 36
46 40
73 67
34 31
23 15
80 76
75 43
24 5
84 26
11 4
51 22
76 66
83 16
77 45
