36 33
15 12
80 48
83 45
84 71
74 11
47 19
12 9
90 87
45 14
40 37
80 76
92 44
87 41
83 72
35 31
83 73
94 6
83 48
60 56
70 67
84 44
44 40
11 8
85 41
31 28
48 21
81 77
47 17
82 76
40 36
27 24
63 60
49 19
42 38
73 66
39 36
59 56
33 28
83 75
11 7
62 59
75 11
18 14
46 19
79 76
35 21
80 50
9 5
10 7
56 53
26 23
37 33
59 55
58 55
38 35
22 19
46 40
32 28
84 46
53 50
27 23
71 66
79 49
79 52
9 6
69 65
32 23
94 9
65 62
80 77
83 74
87 44
29 26
48 20
42 39
81 47
32 29
16 12
62 58
49 22
46 20
48 36
47 18
79 53
17 14
80 47
83 46
13 9
50 23
85 72
34 31
72 66
74 10
41 38
38 34
14 11
50 24
85 44
33 30
36 21
81 50
47 14
6 2
84 72
85 70
65 33
81 74
84 74
82 48
69 37
45 10
81 48
61 28
15 11
91 43
48 23
5 2
37 34
70 66
44 39
32 22
63 59
65 61
32 27
82 46
84 45
7 2
39 20
46 43
80 51
58 54
46 39
90 86
43 40
48 19
64 61
66 63
80 49
82 45
51 23
82 74
79 50
61 57
8 4
47 21
58 53
67 64
69 66
16 13
57 54
70 65
68 65
74 7
72 2
50 22
51 24
10 6
64 60
58 50
83 71
13 10
76 73
83 47
32 21
43 39
61 27
85 40
48 22
47 20
57 53
49 21
79 51
85 45
14 10
60 57
34 30
46 17
36 32
91 44
82 73
6 3
66 62
39 35
80 75
84 73
71 65
84 40
81 49
81 76
39 21
85 71
46 14
82 14
35 32
7 4
90 44
93 90
74 8
82 75
33 29
86 44
8 5
12 8
80 19
49 23
91 87
61 58
67 63
7 3
45 40
81 73
41 37
82 47
44 41
81 75
28 23
17 13
68 64
82 11
81 62
33 36
12 15
48 80
45 83
71 84
11 74
19 47
9 12
87 90
14 45
37 40
76 80
44 92
41 87
72 83
31 35
73 83
6 94
48 83
56 60
67 70
44 84
40 44
8 11
41 85
28 31
21 48
77 81
17 47
76 82
36 40
24 27
60 63
19 49
38 42
66 73
36 39
56 59
28 33
75 83
7 11
59 62
11 75
14 18
19 46
76 79
21 35
50 80
5 9
7 10
53 56
23 26
33 37
55 59
55 58
35 38
19 22
40 46
28 32
46 84
50 53
23 27
66 71
49 79
52 79
6 9
65 69
23 32
9 94
62 65
77 80
74 83
44 87
26 29
20 48
39 42
47 81
29 32
12 16
58 62
22 49
20 46
36 48
18 47
53 79
14 17
47 80
46 83
9 13
23 50
72 85
31 34
66 72
10 74
38 41
34 38
11 14
24 50
44 85
30 33
21 36
50 81
14 47
2 6
72 84
70 85
33 65
74 81
74 84
48 82
37 69
10 45
48 81
28 61
11 15
43 91
23 48
2 5
34 37
66 70
39 44
22 32
59 63
61 65
27 32
46 82
45 84
2 7
20 39
43 46
51 80
54 58
39 46
86 90
40 43
19 48
61 64
63 66
49 80
45 82
23 51
74 82
50 79
57 61
4 8
21 47
53 58
64 67
66 69
13 16
54 57
65 70
65 68
7 74
2 72
22 50
24 51
6 10
60 64
50 58
71 83
10 13
73 76
47 83
21 32
39 43
27 61
40 85
22 48
20 47
53 57
21 49
51 79
45 85
10 14
57 60
30 34
17 46
32 36
44 91
73 82
3 6
62 66
35 39
75 80
73 84
65 71
40 84
49 81
76 81
21 39
71 85
14 46
14 82
32 35
4 7
44 90
90 93
8 74
75 82
29 33
44 86
5 8
8 12
19 80
23 49
87 91
58 61
63 67
3 7
40 45
73 81
37 41
47 82
41 44
75 81
23 28
13 17
64 68
11 82
62 81
