39 36
40 37
8 5
7 4
36 33
41 37
38 35
37 34
38 34
8 4
34 31
68 65
40 36
41 38
34 30
37 33
43 40
39 35
13 10
36 32
6 3
13 9
11 8
12 9
67 64
90 87
32 29
35 32
9 6
33 30
42 38
35 31
68 64
42 39
54 51
61 58
62 59
80 50
7 3
12 8
69 66
9 5
57 54
59 56
43 39
79 50
6 2
32 28
33 29
90 86
81 50
10 7
14 11
55 52
81 49
14 10
60 57
17 14
80 49
71 66
80 77
58 55
91 88
70 67
61 57
5 2
82 77
66 63
31 28
67 63
89 86
15 11
30 27
43 20
81 48
71 67
56 52
70 66
60 56
10 6
72 69
11 7
56 53
63 59
94 91
58 54
69 33
82 14
65 36
85 37
32 21
76 73
62 58
15 12
54 50
63 60
73 67
36 39
37 40
5 8
4 7
33 36
37 41
35 38
34 37
34 38
4 8
31 34
65 68
36 40
38 41
30 34
33 37
40 43
35 39
10 13
32 36
3 6
9 13
8 11
9 12
64 67
87 90
29 32
32 35
6 9
30 33
38 42
31 35
64 68
39 42
51 54
58 61
59 62
50 80
3 7
8 12
66 69
5 9
54 57
56 59
39 43
50 79
2 6
28 32
29 33
86 90
50 81
7 10
11 14
52 55
49 81
10 14
57 60
14 17
49 80
66 71
77 80
55 58
88 91
67 70
57 61
2 5
77 82
63 66
28 31
63 67
86 89
11 15
27 30
20 43
48 81
67 71
52 56
66 70
56 60
6 10
69 72
7 11
53 56
59 63
91 94
54 58
33 69
14 82
36 65
37 85
21 32
73 76
58 62
12 15
50 54
60 63
67 73
