39 36
38 35
7 4
40 36
34 31
36 33
85 37
8 5
13 9
36 32
40 37
39 35
41 38
8 4
38 34
68 64
37 34
11 8
32 29
42 38
65 36
35 32
12 9
82 14
68 65
41 37
39 20
43 20
37 33
6 3
67 64
61 58
35 31
33 30
13 10
90 86
75 11
90 87
7 3
12 8
80 49
34 30
42 39
80 50
69 66
32 21
9 6
59 56
43 39
54 51
82 77
33 29
57 54
69 33
62 59
14 11
58 54
9 5
63 59
66 62
6 2
71 66
66 63
79 50
81 50
92 13
79 58
43 40
58 55
81 48
14 10
46 36
60 57
65 33
48 21
32 28
76 73
49 21
15 11
70 67
61 56
43 17
61 57
10 7
87 41
73 66
67 63
77 14
65 23
46 20
89 86
62 58
76 50
5 2
60 56
56 52
82 75
85 40
51 23
80 77
55 52
83 66
73 11
81 49
17 14
91 88
10 6
51 25
70 66
76 58
56 53
15 12
11 7
67 30
75 12
69 65
73 62
45 15
32 20
33 28
91 86
30 27
54 50
55 27
31 28
81 77
56 27
81 73
32 27
10 5
44 13
72 69
79 52
73 67
62 28
53 50
55 51
61 28
79 53
59 55
79 49
78 75
65 62
91 87
55 28
36 39
35 38
4 7
36 40
31 34
33 36
37 85
5 8
9 13
32 36
37 40
35 39
38 41
4 8
34 38
64 68
34 37
8 11
29 32
38 42
36 65
32 35
9 12
14 82
65 68
37 41
20 39
20 43
33 37
3 6
64 67
58 61
31 35
30 33
10 13
86 90
11 75
87 90
3 7
8 12
49 80
30 34
39 42
50 80
66 69
21 32
6 9
56 59
39 43
51 54
77 82
29 33
54 57
33 69
59 62
11 14
54 58
5 9
59 63
62 66
2 6
66 71
63 66
50 79
50 81
13 92
58 79
40 43
55 58
48 81
10 14
36 46
57 60
33 65
21 48
28 32
73 76
21 49
11 15
67 70
56 61
17 43
57 61
7 10
41 87
66 73
63 67
14 77
23 65
20 46
86 89
58 62
50 76
2 5
56 60
52 56
75 82
40 85
23 51
77 80
52 55
66 83
11 73
49 81
14 17
88 91
6 10
25 51
66 70
58 76
53 56
12 15
7 11
30 67
12 75
65 69
62 73
15 45
20 32
28 33
86 91
27 30
50 54
27 55
28 31
77 81
27 56
73 81
27 32
5 10
13 44
69 72
52 79
67 73
28 62
50 53
51 55
28 61
53 79
55 59
49 79
75 78
62 65
87 91
28 55
