39 36
40 37
8 5
7 4
36 33
41 37
38 35
37 34
38 34
8 4
34 31
68 65
40 36
41 38
34 30
37 33
43 40
39 35
13 10
36 32
6 3
13 9
11 8
12 9
67 64
90 87
32 29
35 32
9 6
33 30
42 38
35 31
68 64
42 39
54 51
61 58
62 59
80 50
7 3
12 8
69 66
9 5
57 54
59 56
43 39
79 50
6 2
32 28
36 39
37 40
5 8
4 7
33 36
37 41
35 38
34 37
34 38
4 8
31 34
65 68
36 40
38 41
30 34
33 37
40 43
35 39
10 13
32 36
3 6
9 13
8 11
9 12
64 67
87 90
29 32
32 35
6 9
30 33
38 42
31 35
64 68
39 42
51 54
58 61
59 62
50 80
3 7
8 12
66 69
5 9
54 57
56 59
39 43
50 79
2 6
28 32
