82 14
85 37
13 9
7 4
65 36
68 64
39 20
8 4
32 21
75 11
43 20
83 66
87 41
63 59
92 13
79 58
82 77
73 11
69 33
76 50
80 49
90 86
85 40
46 36
43 17
65 33
49 21
73 62
51 25
82 75
71 66
42 38
81 48
65 23
48 21
67 30
73 66
36 21
46 20
81 73
6 3
61 56
76 58
32 29
76 59
43 39
81 50
32 20
14 82
37 85
9 13
4 7
36 65
64 68
20 39
4 8
21 32
11 75
20 43
66 83
41 87
59 63
13 92
58 79
77 82
11 73
33 69
50 76
49 80
86 90
40 85
36 46
17 43
33 65
21 49
62 73
25 51
75 82
66 71
38 42
48 81
23 65
21 48
30 67
66 73
21 36
20 46
73 81
3 6
56 61
58 76
29 32
59 76
39 43
50 81
20 32
