17 10
48 37
38 25
18 4
45 36
19 7
36 28
45 38
53 48
39 22
55 2
24 18
54 3
42 39
37 24
23 3
22 19
55 29
53 2
20 7
50 35
54 5
47 36
47 15
26 2
52 49
48 24
51 6
19 9
50 33
45 27
38 27
37 26
15 10
43 39
44 39
49 46
22 4
44 40
11 8
50 31
37 16
53 37
53 35
40 25
35 29
46 16
35 30
41 22
32 29
48 2
24 4
47 33
40 22
17 9
47 30
50 29
18 10
10 17
37 48
25 38
4 18
36 45
7 19
28 36
38 45
48 53
22 39
2 55
18 24
3 54
39 42
24 37
3 23
19 22
29 55
2 53
7 20
35 50
5 54
36 47
15 47
2 26
49 52
24 48
6 51
9 19
33 50
27 45
27 38
26 37
10 15
39 43
39 44
46 49
4 22
40 44
8 11
31 50
16 37
37 53
35 53
25 40
29 35
16 46
30 35
22 41
29 32
2 48
4 24
33 47
22 40
9 17
30 47
29 50
10 18
