54 3
47 36
38 25
55 3
54 2
55 2
52 49
37 24
45 38
45 36
46 36
22 19
37 25
42 39
38 26
36 28
53 2
47 37
54 4
23 3
48 37
43 40
38 24
44 38
19 7
24 2
45 37
44 40
43 39
25 2
24 3
17 10
53 48
36 26
53 49
46 37
52 48
53 3
12 9
44 39
49 35
23 2
39 22
37 26
39 23
20 7
43 38
37 27
39 25
46 38
50 33
44 41
15 10
50 35
39 24
48 36
13 10
50 34
36 27
53 50
26 2
17 9
48 35
18 4
40 24
49 34
11 8
40 23
47 35
23 4
35 28
24 18
40 22
22 3
19 9
35 26
51 48
53 4
38 27
15 12
33 30
22 4
14 10
48 34
55 29
45 39
49 46
3 54
36 47
25 38
3 55
2 54
2 55
49 52
24 37
38 45
36 45
36 46
19 22
25 37
39 42
26 38
28 36
2 53
37 47
4 54
3 23
37 48
40 43
24 38
38 44
7 19
2 24
37 45
40 44
39 43
2 25
3 24
10 17
48 53
26 36
49 53
37 46
48 52
3 53
9 12
39 44
35 49
2 23
22 39
26 37
23 39
7 20
38 43
27 37
25 39
38 46
33 50
41 44
10 15
35 50
24 39
36 48
10 13
34 50
27 36
50 53
2 26
9 17
35 48
4 18
24 40
34 49
8 11
23 40
35 47
4 23
28 35
18 24
22 40
3 22
9 19
26 35
48 51
4 53
27 38
12 15
30 33
4 22
10 14
34 48
29 55
39 45
46 49
