52 48
52 6
34 30
22 3
24 16
38 26
27 2
18 8
50 34
35 28
21 3
53 27
27 24
17 9
47 35
45 38
40 25
39 24
53 5
47 36
42 39
48 34
24 4
46 38
47 34
47 37
39 22
35 31
13 10
21 4
7 4
50 32
44 16
53 48
15 10
54 5
37 25
24 2
48 15
39 23
49 34
48 35
47 15
53 4
20 5
46 14
53 35
46 36
48 24
52 8
39 16
23 3
40 24
44 39
17 10
24 3
37 24
45 39
22 18
37 28
53 3
47 16
23 2
37 26
15 11
36 27
54 3
18 4
46 37
16 8
46 15
34 31
20 6
47 14
52 5
8 4
48 36
49 33
36 28
50 33
35 27
48 16
45 36
35 30
52 49
20 4
35 29
47 12
44 17
22 4
43 40
47 30
45 37
52 7
39 25
15 12
36 30
51 33
17 8
16 10
46 16
43 38
50 35
24 18
48 18
52 18
38 24
44 38
41 22
19 7
40 23
55 27
53 50
23 4
45 16
22 19
41 23
20 7
48 8
19 4
52 4
40 22
15 8
37 16
53 2
48 37
38 25
37 27
39 18
18 7
43 39
53 24
49 8
55 2
54 2
