17 10
48 37
38 25
18 4
45 36
19 7
36 28
45 38
53 48
39 22
55 2
24 18
54 3
42 39
37 24
23 3
22 19
55 29
53 2
20 7
50 35
54 5
47 36
47 15
26 2
52 49
48 24
51 6
19 9
50 33
45 27
38 27
37 26
15 10
43 39
44 39
49 46
22 4
44 40
11 8
50 31
37 16
53 37
53 35
40 25
35 29
46 16
35 30
41 22
32 29
48 2
24 4
47 33
40 22
17 9
47 30
50 29
18 10
20 3
49 34
13 9
47 12
35 26
33 15
32 28
55 35
52 46
52 34
36 30
32 14
37 18
43 38
54 11
27 14
20 9
11 2
52 47
20 6
52 4
34 6
51 34
47 11
52 6
39 16
44 41
38 26
50 30
10 17
37 48
25 38
4 18
36 45
7 19
28 36
38 45
48 53
22 39
2 55
18 24
3 54
39 42
24 37
3 23
19 22
29 55
2 53
7 20
35 50
5 54
36 47
15 47
2 26
49 52
24 48
6 51
9 19
33 50
27 45
27 38
26 37
10 15
39 43
39 44
46 49
4 22
40 44
8 11
31 50
16 37
37 53
35 53
25 40
29 35
16 46
30 35
22 41
29 32
2 48
4 24
33 47
22 40
9 17
30 47
29 50
10 18
3 20
34 49
9 13
12 47
26 35
15 33
28 32
35 55
46 52
34 52
30 36
14 32
18 37
38 43
11 54
14 27
9 20
2 11
47 52
6 20
4 52
6 34
34 51
11 47
6 52
16 39
41 44
26 38
30 50
