10 7
9 6
68 65
11 8
59 56
66 63
83 40
57 54
77 74
76 73
46 30
58 55
77 73
78 74
12 9
90 43
67 63
56 53
97 94
86 72
87 71
40 37
5 2
60 57
41 36
78 75
14 11
42 33
65 62
13 9
74 70
44 12
76 72
75 72
12 8
75 71
6 3
88 41
58 54
11 7
43 34
62 59
61 58
84 72
88 43
65 61
61 46
62 58
60 56
78 11
35 5
84 76
67 64
71 15
14 10
63 60
25 22
47 29
13 10
6 2
74 71
59 55
63 25
67 24
97 93
73 69
57 53
71 12
70 67
72 68
15 11
10 6
42 34
79 76
72 69
84 75
73 70
18 15
86 41
7 4
40 35
64 46
15 12
17 14
75 15
7 3
88 42
81 4
18 14
87 42
63 22
42 35
78 14
79 75
64 61
79 8
39 35
19 16
74 19
71 68
67 23
86 68
96 93
61 57
41 35
66 62
40 36
63 59
75 11
80 7
39 36
41 37
91 57
35 4
56 52
9 5
16 12
68 64
16 13
41 38
60 48
89 43
86 71
84 81
88 36
93 57
80 76
75 8
87 75
82 39
46 29
37 3
67 22
91 47
69 65
91 48
70 15
64 60
69 66
46 31
87 72
85 72
82 40
53 50
84 80
69 23
47 31
44 30
20 17
23 20
