11 8
58 55
77 74
10 7
57 54
9 6
68 65
77 73
66 63
78 74
40 37
76 73
59 56
12 8
12 9
75 72
97 94
5 2
76 72
56 53
67 63
78 75
41 36
59 55
13 9
14 11
60 57
90 43
6 3
74 71
58 54
65 62
63 60
11 7
67 64
88 41
61 58
60 56
70 67
62 59
65 61
43 34
42 34
42 33
57 53
46 30
74 70
88 43
75 71
41 35
13 10
6 2
41 37
62 58
86 72
7 4
97 93
79 76
10 6
25 22
19 16
88 42
79 75
18 15
40 36
14 10
83 40
87 42
71 68
15 11
87 71
73 70
86 41
15 12
66 62
40 35
35 5
89 43
61 57
7 3
72 69
9 5
68 64
53 50
39 36
42 36
67 24
96 93
63 59
47 29
67 23
85 72
69 66
70 66
64 61
23 20
41 38
42 35
17 14
87 72
8 11
55 58
74 77
7 10
54 57
6 9
65 68
73 77
63 66
74 78
37 40
73 76
56 59
8 12
9 12
72 75
94 97
2 5
72 76
53 56
63 67
75 78
36 41
55 59
9 13
11 14
57 60
43 90
3 6
71 74
54 58
62 65
60 63
7 11
64 67
41 88
58 61
56 60
67 70
59 62
61 65
34 43
34 42
33 42
53 57
30 46
70 74
43 88
71 75
35 41
10 13
2 6
37 41
58 62
72 86
4 7
93 97
76 79
6 10
22 25
16 19
42 88
75 79
15 18
36 40
10 14
40 83
42 87
68 71
11 15
71 87
70 73
41 86
12 15
62 66
35 40
5 35
43 89
57 61
3 7
69 72
5 9
64 68
50 53
36 39
36 42
24 67
93 96
59 63
29 47
23 67
72 85
66 69
66 70
61 64
20 23
38 41
35 42
14 17
72 87
