61 46
83 40
68 65
90 43
44 12
41 36
78 11
86 72
88 41
9 6
56 53
87 71
46 30
71 15
64 46
84 76
88 43
77 73
35 5
71 12
10 7
74 70
65 61
42 33
81 4
63 25
40 37
25 22
78 74
57 54
67 24
84 72
75 15
86 68
79 8
78 14
43 34
66 63
59 56
77 74
63 22
67 63
84 75
11 7
47 29
62 58
15 11
93 57
70 67
74 19
97 93
97 94
75 11
80 7
75 8
62 59
18 14
87 75
73 69
14 11
91 57
93 54
79 11
60 48
88 36
91 47
91 48
86 41
91 61
87 12
84 80
67 23
67 22
11 8
90 34
12 8
37 3
80 76
61 30
83 35
69 23
39 35
61 48
51 47
76 72
74 15
96 57
35 4
45 34
70 15
59 55
58 55
82 39
60 26
91 46
40 35
6 2
87 42
44 30
23 20
80 4
14 10
65 46
60 25
37 2
41 37
63 24
88 28
17 14
36 11
49 10
90 6
97 32
60 21
66 24
95 86
88 68
97 13
70 66
90 65
72 35
32 29
64 23
59 7
61 47
25 20
64 48
64 25
55 20
78 19
87 76
79 72
78 15
93 90
79 7
74 9
95 32
36 32
60 20
95 48
59 53
29 23
64 40
48 27
90 41
54 26
70 25
88 62
89 71
46 31
46 61
40 83
65 68
43 90
12 44
36 41
11 78
72 86
41 88
6 9
53 56
71 87
30 46
15 71
46 64
76 84
43 88
73 77
5 35
12 71
7 10
70 74
61 65
33 42
4 81
25 63
37 40
22 25
74 78
54 57
24 67
72 84
15 75
68 86
8 79
14 78
34 43
63 66
56 59
74 77
22 63
63 67
75 84
7 11
29 47
58 62
11 15
57 93
67 70
19 74
93 97
94 97
11 75
7 80
8 75
59 62
14 18
75 87
69 73
11 14
57 91
54 93
11 79
48 60
36 88
47 91
48 91
41 86
61 91
12 87
80 84
23 67
22 67
8 11
34 90
8 12
3 37
76 80
30 61
35 83
23 69
35 39
48 61
47 51
72 76
15 74
57 96
4 35
34 45
15 70
55 59
55 58
39 82
26 60
46 91
35 40
2 6
42 87
30 44
20 23
4 80
10 14
46 65
25 60
2 37
37 41
24 63
28 88
14 17
11 36
10 49
6 90
32 97
21 60
24 66
86 95
68 88
13 97
66 70
65 90
35 72
29 32
23 64
7 59
47 61
20 25
48 64
25 64
20 55
19 78
76 87
72 79
15 78
90 93
7 79
9 74
32 95
32 36
20 60
48 95
53 59
23 29
40 64
27 48
41 90
26 54
25 70
62 88
71 89
31 46
