61 46
83 40
68 65
90 43
44 12
41 36
78 11
86 72
88 41
9 6
56 53
87 71
46 30
71 15
64 46
84 76
88 43
77 73
35 5
71 12
10 7
74 70
65 61
42 33
81 4
63 25
40 37
25 22
78 74
57 54
67 24
84 72
75 15
86 68
79 8
78 14
43 34
66 63
59 56
77 74
63 22
67 63
84 75
11 7
47 29
62 58
15 11
93 57
70 67
74 19
46 61
40 83
65 68
43 90
12 44
36 41
11 78
72 86
41 88
6 9
53 56
71 87
30 46
15 71
46 64
76 84
43 88
73 77
5 35
12 71
7 10
70 74
61 65
33 42
4 81
25 63
37 40
22 25
74 78
54 57
24 67
72 84
15 75
68 86
8 79
14 78
34 43
63 66
56 59
74 77
22 63
63 67
75 84
7 11
29 47
58 62
11 15
57 93
67 70
19 74
