61 58
42 33
48 28
42 36
12 9
47 30
59 56
15 12
87 68
60 56
40 37
11 7
87 41
35 2
92 47
80 76
30 12
85 42
78 75
85 39
39 36
76 72
91 61
60 25
89 44
27 17
44 9
29 16
45 32
51 25
11 8
20 15
82 76
85 41
75 12
89 61
78 11
81 77
74 70
40 36
63 60
51 48
32 9
10 7
27 20
79 76
83 40
9 5
19 15
54 51
18 14
57 25
88 68
79 7
56 53
75 11
79 11
20 16
59 55
42 5
45 33
62 59
88 42
57 48
42 39
87 44
53 50
35 4
49 25
72 69
48 29
71 67
65 62
35 5
50 25
90 46
88 44
33 8
43 34
47 31
39 4
9 6
80 77
25 22
91 46
62 58
16 12
46 31
33 30
44 33
47 28
42 35
85 72
50 26
87 42
14 11
26 22
65 61
13 9
41 35
90 61
86 40
5 2
34 2
77 73
33 5
17 14
18 15
90 45
72 68
48 25
75 8
27 21
71 15
6 2
84 72
10 6
90 43
56 24
21 18
79 75
89 65
28 20
50 24
51 47
15 11
57 51
41 38
30 9
49 29
64 61
89 43
16 13
26 21
75 72
43 35
33 9
43 33
28 17
93 47
63 59
28 16
60 22
75 71
20 17
74 71
58 54
49 26
91 45
91 47
41 36
66 63
61 57
28 25
92 46
45 31
67 64
8 4
86 42
68 65
69 66
44 30
89 46
88 65
46 32
73 70
48 27
79 8
57 54
26 23
46 28
84 81
84 75
29 17
46 29
71 12
92 31
56 51
42 34
45 30
44 34
49 28
86 41
17 13
33 6
87 72
12 8
86 72
47 29
7 3
60 57
68 64
44 31
81 76
44 32
39 35
80 75
90 44
7 4
73 69
74 15
78 74
13 8
6 3
89 64
88 43
66 62
76 73
49 27
84 40
34 5
87 43
29 13
40 35
85 40
56 25
67 63
71 68
14 10
64 60
84 76
58 55
92 45
77 74
57 53
70 67
30 13
48 26
13 10
46 30
89 45
19 16
83 76
8 5
58 61
33 42
28 48
36 42
9 12
30 47
56 59
12 15
68 87
56 60
37 40
7 11
41 87
2 35
47 92
76 80
12 30
42 85
75 78
39 85
36 39
72 76
61 91
25 60
44 89
17 27
9 44
16 29
32 45
25 51
8 11
15 20
76 82
41 85
12 75
61 89
11 78
77 81
70 74
36 40
60 63
48 51
9 32
7 10
20 27
76 79
40 83
5 9
15 19
51 54
14 18
25 57
68 88
7 79
53 56
11 75
11 79
16 20
55 59
5 42
33 45
59 62
42 88
48 57
39 42
44 87
50 53
4 35
25 49
69 72
29 48
67 71
62 65
5 35
25 50
46 90
44 88
8 33
34 43
31 47
4 39
6 9
77 80
22 25
46 91
58 62
12 16
31 46
30 33
33 44
28 47
35 42
72 85
26 50
42 87
11 14
22 26
61 65
9 13
35 41
61 90
40 86
2 5
2 34
73 77
5 33
14 17
15 18
45 90
68 72
25 48
8 75
21 27
15 71
2 6
72 84
6 10
43 90
24 56
18 21
75 79
65 89
20 28
24 50
47 51
11 15
51 57
38 41
9 30
29 49
61 64
43 89
13 16
21 26
72 75
35 43
9 33
33 43
17 28
47 93
59 63
16 28
22 60
71 75
17 20
71 74
54 58
26 49
45 91
47 91
36 41
63 66
57 61
25 28
46 92
31 45
64 67
4 8
42 86
65 68
66 69
30 44
46 89
65 88
32 46
70 73
27 48
8 79
54 57
23 26
28 46
81 84
75 84
17 29
29 46
12 71
31 92
51 56
34 42
30 45
34 44
28 49
41 86
13 17
6 33
72 87
8 12
72 86
29 47
3 7
57 60
64 68
31 44
76 81
32 44
35 39
75 80
44 90
4 7
69 73
15 74
74 78
8 13
3 6
64 89
43 88
62 66
73 76
27 49
40 84
5 34
43 87
13 29
35 40
40 85
25 56
63 67
68 71
10 14
60 64
76 84
55 58
45 92
74 77
53 57
67 70
13 30
26 48
10 13
30 46
45 89
16 19
76 83
5 8
