61 46
83 40
68 65
90 43
44 12
41 36
78 11
86 72
88 41
9 6
56 53
87 71
46 30
71 15
64 46
84 76
88 43
77 73
35 5
71 12
10 7
74 70
65 61
42 33
81 4
63 25
40 37
25 22
78 74
57 54
67 24
84 72
75 15
86 68
79 8
78 14
43 34
66 63
59 56
77 74
63 22
67 63
84 75
11 7
47 29
62 58
15 11
93 57
70 67
74 19
97 93
97 94
75 11
80 7
75 8
62 59
18 14
87 75
73 69
14 11
91 57
93 54
79 11
60 48
88 36
91 47
91 48
86 41
91 61
87 12
84 80
67 23
67 22
11 8
90 34
12 8
37 3
80 76
61 30
83 35
69 23
39 35
61 48
51 47
76 72
74 15
96 57
35 4
45 34
70 15
59 55
58 55
82 39
60 26
91 46
40 35
6 2
87 42
44 30
23 20
