10 7
9 6
68 65
11 8
59 56
66 63
83 40
57 54
77 74
76 73
46 30
58 55
77 73
78 74
12 9
90 43
67 63
56 53
97 94
86 72
87 71
40 37
5 2
60 57
41 36
78 75
14 11
42 33
65 62
13 9
74 70
44 12
76 72
75 72
12 8
75 71
6 3
88 41
58 54
11 7
43 34
62 59
61 58
84 72
88 43
65 61
61 46
62 58
60 56
78 11
7 10
6 9
65 68
8 11
56 59
63 66
40 83
54 57
74 77
73 76
30 46
55 58
73 77
74 78
9 12
43 90
63 67
53 56
94 97
72 86
71 87
37 40
2 5
57 60
36 41
75 78
11 14
33 42
62 65
9 13
70 74
12 44
72 76
72 75
8 12
71 75
3 6
41 88
54 58
7 11
34 43
59 62
58 61
72 84
43 88
61 65
46 61
58 62
56 60
11 78
