15 12
16 12
14 11
15 11
16 13
13 10
17 14
17 13
14 10
23 20
20 16
13 9
22 19
104 38
23 19
131 104
24 21
21 17
25 22
20 17
85 82
131 102
80 56
12 9
18 14
19 15
67 63
21 18
24 20
134 49
125 109
25 21
19 16
137 99
126 123
36 30
18 15
22 18
78 56
98 47
101 42
130 61
103 39
73 60
111 35
36 22
136 56
10 7
68 60
69 61
74 68
133 102
125 115
92 33
107 89
106 38
104 40
12 8
131 60
105 93
11 8
101 98
136 99
103 97
106 18
127 15
126 117
133 58
124 117
80 54
92 31
103 93
123 63
138 56
123 11
95 51
132 105
38 25
71 60
93 83
12 15
12 16
11 14
11 15
13 16
10 13
14 17
13 17
10 14
20 23
16 20
9 13
19 22
38 104
19 23
104 131
21 24
17 21
22 25
17 20
82 85
102 131
56 80
9 12
14 18
15 19
63 67
18 21
20 24
49 134
109 125
21 25
16 19
99 137
123 126
30 36
15 18
18 22
56 78
47 98
42 101
61 130
39 103
60 73
35 111
22 36
56 136
7 10
60 68
61 69
68 74
102 133
115 125
33 92
89 107
38 106
40 104
8 12
60 131
93 105
8 11
98 101
99 136
97 103
18 106
15 127
117 126
58 133
117 124
54 80
31 92
93 103
63 123
56 138
11 123
51 95
105 132
25 38
60 71
83 93
