104 38
68 60
125 109
85 82
36 22
126 123
105 93
73 60
98 47
67 63
133 102
101 98
74 68
103 93
137 99
125 115
69 61
17 13
136 99
131 102
80 56
107 89
103 97
93 83
20 16
104 40
92 33
106 38
124 117
127 15
16 12
134 49
106 18
14 10
111 35
136 56
131 104
21 17
101 42
126 117
75 72
36 30
123 63
131 60
95 51
84 52
123 11
38 25
132 105
105 94
135 78
103 31
15 11
78 56
25 21
30 23
138 80
138 56
70 59
103 96
109 15
75 58
133 58
130 61
103 39
22 19
106 19
91 88
127 64
13 9
73 58
101 97
75 71
92 31
73 68
78 58
72 58
92 35
99 46
25 22
38 104
60 68
109 125
82 85
22 36
123 126
93 105
60 73
47 98
63 67
102 133
98 101
68 74
93 103
99 137
115 125
61 69
13 17
99 136
102 131
56 80
89 107
97 103
83 93
16 20
40 104
33 92
38 106
117 124
15 127
12 16
49 134
18 106
10 14
35 111
56 136
104 131
17 21
42 101
117 126
72 75
30 36
63 123
60 131
51 95
52 84
11 123
25 38
105 132
94 105
78 135
31 103
11 15
56 78
21 25
23 30
80 138
56 138
59 70
96 103
15 109
58 75
58 133
61 130
39 103
19 22
19 106
88 91
64 127
9 13
58 73
97 101
71 75
31 92
68 73
58 78
58 72
35 92
46 99
22 25
