104 38
68 60
125 109
85 82
36 22
126 123
105 93
73 60
98 47
67 63
133 102
101 98
74 68
103 93
137 99
125 115
69 61
17 13
136 99
131 102
80 56
107 89
103 97
93 83
20 16
104 40
92 33
106 38
124 117
127 15
16 12
134 49
106 18
14 10
111 35
136 56
131 104
21 17
101 42
126 117
75 72
36 30
123 63
131 60
95 51
84 52
123 11
38 25
132 105
105 94
135 78
103 31
15 11
78 56
25 21
30 23
138 80
138 56
70 59
103 96
109 15
75 58
133 58
130 61
103 39
22 19
106 19
91 88
127 64
13 9
73 58
101 97
75 71
92 31
73 68
78 58
72 58
92 35
99 46
25 22
132 93
16 13
119 116
121 67
125 12
95 91
91 86
106 22
101 47
129 64
24 20
101 43
10 7
86 81
91 84
26 21
14 11
105 35
24 21
82 54
84 50
135 58
102 73
129 106
134 97
90 86
71 68
80 54
30 22
132 86
97 39
90 57
96 35
71 58
84 51
94 83
109 19
36 28
90 61
83 55
23 20
103 98
36 25
17 14
11 8
101 93
72 59
98 42
69 59
68 62
112 87
123 117
94 57
109 64
93 35
96 31
91 52
70 63
71 60
106 28
130 69
64 15
107 87
111 92
121 118
15 12
96 92
98 43
96 37
55 49
70 61
101 39
32 29
96 33
44 26
130 87
83 57
28 22
90 70
21 13
