15 12
16 12
14 11
15 11
16 13
13 10
17 14
17 13
14 10
23 20
20 16
13 9
22 19
104 38
23 19
131 104
24 21
21 17
25 22
20 17
85 82
131 102
80 56
12 9
18 14
19 15
67 63
21 18
24 20
134 49
125 109
25 21
19 16
137 99
126 123
36 30
18 15
22 18
78 56
98 47
101 42
130 61
103 39
73 60
111 35
36 22
136 56
10 7
68 60
69 61
74 68
133 102
125 115
92 33
107 89
106 38
104 40
12 8
131 60
105 93
11 8
101 98
136 99
103 97
106 18
127 15
126 117
133 58
124 117
80 54
92 31
103 93
123 63
138 56
123 11
95 51
132 105
38 25
71 60
93 83
75 72
84 52
75 71
103 96
103 40
135 78
71 59
78 58
92 35
95 91
103 38
109 15
102 39
72 58
71 68
72 59
75 58
153 150
30 23
101 97
70 59
131 103
11 7
129 106
130 60
138 80
73 58
85 81
68 62
82 54
102 40
91 88
127 64
104 39
68 61
86 81
10 6
67 62
99 46
26 21
106 19
72 60
71 58
123 117
28 22
26 22
73 68
79 56
148 145
154 151
68 63
129 64
132 102
132 93
121 118
121 67
76 73
91 86
53 50
105 35
9 6
125 12
103 31
70 61
36 29
101 43
66 63
96 93
107 87
101 47
26 23
155 152
94 91
84 51
66 62
119 116
69 63
8 5
105 94
106 22
90 86
94 83
95 92
80 55
69 59
122 63
73 59
30 22
98 46
97 39
129 104
98 45
36 28
86 82
37 31
134 97
69 60
135 58
91 85
76 72
83 55
109 16
71 61
156 153
98 42
69 62
91 84
36 25
135 56
132 103
104 37
90 57
130 104
42 39
149 146
150 147
154 150
152 149
84 50
67 64
37 29
105 38
132 104
84 81
70 60
92 34
81 56
70 63
111 108
28 23
131 105
81 54
96 92
121 117
151 148
35 30
124 115
105 36
109 19
82 55
96 33
130 59
29 26
98 43
96 35
122 117
101 93
36 31
157 154
90 87
132 86
35 31
103 37
9 5
90 70
131 59
74 71
93 35
77 74
37 30
