15 12
16 12
14 11
15 11
16 13
13 10
17 14
17 13
14 10
23 20
20 16
13 9
22 19
104 38
23 19
131 104
24 21
21 17
25 22
20 17
85 82
131 102
80 56
12 9
18 14
19 15
67 63
21 18
24 20
134 49
125 109
25 21
19 16
137 99
126 123
36 30
18 15
22 18
78 56
98 47
101 42
130 61
103 39
73 60
111 35
36 22
136 56
10 7
68 60
69 61
74 68
133 102
125 115
92 33
107 89
106 38
104 40
12 8
131 60
105 93
11 8
101 98
136 99
103 97
106 18
127 15
126 117
133 58
124 117
80 54
92 31
103 93
123 63
138 56
123 11
95 51
132 105
38 25
71 60
93 83
75 72
84 52
75 71
103 96
103 40
135 78
71 59
78 58
92 35
95 91
103 38
109 15
102 39
72 58
71 68
72 59
75 58
153 150
30 23
101 97
70 59
131 103
11 7
129 106
130 60
138 80
73 58
85 81
68 62
82 54
102 40
91 88
127 64
104 39
68 61
86 81
10 6
67 62
99 46
26 21
106 19
72 60
71 58
123 117
28 22
26 22
73 68
79 56
148 145
154 151
68 63
129 64
132 102
132 93
121 118
121 67
76 73
91 86
53 50
105 35
9 6
125 12
103 31
70 61
36 29
101 43
66 63
96 93
107 87
101 47
26 23
155 152
94 91
84 51
66 62
119 116
69 63
8 5
105 94
106 22
12 15
12 16
11 14
11 15
13 16
10 13
14 17
13 17
10 14
20 23
16 20
9 13
19 22
38 104
19 23
104 131
21 24
17 21
22 25
17 20
82 85
102 131
56 80
9 12
14 18
15 19
63 67
18 21
20 24
49 134
109 125
21 25
16 19
99 137
123 126
30 36
15 18
18 22
56 78
47 98
42 101
61 130
39 103
60 73
35 111
22 36
56 136
7 10
60 68
61 69
68 74
102 133
115 125
33 92
89 107
38 106
40 104
8 12
60 131
93 105
8 11
98 101
99 136
97 103
18 106
15 127
117 126
58 133
117 124
54 80
31 92
93 103
63 123
56 138
11 123
51 95
105 132
25 38
60 71
83 93
72 75
52 84
71 75
96 103
40 103
78 135
59 71
58 78
35 92
91 95
38 103
15 109
39 102
58 72
68 71
59 72
58 75
150 153
23 30
97 101
59 70
103 131
7 11
106 129
60 130
80 138
58 73
81 85
62 68
54 82
40 102
88 91
64 127
39 104
61 68
81 86
6 10
62 67
46 99
21 26
19 106
60 72
58 71
117 123
22 28
22 26
68 73
56 79
145 148
151 154
63 68
64 129
102 132
93 132
118 121
67 121
73 76
86 91
50 53
35 105
6 9
12 125
31 103
61 70
29 36
43 101
63 66
93 96
87 107
47 101
23 26
152 155
91 94
51 84
62 66
116 119
63 69
5 8
94 105
22 106
