111 108
7 3
134 49
103 37
36 19
38 25
85 82
122 69
132 59
70 59
127 15
82 49
135 57
135 78
153 29
25 21
35 31
128 87
142 139
143 50
124 116
129 107
105 93
106 37
94 55
86 83
149 144
69 63
151 148
98 43
140 99
125 12
35 30
156 32
71 68
95 91
83 55
124 117
129 106
80 57
86 82
138 54
127 107
81 55
128 113
90 83
114 109
12 8
141 138
142 47
37 29
8 5
141 47
131 105
146 48
122 112
157 29
149 146
106 36
98 45
122 113
153 96
94 90
145 47
108 35
90 81
100 42
137 54
20 16
126 122
84 52
107 88
69 61
73 58
135 100
132 57
134 55
125 15
102 39
117 114
98 48
103 97
140 136
28 23
91 83
135 56
128 112
129 63
93 35
100 41
94 91
145 46
8 4
137 134
37 28
137 53
131 104
107 89
20 17
127 106
134 94
149 145
69 62
73 59
126 123
132 58
85 81
91 51
25 22
99 43
13 9
155 152
111 92
111 88
114 110
100 45
75 71
138 53
141 50
92 31
21 17
18 14
119 116
9 6
68 60
131 40
11 7
10 6
103 38
36 30
149 96
111 35
99 45
110 88
67 62
95 51
88 33
144 96
72 59
82 54
68 62
64 14
141 53
151 147
18 15
137 56
133 59
82 53
149 97
78 57
128 105
68 61
124 115
36 31
74 71
95 48
99 44
144 48
17 14
83 50
105 89
83 49
128 63
78 58
83 53
152 144
36 28
106 35
17 13
12 9
82 51
111 34
156 153
67 63
125 11
95 50
83 52
80 56
129 105
112 87
91 88
117 109
146 46
10 7
138 55
134 56
81 54
121 63
141 48
131 102
150 147
53 49
143 49
23 19
13 10
36 29
156 152
122 117
129 104
103 93
72 60
146 47
113 87
157 153
134 57
78 72
112 89
126 11
37 31
141 49
131 103
150 146
112 88
141 137
53 50
9 5
38 27
55 49
103 39
106 22
28 22
109 12
107 36
22 18
137 47
106 18
135 55
128 122
91 86
126 109
93 90
113 109
71 61
94 81
156 31
154 150
79 59
115 109
134 100
14 11
92 33
126 113
104 39
136 55
145 48
39 27
96 93
70 61
76 72
130 60
142 49
132 102
102 41
133 41
91 87
19 16
93 89
121 69
94 86
75 72
146 98
79 56
134 99
134 101
104 38
144 47
89 33
121 67
136 56
96 92
125 115
123 117
154 151
16 13
105 35
16 12
131 59
127 18
81 57
28 24
38 22
127 19
148 145
101 41
24 21
73 60
24 20
130 59
101 42
132 94
95 83
131 60
152 149
144 95
94 83
133 101
108 36
156 29
101 98
30 23
134 102
6 3
139 53
125 117
84 51
133 100
28 25
143 53
130 61
135 99
101 43
132 93
142 53
131 61
15 11
22 19
106 19
133 102
137 99
71 60
89 86
156 30
79 58
101 97
126 114
11 8
134 97
126 112
104 40
70 60
126 63
66 63
64 18
66 62
117 113
121 118
123 11
97 94
106 23
135 58
102 43
129 22
106 38
79 75
98 47
36 23
94 48
136 99
111 107
157 154
107 35
105 36
89 35
123 120
80 55
111 87
155 151
112 108
38 28
130 105
148 144
143 48
124 11
19 15
42 39
107 87
98 44
94 49
132 97
129 66
6 2
86 81
93 37
108 34
127 112
137 55
129 61
126 117
103 40
100 43
127 64
23 20
142 50
92 89
130 90
126 64
116 113
125 114
104 37
137 49
80 54
5 2
92 35
118 113
36 22
112 109
71 59
149 48
15 12
106 28
108 19
130 107
97 48
132 90
109 15
76 73
152 148
100 97
124 8
101 45
34 30
143 95
134 98
129 64
14 10
153 149
107 90
130 62
97 49
92 88
130 104
112 107
95 92
143 47
38 29
34 31
125 109
117 112
120 117
79 72
97 93
102 40
98 46
77 72
132 103
91 84
133 40
105 37
79 57
127 109
129 62
90 86
124 109
148 48
133 57
132 104
124 114
140 47
90 87
78 56
128 62
72 57
21 18
122 119
132 105
119 113
149 98
153 150
140 137
82 52
133 58
111 33
125 8
122 63
126 15
122 118
99 46
72 58
96 48
100 44
101 39
111 89
82 55
128 61
152 96
7 4
99 47
146 45
127 108
83 51
94 57
105 90
74 68
128 107
95 49
64 15
128 106
108 111
3 7
49 134
37 103
19 36
25 38
82 85
69 122
59 132
59 70
15 127
49 82
57 135
78 135
29 153
21 25
31 35
87 128
139 142
50 143
116 124
107 129
93 105
37 106
55 94
83 86
144 149
63 69
148 151
43 98
99 140
12 125
30 35
32 156
68 71
91 95
55 83
117 124
106 129
57 80
82 86
54 138
107 127
55 81
113 128
83 90
109 114
8 12
138 141
47 142
29 37
5 8
47 141
105 131
48 146
112 122
29 157
146 149
36 106
45 98
113 122
96 153
90 94
47 145
35 108
81 90
42 100
54 137
16 20
122 126
52 84
88 107
61 69
58 73
100 135
57 132
55 134
15 125
39 102
114 117
48 98
97 103
136 140
23 28
83 91
56 135
112 128
63 129
35 93
41 100
91 94
46 145
4 8
134 137
28 37
53 137
104 131
89 107
17 20
106 127
94 134
145 149
62 69
59 73
123 126
58 132
81 85
51 91
22 25
43 99
9 13
152 155
92 111
88 111
110 114
45 100
71 75
53 138
50 141
31 92
17 21
14 18
116 119
6 9
60 68
40 131
7 11
6 10
38 103
30 36
96 149
35 111
45 99
88 110
62 67
51 95
33 88
96 144
59 72
54 82
62 68
14 64
53 141
147 151
15 18
56 137
59 133
53 82
97 149
57 78
105 128
61 68
115 124
31 36
71 74
48 95
44 99
48 144
14 17
50 83
89 105
49 83
63 128
58 78
53 83
144 152
28 36
35 106
13 17
9 12
51 82
34 111
153 156
63 67
11 125
50 95
52 83
56 80
105 129
87 112
88 91
109 117
46 146
7 10
55 138
56 134
54 81
63 121
48 141
102 131
147 150
49 53
49 143
19 23
10 13
29 36
152 156
117 122
104 129
93 103
60 72
47 146
87 113
153 157
57 134
72 78
89 112
11 126
31 37
49 141
103 131
146 150
88 112
137 141
50 53
5 9
27 38
49 55
39 103
22 106
22 28
12 109
36 107
18 22
47 137
18 106
55 135
122 128
86 91
109 126
90 93
109 113
61 71
81 94
31 156
150 154
59 79
109 115
100 134
11 14
33 92
113 126
39 104
55 136
48 145
27 39
93 96
61 70
72 76
60 130
49 142
102 132
41 102
41 133
87 91
16 19
89 93
69 121
86 94
72 75
98 146
56 79
99 134
101 134
38 104
47 144
33 89
67 121
56 136
92 96
115 125
117 123
151 154
13 16
35 105
12 16
59 131
18 127
57 81
24 28
22 38
19 127
145 148
41 101
21 24
60 73
20 24
59 130
42 101
94 132
83 95
60 131
149 152
95 144
83 94
101 133
36 108
29 156
98 101
23 30
102 134
3 6
53 139
117 125
51 84
100 133
25 28
53 143
61 130
99 135
43 101
93 132
53 142
61 131
11 15
19 22
19 106
102 133
99 137
60 71
86 89
30 156
58 79
97 101
114 126
8 11
97 134
112 126
40 104
60 70
63 126
63 66
18 64
62 66
113 117
118 121
11 123
94 97
23 106
58 135
43 102
22 129
38 106
75 79
47 98
23 36
48 94
99 136
107 111
154 157
35 107
36 105
35 89
120 123
55 80
87 111
151 155
108 112
28 38
105 130
144 148
48 143
11 124
15 19
39 42
87 107
44 98
49 94
97 132
66 129
2 6
81 86
37 93
34 108
112 127
55 137
61 129
117 126
40 103
43 100
64 127
20 23
50 142
89 92
90 130
64 126
113 116
114 125
37 104
49 137
54 80
2 5
35 92
113 118
22 36
109 112
59 71
48 149
12 15
28 106
19 108
107 130
48 97
90 132
15 109
73 76
148 152
97 100
8 124
45 101
30 34
95 143
98 134
64 129
10 14
149 153
90 107
62 130
49 97
88 92
104 130
107 112
92 95
47 143
29 38
31 34
109 125
112 117
117 120
72 79
93 97
40 102
46 98
72 77
103 132
84 91
40 133
37 105
57 79
109 127
62 129
86 90
109 124
48 148
57 133
104 132
114 124
47 140
87 90
56 78
62 128
57 72
18 21
119 122
105 132
113 119
98 149
150 153
137 140
52 82
58 133
33 111
8 125
63 122
15 126
118 122
46 99
58 72
48 96
44 100
39 101
89 111
55 82
61 128
96 152
4 7
47 99
45 146
108 127
51 83
57 94
90 105
68 74
107 128
49 95
15 64
106 128
