170 166
169 166
41 37
169 165
168 165
171 167
170 167
37 34
36 33
36 32
172 168
63 60
41 38
35 31
62 59
106 103
161 158
42 38
171 168
35 32
107 104
42 39
34 31
106 102
105 102
65 62
34 30
153 150
107 103
108 105
104 101
64 60
68 64
162 159
65 61
110 106
37 33
113 110
64 61
108 104
105 101
43 39
112 109
159 156
103 100
68 65
38 34
160 157
112 108
152 149
40 37
69 65
109 105
172 169
161 157
109 106
132 129
69 66
131 128
38 35
47 2
67 64
66 62
163 159
153 149
114 111
66 63
67 63
163 160
43 40
111 108
167 164
40 36
141 79
39 35
104 100
110 107
114 110
39 36
155 151
151 148
70 66
47 3
130 127
173 169
134 68
162 158
102 99
173 170
111 107
132 128
168 164
33 30
62 58
63 59
113 109
46 3
17 14
154 151
135 68
49 4
152 148
131 127
142 79
51 4
133 130
101 98
154 150
48 4
50 4
133 129
21 18
51 7
49 3
123 95
176 173
155 152
160 156
115 112
125 94
135 67
33 29
141 78
141 80
44 40
144 81
124 95
44 41
130 126
55 52
88 85
13 10
142 78
103 99
150 147
119 108
161 35
175 172
46 43
174 171
92 81
146 82
138 76
167 163
135 72
174 170
166 163
164 160
124 94
48 3
142 80
173 110
131 126
80 29
159 153
164 161
72 4
156 153
102 98
70 67
151 147
176 172
165 161
133 68
134 67
32 29
175 171
129 75
46 2
48 2
70 49
48 41
123 92
172 46
170 106
146 86
116 113
88 83
55 26
166 170
166 169
37 41
165 169
165 168
167 171
167 170
34 37
33 36
32 36
168 172
60 63
38 41
31 35
59 62
103 106
158 161
38 42
168 171
32 35
104 107
39 42
31 34
102 106
102 105
62 65
30 34
150 153
103 107
105 108
101 104
60 64
64 68
159 162
61 65
106 110
33 37
110 113
61 64
104 108
101 105
39 43
109 112
156 159
100 103
65 68
34 38
157 160
108 112
149 152
37 40
65 69
105 109
169 172
157 161
106 109
129 132
66 69
128 131
35 38
2 47
64 67
62 66
159 163
149 153
111 114
63 66
63 67
160 163
40 43
108 111
164 167
36 40
79 141
35 39
100 104
107 110
110 114
36 39
151 155
148 151
66 70
3 47
127 130
169 173
68 134
158 162
99 102
170 173
107 111
128 132
164 168
30 33
58 62
59 63
109 113
3 46
14 17
151 154
68 135
4 49
148 152
127 131
79 142
4 51
130 133
98 101
150 154
4 48
4 50
129 133
18 21
7 51
3 49
95 123
173 176
152 155
156 160
112 115
94 125
67 135
29 33
78 141
80 141
40 44
81 144
95 124
41 44
126 130
52 55
85 88
10 13
78 142
99 103
147 150
108 119
35 161
172 175
43 46
171 174
81 92
82 146
76 138
163 167
72 135
170 174
163 166
160 164
94 124
3 48
80 142
110 173
126 131
29 80
153 159
161 164
4 72
153 156
98 102
67 70
147 151
172 176
161 165
68 133
67 134
29 32
171 175
75 129
2 46
2 48
49 70
41 48
92 123
46 172
106 170
86 146
113 116
83 88
26 55
