138 107
41 37
92 81
161 35
142 32
50 37
47 2
33 5
173 110
160 31
33 7
165 39
51 4
70 49
27 23
80 29
72 4
108 93
161 39
135 67
35 31
134 68
78 33
171 76
155 22
151 22
62 59
129 75
151 18
55 26
119 108
46 3
66 4
151 20
168 39
169 110
69 65
170 106
171 74
132 128
65 62
172 46
103 74
172 43
51 7
167 36
160 35
80 28
39 35
159 153
128 64
80 32
167 140
139 127
146 82
159 156
88 83
157 35
168 36
142 78
169 165
168 43
133 68
66 49
105 101
70 66
123 92
128 61
48 41
127 94
172 168
50 33
154 80
63 6
49 2
141 79
46 40
48 37
145 16
164 36
36 5
153 89
42 39
65 61
173 106
125 94
135 68
132 64
135 72
