138 130
146 82
29 25
46 3
14 10
163 160
71 68
86 83
46 41
55 10
135 73
139 78
160 155
102 99
164 32
146 19
119 91
77 8
129 61
48 4
129 64
140 76
144 81
75 5
171 168
160 154
55 27
167 164
66 51
165 162
30 7
151 19
154 150
36 32
75 72
160 35
166 111
24 16
78 29
13 10
49 4
50 5
55 30
138 95
48 41
88 82
67 4
133 67
118 91
56 53
135 99
170 166
115 112
148 20
142 91
159 156
53 50
33 5
124 94
29 8
73 2
25 17
144 88
122 92
172 168
35 32
163 114
142 80
57 9
21 18
170 110
165 161
148 19
38 34
162 114
125 94
58 9
174 106
30 26
153 150
81 16
138 104
72 69
49 37
145 16
138 75
36 33
70 67
103 100
46 40
146 17
137 77
136 100
47 41
106 103
144 80
63 60
62 58
123 92
22 17
121 93
71 2
139 79
50 4
155 152
165 39
147 85
67 63
112 109
150 144
64 61
50 33
164 36
137 96
47 2
163 115
142 92
72 4
136 99
80 28
174 171
138 93
82 18
104 94
146 87
26 7
120 91
139 129
145 81
137 104
114 110
75 3
15 9
124 95
80 29
116 112
140 92
119 113
37 33
22 18
167 111
42 38
146 86
164 160
167 107
134 68
74 4
136 133
32 29
139 93
48 3
27 10
78 7
156 153
37 5
166 110
167 163
165 114
72 3
131 127
79 26
153 149
25 8
119 112
125 96
77 6
26 16
79 28
101 97
137 100
146 84
72 68
53 34
138 94
133 130
170 106
34 31
160 32
140 94
14 9
105 101
171 167
33 30
86 19
147 18
144 90
145 19
24 15
88 85
24 18
170 103
104 95
150 145
126 95
147 88
129 63
110 106
108 104
154 143
137 134
88 83
138 77
108 105
112 108
123 95
79 8
169 111
136 74
135 74
118 89
100 96
141 80
130 127
17 14
145 17
49 5
173 106
25 15
147 87
161 158
22 19
141 93
25 16
141 91
144 91
128 60
154 151
144 82
48 5
117 112
112 91
136 103
168 39
51 4
154 28
169 107
175 172
27 14
126 96
170 167
114 111
50 6
78 8
117 113
141 79
48 40
70 2
146 83
104 101
100 95
49 2
139 77
130 96
63 59
146 81
166 163
159 153
131 97
129 60
131 128
143 92
132 64
40 37
130 75
72 2
148 86
129 77
26 8
75 4
71 67
138 76
134 131
151 147
137 103
168 165
151 148
57 11
31 28
43 40
51 7
74 3
141 94
174 170
76 5
151 20
169 110
65 61
122 108
169 165
28 25
26 15
137 75
146 88
143 90
139 95
66 62
39 36
63 51
171 107
170 111
167 110
69 65
151 146
143 89
23 20
67 64
139 130
32 7
160 31
168 36
118 90
57 12
160 156
119 92
117 90
159 155
26 10
55 52
58 52
150 146
137 76
138 100
173 169
105 102
156 152
122 95
135 75
148 18
130 95
140 78
56 10
109 106
50 37
137 130
33 7
161 157
130 126
145 18
164 161
144 141
29 9
110 107
162 158
78 6
78 5
56 52
122 104
140 80
162 159
123 94
164 35
55 11
151 145
35 31
146 18
116 113
25 9
53 33
122 94
117 91
37 34
120 90
140 77
25 14
75 6
78 32
131 96
120 92
150 89
138 103
79 7
50 7
21 17
151 18
154 145
142 78
39 35
141 92
166 112
152 149
10 7
164 33
46 2
66 63
168 164
161 35
26 14
77 5
70 66
115 91
76 4
143 117
150 143
42 39
159 115
33 29
29 7
46 43
57 13
121 91
140 93
121 92
52 30
151 143
171 74
127 96
159 154
43 39
123 93
80 25
40 36
119 116
167 36
132 129
23 18
79 25
142 90
111 108
169 166
145 25
75 67
147 144
170 107
141 78
122 105
137 74
107 103
154 142
165 36
51 5
143 80
100 97
144 89
104 100
57 10
107 104
160 157
69 66
33 6
63 6
101 98
14 11
106 102
52 6
133 129
166 114
15 8
155 151
30 8
34 30
142 115
174 103
139 76
27 24
64 60
62 59
38 35
135 72
147 19
140 91
48 2
55 26
26 13
136 73
52 7
173 170
29 26
68 64
101 95
131 126
150 147
80 16
164 39
133 75
109 105
53 30
58 10
113 110
128 61
119 90
56 11
135 100
108 93
112 92
143 91
133 68
117 89
111 107
115 111
24 21
24 17
137 129
98 95
172 169
104 93
139 94
122 93
77 7
136 75
142 81
113 109
76 3
76 6
73 3
142 79
166 113
148 145
54 30
133 64
79 29
74 2
41 38
125 95
168 40
132 128
172 40
44 41
162 115
68 65
30 27
176 172
147 89
65 62
32 28
151 144
163 111
47 44
155 28
174 107
141 81
41 37
144 83
147 86
27 23
48 37
28 24
161 32
166 162
24 14
26 9
163 159
121 108
124 96
145 80
130 97
25 18
175 171
15 10
146 85
26 11
31 27
49 3
47 3
23 17
176 173
63 58
82 16
78 33
170 108
138 96
143 81
145 82
152 148
13 9
170 109
72 67
136 101
137 133
51 6
137 95
140 79
130 138
82 146
25 29
3 46
10 14
160 163
68 71
83 86
41 46
10 55
73 135
78 139
155 160
99 102
32 164
19 146
91 119
8 77
61 129
4 48
64 129
76 140
81 144
5 75
168 171
154 160
27 55
164 167
51 66
162 165
7 30
19 151
150 154
32 36
72 75
35 160
111 166
16 24
29 78
10 13
4 49
5 50
30 55
95 138
41 48
82 88
4 67
67 133
91 118
53 56
99 135
166 170
112 115
20 148
91 142
156 159
50 53
5 33
94 124
8 29
2 73
17 25
88 144
92 122
168 172
32 35
114 163
80 142
9 57
18 21
110 170
161 165
19 148
34 38
114 162
94 125
9 58
106 174
26 30
150 153
16 81
104 138
69 72
37 49
16 145
75 138
33 36
67 70
100 103
40 46
17 146
77 137
100 136
41 47
103 106
80 144
60 63
58 62
92 123
17 22
93 121
2 71
79 139
4 50
152 155
39 165
85 147
63 67
109 112
144 150
61 64
33 50
36 164
96 137
2 47
115 163
92 142
4 72
99 136
28 80
171 174
93 138
18 82
94 104
87 146
7 26
91 120
129 139
81 145
104 137
110 114
3 75
9 15
95 124
29 80
112 116
92 140
113 119
33 37
18 22
111 167
38 42
86 146
160 164
107 167
68 134
4 74
133 136
29 32
93 139
3 48
10 27
7 78
153 156
5 37
110 166
163 167
114 165
3 72
127 131
26 79
149 153
8 25
112 119
96 125
6 77
16 26
28 79
97 101
100 137
84 146
68 72
34 53
94 138
130 133
106 170
31 34
32 160
94 140
9 14
101 105
167 171
30 33
19 86
18 147
90 144
19 145
15 24
85 88
18 24
103 170
95 104
145 150
95 126
88 147
63 129
106 110
104 108
143 154
134 137
83 88
77 138
105 108
108 112
95 123
8 79
111 169
74 136
74 135
89 118
96 100
80 141
127 130
14 17
17 145
5 49
106 173
15 25
87 147
158 161
19 22
93 141
16 25
91 141
91 144
60 128
151 154
82 144
5 48
112 117
91 112
103 136
39 168
4 51
28 154
107 169
172 175
14 27
96 126
167 170
111 114
6 50
8 78
113 117
79 141
40 48
2 70
83 146
101 104
95 100
2 49
77 139
96 130
59 63
81 146
163 166
153 159
97 131
60 129
128 131
92 143
64 132
37 40
75 130
2 72
86 148
77 129
8 26
4 75
67 71
76 138
131 134
147 151
103 137
165 168
148 151
11 57
28 31
40 43
7 51
3 74
94 141
170 174
5 76
20 151
110 169
61 65
108 122
165 169
25 28
15 26
75 137
88 146
90 143
95 139
62 66
36 39
51 63
107 171
111 170
110 167
65 69
146 151
89 143
20 23
64 67
130 139
7 32
31 160
36 168
90 118
12 57
156 160
92 119
90 117
155 159
10 26
52 55
52 58
146 150
76 137
100 138
169 173
102 105
152 156
95 122
75 135
18 148
95 130
78 140
10 56
106 109
37 50
130 137
7 33
157 161
126 130
18 145
161 164
141 144
9 29
107 110
158 162
6 78
5 78
52 56
104 122
80 140
159 162
94 123
35 164
11 55
145 151
31 35
18 146
113 116
9 25
33 53
94 122
91 117
34 37
90 120
77 140
14 25
6 75
32 78
96 131
92 120
89 150
103 138
7 79
7 50
17 21
18 151
145 154
78 142
35 39
92 141
112 166
149 152
7 10
33 164
2 46
63 66
164 168
35 161
14 26
5 77
66 70
91 115
4 76
117 143
143 150
39 42
115 159
29 33
7 29
43 46
13 57
91 121
93 140
92 121
30 52
143 151
74 171
96 127
154 159
39 43
93 123
25 80
36 40
116 119
36 167
129 132
18 23
25 79
90 142
108 111
166 169
25 145
67 75
144 147
107 170
78 141
105 122
74 137
103 107
142 154
36 165
5 51
80 143
97 100
89 144
100 104
10 57
104 107
157 160
66 69
6 33
6 63
98 101
11 14
102 106
6 52
129 133
114 166
8 15
151 155
8 30
30 34
115 142
103 174
76 139
24 27
60 64
59 62
35 38
72 135
19 147
91 140
2 48
26 55
13 26
73 136
7 52
170 173
26 29
64 68
95 101
126 131
147 150
16 80
39 164
75 133
105 109
30 53
10 58
110 113
61 128
90 119
11 56
100 135
93 108
92 112
91 143
68 133
89 117
107 111
111 115
21 24
17 24
129 137
95 98
169 172
93 104
94 139
93 122
7 77
75 136
81 142
109 113
3 76
6 76
3 73
79 142
113 166
145 148
30 54
64 133
29 79
2 74
38 41
95 125
40 168
128 132
40 172
41 44
115 162
65 68
27 30
172 176
89 147
62 65
28 32
144 151
111 163
44 47
28 155
107 174
81 141
37 41
83 144
86 147
23 27
37 48
24 28
32 161
162 166
14 24
9 26
159 163
108 121
96 124
80 145
97 130
18 25
171 175
10 15
85 146
11 26
27 31
3 49
3 47
17 23
173 176
58 63
16 82
33 78
108 170
96 138
81 143
82 145
148 152
9 13
109 170
67 72
101 136
133 137
6 51
95 137
79 140
