169 166
170 166
36 33
170 167
35 31
171 167
41 37
169 165
36 32
65 62
37 34
41 38
172 168
168 165
107 104
62 59
106 103
104 101
171 168
64 61
161 158
107 103
113 110
35 32
47 2
34 31
105 102
63 60
105 101
42 38
64 60
108 104
40 37
65 61
106 102
38 35
37 33
153 150
69 65
159 156
152 149
42 39
109 105
34 30
108 105
110 106
39 36
40 36
163 159
153 149
68 64
111 108
46 3
66 62
162 159
68 65
142 32
70 49
39 35
112 108
160 157
112 109
43 40
43 39
33 5
131 128
51 4
132 128
80 28
173 169
27 23
66 63
80 29
165 39
160 31
173 110
50 37
161 157
172 169
161 39
103 100
129 75
38 34
135 67
114 111
119 108
55 26
109 106
138 107
