169 166
170 166
36 33
170 167
35 31
171 167
41 37
169 165
36 32
65 62
37 34
41 38
172 168
168 165
107 104
62 59
106 103
104 101
171 168
64 61
161 158
107 103
113 110
35 32
47 2
34 31
105 102
63 60
105 101
42 38
64 60
108 104
40 37
65 61
106 102
38 35
37 33
153 150
69 65
159 156
152 149
42 39
109 105
34 30
108 105
110 106
39 36
40 36
163 159
153 149
68 64
111 108
46 3
66 62
162 159
68 65
142 32
70 49
39 35
112 108
160 157
112 109
43 40
43 39
33 5
131 128
51 4
132 128
80 28
173 169
27 23
66 63
80 29
165 39
160 31
173 110
50 37
161 157
172 169
161 39
103 100
129 75
38 34
135 67
114 111
119 108
55 26
109 106
138 107
104 100
151 22
70 66
161 35
141 79
134 68
49 4
92 81
151 18
163 160
169 110
132 129
108 93
172 43
67 64
162 158
72 4
173 170
102 99
51 7
113 109
171 76
48 37
67 63
78 32
167 164
155 22
127 94
154 151
168 43
62 58
155 151
63 59
159 153
26 10
66 4
168 164
88 83
78 33
157 35
153 89
167 140
151 20
110 107
125 94
33 7
69 66
145 16
170 106
133 68
103 74
123 92
160 35
66 49
47 3
151 148
154 150
142 78
152 148
135 72
154 80
172 46
46 40
138 76
120 92
167 36
131 127
171 74
114 110
33 30
130 127
111 107
168 39
139 127
55 10
166 114
128 64
173 106
50 33
144 120
49 2
155 152
146 82
88 85
132 64
135 68
55 52
175 172
80 32
168 36
165 161
133 130
123 94
142 80
21 18
173 109
164 36
118 89
176 173
101 98
17 14
33 29
128 61
78 36
48 41
52 30
46 43
164 160
124 95
79 9
53 37
50 7
131 126
176 172
166 111
36 5
57 12
141 9
146 88
26 11
164 39
143 91
174 171
136 74
160 156
137 129
49 3
122 95
174 170
146 86
166 163
150 147
167 163
46 2
175 171
130 126
150 117
146 85
13 10
101 95
133 64
77 6
149 89
26 13
168 40
145 80
115 112
51 6
144 81
133 129
44 41
166 110
57 13
128 60
32 29
164 161
156 153
29 26
103 99
48 3
151 147
63 6
75 67
52 11
48 2
163 142
47 41
137 75
44 40
140 79
31 28
167 142
124 94
70 67
133 67
165 162
145 82
174 103
26 23
166 169
166 170
33 36
167 170
31 35
167 171
37 41
165 169
32 36
62 65
34 37
38 41
168 172
165 168
104 107
59 62
103 106
101 104
168 171
61 64
158 161
103 107
110 113
32 35
2 47
31 34
102 105
60 63
101 105
38 42
60 64
104 108
37 40
61 65
102 106
35 38
33 37
150 153
65 69
156 159
149 152
39 42
105 109
30 34
105 108
106 110
36 39
36 40
159 163
149 153
64 68
108 111
3 46
62 66
159 162
65 68
32 142
49 70
35 39
108 112
157 160
109 112
40 43
39 43
5 33
128 131
4 51
128 132
28 80
169 173
23 27
63 66
29 80
39 165
31 160
110 173
37 50
157 161
169 172
39 161
100 103
75 129
34 38
67 135
111 114
108 119
26 55
106 109
107 138
100 104
22 151
66 70
35 161
79 141
68 134
4 49
81 92
18 151
160 163
110 169
129 132
93 108
43 172
64 67
158 162
4 72
170 173
99 102
7 51
109 113
76 171
37 48
63 67
32 78
164 167
22 155
94 127
151 154
43 168
58 62
151 155
59 63
153 159
10 26
4 66
164 168
83 88
33 78
35 157
89 153
140 167
20 151
107 110
94 125
7 33
66 69
16 145
106 170
68 133
74 103
92 123
35 160
49 66
3 47
148 151
150 154
78 142
148 152
72 135
80 154
46 172
40 46
76 138
92 120
36 167
127 131
74 171
110 114
30 33
127 130
107 111
39 168
127 139
10 55
114 166
64 128
106 173
33 50
120 144
2 49
152 155
82 146
85 88
64 132
68 135
52 55
172 175
32 80
36 168
161 165
130 133
94 123
80 142
18 21
109 173
36 164
89 118
173 176
98 101
14 17
29 33
61 128
36 78
41 48
30 52
43 46
160 164
95 124
9 79
37 53
7 50
126 131
172 176
111 166
5 36
12 57
9 141
88 146
11 26
39 164
91 143
171 174
74 136
156 160
129 137
3 49
95 122
170 174
86 146
163 166
147 150
163 167
2 46
171 175
126 130
117 150
85 146
10 13
95 101
64 133
6 77
89 149
13 26
40 168
80 145
112 115
6 51
81 144
129 133
41 44
110 166
13 57
60 128
29 32
161 164
153 156
26 29
99 103
3 48
147 151
6 63
67 75
11 52
2 48
142 163
41 47
75 137
40 44
79 140
28 31
142 167
94 124
67 70
67 133
162 165
82 145
103 174
23 26
