138 107
41 37
92 81
161 35
142 32
50 37
47 2
33 5
173 110
160 31
33 7
165 39
51 4
70 49
27 23
80 29
72 4
108 93
161 39
135 67
35 31
134 68
78 33
171 76
155 22
151 22
62 59
129 75
151 18
55 26
119 108
46 3
66 4
151 20
168 39
169 110
69 65
170 106
171 74
132 128
65 62
172 46
103 74
172 43
51 7
167 36
160 35
80 28
39 35
159 153
128 64
80 32
167 140
139 127
146 82
159 156
88 83
157 35
168 36
142 78
169 165
168 43
133 68
66 49
105 101
70 66
123 92
128 61
48 41
127 94
172 168
50 33
154 80
63 6
49 2
141 79
46 40
48 37
145 16
164 36
36 5
153 89
42 39
65 61
173 106
125 94
135 68
132 64
135 72
149 89
168 40
167 142
131 126
141 9
88 85
34 30
144 120
26 10
79 9
155 151
138 76
164 39
53 37
78 36
77 6
43 39
38 35
163 159
145 80
118 89
166 114
173 109
75 67
112 108
106 102
143 91
78 32
146 86
153 149
72 67
120 92
55 10
113 110
101 95
163 142
13 10
170 166
68 64
37 34
52 11
110 106
41 38
52 30
165 161
17 14
102 99
150 117
109 105
28 18
57 12
171 40
174 74
146 85
164 35
124 95
143 117
131 128
74 3
166 110
133 64
50 7
26 11
174 103
166 111
128 60
144 81
46 43
62 58
23 14
137 129
122 104
26 13
122 95
169 114
66 51
145 19
170 167
57 13
123 120
140 93
141 8
154 28
152 148
37 5
104 95
130 125
48 40
28 22
143 115
138 103
153 117
111 91
49 4
146 88
130 127
159 150
142 80
70 2
26 23
30 26
70 4
144 94
55 52
171 36
162 114
79 8
136 74
139 129
79 25
137 67
157 31
159 117
164 32
137 75
119 112
48 5
144 92
47 41
139 8
166 115
159 143
35 32
162 158
133 67
151 145
117 91
36 33
15 9
163 111
162 153
55 30
169 43
167 107
129 57
139 94
150 147
173 169
148 18
106 103
137 130
176 172
145 22
25 9
52 26
42 38
133 129
150 89
123 94
160 32
131 96
108 104
114 110
133 75
165 114
132 126
131 127
100 96
94 67
78 5
108 91
55 11
52 6
175 46
129 64
132 96
161 157
116 112
171 167
154 143
23 17
120 88
129 77
175 74
155 21
139 82
21 18
119 93
51 6
107 138
37 41
81 92
35 161
32 142
37 50
2 47
5 33
110 173
31 160
7 33
39 165
4 51
49 70
23 27
29 80
4 72
93 108
39 161
67 135
31 35
68 134
33 78
76 171
22 155
22 151
59 62
75 129
18 151
26 55
108 119
3 46
4 66
20 151
39 168
110 169
65 69
106 170
74 171
128 132
62 65
46 172
74 103
43 172
7 51
36 167
35 160
28 80
35 39
153 159
64 128
32 80
140 167
127 139
82 146
156 159
83 88
35 157
36 168
78 142
165 169
43 168
68 133
49 66
101 105
66 70
92 123
61 128
41 48
94 127
168 172
33 50
80 154
6 63
2 49
79 141
40 46
37 48
16 145
36 164
5 36
89 153
39 42
61 65
106 173
94 125
68 135
64 132
72 135
89 149
40 168
142 167
126 131
9 141
85 88
30 34
120 144
10 26
9 79
151 155
76 138
39 164
37 53
36 78
6 77
39 43
35 38
159 163
80 145
89 118
114 166
109 173
67 75
108 112
102 106
91 143
32 78
86 146
149 153
67 72
92 120
10 55
110 113
95 101
142 163
10 13
166 170
64 68
34 37
11 52
106 110
38 41
30 52
161 165
14 17
99 102
117 150
105 109
18 28
12 57
40 171
74 174
85 146
35 164
95 124
117 143
128 131
3 74
110 166
64 133
7 50
11 26
103 174
111 166
60 128
81 144
43 46
58 62
14 23
129 137
104 122
13 26
95 122
114 169
51 66
19 145
167 170
13 57
120 123
93 140
8 141
28 154
148 152
5 37
95 104
125 130
40 48
22 28
115 143
103 138
117 153
91 111
4 49
88 146
127 130
150 159
80 142
2 70
23 26
26 30
4 70
94 144
52 55
36 171
114 162
8 79
74 136
129 139
25 79
67 137
31 157
117 159
32 164
75 137
112 119
5 48
92 144
41 47
8 139
115 166
143 159
32 35
158 162
67 133
145 151
91 117
33 36
9 15
111 163
153 162
30 55
43 169
107 167
57 129
94 139
147 150
169 173
18 148
103 106
130 137
172 176
22 145
9 25
26 52
38 42
129 133
89 150
94 123
32 160
96 131
104 108
110 114
75 133
114 165
126 132
127 131
96 100
67 94
5 78
91 108
11 55
6 52
46 175
64 129
96 132
157 161
112 116
167 171
143 154
17 23
88 120
77 129
74 175
21 155
82 139
18 21
93 119
6 51
