152 123
108 98
87 9
116 94
92 6
90 9
146 97
85 11
90 6
120 116
95 5
63 16
147 109
148 95
67 12
88 10
117 94
122 92
148 5
146 132
112 96
148 130
86 65
151 122
83 13
144 99
64 48
146 5
63 52
120 117
145 100
64 50
66 28
122 116
82 31
87 11
65 14
108 96
130 7
143 136
130 93
73 11
119 115
65 51
96 2
151 4
83 35
145 102
144 97
143 138
124 117
147 112
147 108
105 100
104 98
143 135
110 107
131 109
86 12
86 14
92 4
69 45
31 17
89 9
129 109
94 4
125 91
95 3
148 132
124 113
116 2
38 35
149 109
142 139
34 30
66 48
107 104
