30 27
32 29
34 31
34 30
146 97
33 29
31 28
33 30
85 11
92 6
152 123
32 28
87 9
144 99
29 26
108 98
146 132
110 107
86 12
35 32
30 26
90 6
64 48
87 10
67 12
31 27
144 97
65 14
88 10
85 12
144 98
28 25
151 122
148 95
27 24
147 109
63 16
86 11
95 5
87 11
83 13
64 50
29 25
116 94
94 4
35 31
120 116
92 4
95 3
119 115
38 35
122 92
142 139
112 96
36 32
91 6
119 116
120 117
143 135
96 2
118 115
117 94
90 9
148 130
85 13
151 123
108 96
88 9
115 112
86 65
148 5
39 36
92 5
146 95
83 35
143 140
84 13
84 14
65 51
64 49
145 98
63 52
146 5
145 100
65 49
94 3
36 33
58 55
66 48
65 48
145 97
63 18
109 106
111 108
40 37
93 4
143 99
122 116
73 11
107 104
89 9
144 134
142 138
95 2
116 113
143 138
66 28
110 106
130 93
147 108
62 18
61 20
104 98
39 35
61 58
108 105
82 31
115 111
142 99
88 11
63 51
40 36
64 51
144 100
61 18
141 101
114 111
151 4
150 125
144 135
63 50
147 112
143 136
28 24
147 95
108 104
94 5
90 8
125 91
93 5
143 100
105 100
124 117
111 107
145 102
94 2
65 16
62 50
145 99
148 132
95 4
69 45
146 96
63 17
112 109
27 30
29 32
31 34
30 34
97 146
29 33
28 31
30 33
11 85
6 92
123 152
28 32
9 87
99 144
26 29
98 108
132 146
107 110
12 86
32 35
26 30
6 90
48 64
10 87
12 67
27 31
97 144
14 65
10 88
12 85
98 144
25 28
122 151
95 148
24 27
109 147
16 63
11 86
5 95
11 87
13 83
50 64
25 29
94 116
4 94
31 35
116 120
4 92
3 95
115 119
35 38
92 122
139 142
96 112
32 36
6 91
116 119
117 120
135 143
2 96
115 118
94 117
9 90
130 148
13 85
123 151
96 108
9 88
112 115
65 86
5 148
36 39
5 92
95 146
35 83
140 143
13 84
14 84
51 65
49 64
98 145
52 63
5 146
100 145
49 65
3 94
33 36
55 58
48 66
48 65
97 145
18 63
106 109
108 111
37 40
4 93
99 143
116 122
11 73
104 107
9 89
134 144
138 142
2 95
113 116
138 143
28 66
106 110
93 130
108 147
18 62
20 61
98 104
35 39
58 61
105 108
31 82
111 115
99 142
11 88
51 63
36 40
51 64
100 144
18 61
101 141
111 114
4 151
125 150
135 144
50 63
112 147
136 143
24 28
95 147
104 108
5 94
8 90
91 125
5 93
100 143
100 105
117 124
107 111
102 145
2 94
16 65
50 62
99 145
132 148
4 95
45 69
96 146
17 63
109 112
