59 20
64 50
88 9
123 117
23 20
148 95
144 99
28 17
109 106
150 94
65 28
145 100
61 19
131 48
72 10
57 52
112 96
151 124
84 14
129 50
94 5
67 47
94 2
139 136
148 93
91 6
151 93
40 37
31 28
41 36
61 57
110 106
64 17
152 125
149 130
33 30
68 12
74 71
67 13
87 12
26 21
80 76
114 111
80 35
83 13
68 45
28 15
146 95
148 129
63 18
77 39
71 10
92 4
144 137
63 51
119 115
123 116
124 117
128 50
112 2
67 29
62 54
133 47
39 36
67 14
152 123
26 22
66 49
88 12
133 45
148 130
32 29
37 33
147 96
26 23
143 135
88 11
66 16
142 138
64 52
63 16
103 100
60 20
140 135
143 101
70 10
151 94
23 19
95 4
141 101
143 140
62 58
140 136
150 93
59 54
90 7
150 128
70 43
86 11
150 127
150 92
32 15
83 80
141 137
115 112
146 97
56 53
64 48
66 46
30 26
92 7
29 25
90 10
144 134
140 137
66 17
150 129
58 54
152 92
25 22
143 136
59 21
118 115
144 97
146 98
144 135
95 5
147 130
90 8
143 133
148 96
96 2
34 31
147 131
152 122
66 48
35 31
146 134
129 49
95 3
62 57
67 12
111 107
64 24
66 28
147 129
33 29
84 13
67 48
39 35
108 100
145 97
84 16
143 134
133 46
62 19
114 110
28 16
150 126
141 138
131 47
151 122
150 91
25 21
61 18
130 47
113 109
41 37
65 14
82 15
151 92
149 129
119 116
144 100
88 10
145 131
146 96
64 51
145 132
151 125
57 53
29 26
107 104
97 2
74 70
31 27
70 11
132 48
92 5
144 133
147 97
149 128
94 4
143 100
149 124
68 46
150 125
136 133
145 135
124 116
65 25
149 95
142 99
62 21
85 13
65 48
146 131
87 9
142 101
24 18
108 105
112 108
117 113
70 12
60 18
69 11
145 99
104 101
93 6
66 29
130 48
59 19
69 45
69 43
86 12
93 4
85 11
62 18
132 45
89 9
38 34
85 76
116 112
64 18
69 10
35 32
128 51
63 50
36 32
25 17
63 17
48 25
42 36
66 15
69 46
62 53
28 25
62 52
93 7
68 13
142 102
149 94
65 17
132 46
85 14
64 21
24 19
70 44
66 25
65 49
89 10
65 16
61 58
145 98
117 114
96 3
71 11
93 5
130 49
147 95
134 45
32 14
148 94
38 35
67 32
131 49
63 52
84 15
64 16
69 44
91 9
109 105
24 20
86 13
72 11
68 43
87 10
148 131
24 17
134 46
143 99
34 30
87 11
24 21
66 47
108 98
110 107
83 15
113 110
46 43
142 100
57 54
62 51
61 20
123 119
147 109
64 49
65 50
104 100
132 47
67 49
69 12
118 114
62 20
146 132
65 47
129 51
68 32
90 6
64 25
80 77
27 23
90 9
60 19
31 15
70 13
68 14
85 12
91 8
144 98
66 32
105 100
145 133
66 14
95 2
32 28
142 137
145 134
122 119
116 113
115 111
89 8
152 124
143 137
30 27
151 123
69 13
71 44
146 133
58 55
128 49
62 59
28 24
68 47
70 45
27 24
149 93
147 132
40 36
130 50
70 42
63 19
65 15
67 46
41 38
92 6
112 109
111 108
36 33
37 34
128 52
127 51
67 15
150 124
83 14
69 47
94 3
68 44
91 7
20 59
50 64
9 88
117 123
20 23
95 148
99 144
17 28
106 109
94 150
28 65
100 145
19 61
48 131
10 72
52 57
96 112
124 151
14 84
50 129
5 94
47 67
2 94
136 139
93 148
6 91
93 151
37 40
28 31
36 41
57 61
106 110
17 64
125 152
130 149
30 33
12 68
71 74
13 67
12 87
21 26
76 80
111 114
35 80
13 83
45 68
15 28
95 146
129 148
18 63
39 77
10 71
4 92
137 144
51 63
115 119
116 123
117 124
50 128
2 112
29 67
54 62
47 133
36 39
14 67
123 152
22 26
49 66
12 88
45 133
130 148
29 32
33 37
96 147
23 26
135 143
11 88
16 66
138 142
52 64
16 63
100 103
20 60
135 140
101 143
10 70
94 151
19 23
4 95
101 141
140 143
58 62
136 140
93 150
54 59
7 90
128 150
43 70
11 86
127 150
92 150
15 32
80 83
137 141
112 115
97 146
53 56
48 64
46 66
26 30
7 92
25 29
10 90
134 144
137 140
17 66
129 150
54 58
92 152
22 25
136 143
21 59
115 118
97 144
98 146
135 144
5 95
130 147
8 90
133 143
96 148
2 96
31 34
131 147
122 152
48 66
31 35
134 146
49 129
3 95
57 62
12 67
107 111
24 64
28 66
129 147
29 33
13 84
48 67
35 39
100 108
97 145
16 84
134 143
46 133
19 62
110 114
16 28
126 150
138 141
47 131
122 151
91 150
21 25
18 61
47 130
109 113
37 41
14 65
15 82
92 151
129 149
116 119
100 144
10 88
131 145
96 146
51 64
132 145
125 151
53 57
26 29
104 107
2 97
70 74
27 31
11 70
48 132
5 92
133 144
97 147
128 149
4 94
100 143
124 149
46 68
125 150
133 136
135 145
116 124
25 65
95 149
99 142
21 62
13 85
48 65
131 146
9 87
101 142
18 24
105 108
108 112
113 117
12 70
18 60
11 69
99 145
101 104
6 93
29 66
48 130
19 59
45 69
43 69
12 86
4 93
11 85
18 62
45 132
9 89
34 38
76 85
112 116
18 64
10 69
32 35
51 128
50 63
32 36
17 25
17 63
25 48
36 42
15 66
46 69
53 62
25 28
52 62
7 93
13 68
102 142
94 149
17 65
46 132
14 85
21 64
19 24
44 70
25 66
49 65
10 89
16 65
58 61
98 145
114 117
3 96
11 71
5 93
49 130
95 147
45 134
14 32
94 148
35 38
32 67
49 131
52 63
15 84
16 64
44 69
9 91
105 109
20 24
13 86
11 72
43 68
10 87
131 148
17 24
46 134
99 143
30 34
11 87
21 24
47 66
98 108
107 110
15 83
110 113
43 46
100 142
54 57
51 62
20 61
119 123
109 147
49 64
50 65
100 104
47 132
49 67
12 69
114 118
20 62
132 146
47 65
51 129
32 68
6 90
25 64
77 80
23 27
9 90
19 60
15 31
13 70
14 68
12 85
8 91
98 144
32 66
100 105
133 145
14 66
2 95
28 32
137 142
134 145
119 122
113 116
111 115
8 89
124 152
137 143
27 30
123 151
13 69
44 71
133 146
55 58
49 128
59 62
24 28
47 68
45 70
24 27
93 149
132 147
36 40
50 130
42 70
19 63
15 65
46 67
38 41
6 92
109 112
108 111
33 36
34 37
52 128
51 127
15 67
124 150
14 83
47 69
3 94
44 68
7 91
