152 123
108 98
87 9
116 94
92 6
90 9
146 97
85 11
90 6
120 116
95 5
63 16
147 109
148 95
67 12
88 10
117 94
122 92
148 5
146 132
112 96
148 130
86 65
151 122
83 13
144 99
64 48
146 5
63 52
120 117
145 100
64 50
66 28
122 116
82 31
87 11
65 14
108 96
130 7
143 136
130 93
73 11
119 115
65 51
96 2
151 4
83 35
145 102
144 97
143 138
124 117
147 112
147 108
105 100
104 98
143 135
110 107
131 109
86 12
86 14
92 4
69 45
31 17
89 9
129 109
94 4
125 91
95 3
148 132
124 113
116 2
38 35
149 109
142 139
34 30
66 48
107 104
93 7
65 16
39 35
152 125
82 15
115 111
61 20
82 77
32 28
144 135
146 95
61 18
141 101
131 48
144 134
150 125
149 112
142 99
61 58
66 29
143 102
54 21
122 117
140 137
27 24
105 98
127 89
68 33
69 47
83 15
83 77
109 67
90 8
36 32
127 91
148 93
112 94
62 29
31 15
84 16
32 15
148 7
30 27
146 134
63 18
40 37
130 88
29 25
63 51
51 27
122 4
47 32
68 36
122 6
35 31
10 7
94 2
67 47
49 16
70 13
62 21
28 15
116 4
92 89
151 116
68 32
130 50
120 92
131 64
35 15
69 46
96 29
113 62
137 102
142 138
122 94
84 14
74 71
145 98
81 44
50 19
150 127
70 11
31 28
62 50
143 100
133 26
93 88
67 49
69 10
151 95
49 29
50 25
111 107
118 115
42 39
134 97
129 113
145 138
90 54
33 26
150 49
143 140
81 77
41 36
62 32
145 109
64 29
93 35
31 27
85 73
147 124
75 71
132 45
128 51
131 50
119 8
133 29
57 19
147 131
121 51
11 8
150 128
145 105
29 26
100 29
133 62
136 46
148 137
109 98
72 11
143 101
114 110
64 25
102 98
98 17
151 92
145 129
129 112
139 41
8 3
54 19
66 32
89 11
109 50
111 2
24 17
147 133
109 102
70 65
28 17
88 15
55 47
112 108
93 90
