30 27
32 29
34 31
34 30
146 97
33 29
31 28
33 30
85 11
92 6
152 123
32 28
87 9
144 99
29 26
108 98
146 132
110 107
86 12
35 32
30 26
90 6
64 48
87 10
67 12
31 27
144 97
65 14
88 10
85 12
144 98
28 25
151 122
148 95
27 24
147 109
63 16
86 11
95 5
87 11
83 13
64 50
29 25
116 94
94 4
35 31
120 116
92 4
95 3
119 115
38 35
122 92
142 139
112 96
36 32
91 6
119 116
120 117
143 135
96 2
118 115
117 94
90 9
148 130
85 13
151 123
108 96
88 9
115 112
86 65
148 5
39 36
92 5
146 95
83 35
143 140
84 13
27 30
29 32
31 34
30 34
97 146
29 33
28 31
30 33
11 85
6 92
123 152
28 32
9 87
99 144
26 29
98 108
132 146
107 110
12 86
32 35
26 30
6 90
48 64
10 87
12 67
27 31
97 144
14 65
10 88
12 85
98 144
25 28
122 151
95 148
24 27
109 147
16 63
11 86
5 95
11 87
13 83
50 64
25 29
94 116
4 94
31 35
116 120
4 92
3 95
115 119
35 38
92 122
139 142
96 112
32 36
6 91
116 119
117 120
135 143
2 96
115 118
94 117
9 90
130 148
13 85
123 151
96 108
9 88
112 115
65 86
5 148
36 39
5 92
95 146
35 83
140 143
13 84
