33 30
34 31
32 29
30 27
31 28
29 26
85 11
34 30
32 28
87 10
33 29
110 107
28 25
85 12
146 97
31 27
86 11
92 6
144 99
35 31
87 9
86 12
30 26
29 25
144 97
35 32
120 117
63 16
152 123
39 36
146 132
142 139
88 10
38 35
119 116
91 6
94 4
27 24
84 13
144 98
120 116
87 11
58 55
87 12
107 104
36 32
145 99
64 50
90 6
143 140
145 98
64 49
65 14
40 37
115 112
144 100
95 4
36 33
119 115
143 99
145 97
151 123
109 106
64 51
63 50
92 5
88 11
96 2
92 4
96 3
93 6
95 2
63 17
85 13
65 50
83 13
39 35
93 4
95 3
148 95
111 108
84 14
108 105
148 130
146 96
64 48
146 133
94 3
61 18
62 18
118 115
121 117
63 51
145 100
86 13
88 9
28 24
94 5
114 111
146 95
57 54
151 122
66 48
66 49
65 48
65 49
142 138
89 9
146 98
63 18
143 138
63 52
142 99
147 132
61 58
116 113
94 2
93 5
143 135
143 101
112 109
90 7
37 34
64 16
143 139
147 97
144 135
90 8
143 100
111 107
75 72
95 5
116 94
26 23
40 36
108 104
145 134
74 71
117 94
152 124
143 136
122 116
61 20
144 134
147 109
65 51
121 118
83 14
67 12
143 102
109 105
146 131
85 14
115 111
147 95
121 116
10 7
122 117
89 10
110 106
90 9
61 19
65 16
62 50
116 112
65 15
37 33
91 7
92 7
152 122
27 23
108 98
141 138
59 56
148 96
112 96
147 130
152 125
67 47
144 141
69 46
38 34
151 125
103 100
147 131
41 38
150 125
68 47
140 137
148 132
148 131
92 89
144 140
81 78
58 54
112 108
62 20
62 19
69 45
66 28
41 37
143 137
56 53
76 73
146 134
25 22
108 96
62 16
82 77
144 102
150 124
147 96
147 108
78 75
62 51
151 124
104 98
141 101
142 101
142 100
113 110
73 11
145 132
89 8
84 15
66 12
148 5
82 79
91 88
66 14
91 8
62 59
30 33
31 34
29 32
27 30
28 31
26 29
11 85
30 34
28 32
10 87
29 33
107 110
25 28
12 85
97 146
27 31
11 86
6 92
99 144
31 35
9 87
12 86
26 30
25 29
97 144
32 35
117 120
16 63
123 152
36 39
132 146
139 142
10 88
35 38
116 119
6 91
4 94
24 27
13 84
98 144
116 120
11 87
55 58
12 87
104 107
32 36
99 145
50 64
6 90
140 143
98 145
49 64
14 65
37 40
112 115
100 144
4 95
33 36
115 119
99 143
97 145
123 151
106 109
51 64
50 63
5 92
11 88
2 96
4 92
3 96
6 93
2 95
17 63
13 85
50 65
13 83
35 39
4 93
3 95
95 148
108 111
14 84
105 108
130 148
96 146
48 64
133 146
3 94
18 61
18 62
115 118
117 121
51 63
100 145
13 86
9 88
24 28
5 94
111 114
95 146
54 57
122 151
48 66
49 66
48 65
49 65
138 142
9 89
98 146
18 63
138 143
52 63
99 142
132 147
58 61
113 116
2 94
5 93
135 143
101 143
109 112
7 90
34 37
16 64
139 143
97 147
135 144
8 90
100 143
107 111
72 75
5 95
94 116
23 26
36 40
104 108
134 145
71 74
94 117
124 152
136 143
116 122
20 61
134 144
109 147
51 65
118 121
14 83
12 67
102 143
105 109
131 146
14 85
111 115
95 147
116 121
7 10
117 122
10 89
106 110
9 90
19 61
16 65
50 62
112 116
15 65
33 37
7 91
7 92
122 152
23 27
98 108
138 141
56 59
96 148
96 112
130 147
125 152
47 67
141 144
46 69
34 38
125 151
100 103
131 147
38 41
125 150
47 68
137 140
132 148
131 148
89 92
140 144
78 81
54 58
108 112
20 62
19 62
45 69
28 66
37 41
137 143
53 56
73 76
134 146
22 25
96 108
16 62
77 82
102 144
124 150
96 147
108 147
75 78
51 62
124 151
98 104
101 141
101 142
100 142
110 113
11 73
132 145
8 89
15 84
12 66
5 148
79 82
88 91
14 66
8 91
59 62
