152 123
108 98
87 9
116 94
92 6
90 9
146 97
85 11
90 6
120 116
95 5
63 16
147 109
148 95
67 12
88 10
117 94
122 92
148 5
146 132
112 96
148 130
86 65
151 122
83 13
144 99
64 48
146 5
63 52
120 117
145 100
64 50
66 28
122 116
82 31
87 11
65 14
108 96
130 7
143 136
130 93
73 11
119 115
65 51
96 2
151 4
83 35
145 102
144 97
143 138
124 117
147 112
147 108
105 100
104 98
143 135
110 107
131 109
86 12
86 14
92 4
69 45
31 17
89 9
129 109
94 4
125 91
95 3
148 132
124 113
116 2
38 35
149 109
142 139
34 30
66 48
107 104
93 7
65 16
39 35
152 125
82 15
115 111
61 20
82 77
32 28
144 135
146 95
61 18
141 101
131 48
144 134
150 125
149 112
142 99
61 58
66 29
143 102
54 21
122 117
140 137
27 24
105 98
127 89
68 33
69 47
83 15
83 77
109 67
90 8
36 32
127 91
148 93
112 94
62 29
31 15
84 16
32 15
148 7
30 27
146 134
63 18
40 37
130 88
29 25
63 51
51 27
122 4
47 32
68 36
122 6
35 31
10 7
94 2
67 47
49 16
70 13
62 21
28 15
116 4
92 89
151 116
68 32
130 50
120 92
131 64
35 15
69 46
96 29
113 62
137 102
142 138
122 94
84 14
74 71
123 152
98 108
9 87
94 116
6 92
9 90
97 146
11 85
6 90
116 120
5 95
16 63
109 147
95 148
12 67
10 88
94 117
92 122
5 148
132 146
96 112
130 148
65 86
122 151
13 83
99 144
48 64
5 146
52 63
117 120
100 145
50 64
28 66
116 122
31 82
11 87
14 65
96 108
7 130
136 143
93 130
11 73
115 119
51 65
2 96
4 151
35 83
102 145
97 144
138 143
117 124
112 147
108 147
100 105
98 104
135 143
107 110
109 131
12 86
14 86
4 92
45 69
17 31
9 89
109 129
4 94
91 125
3 95
132 148
113 124
2 116
35 38
109 149
139 142
30 34
48 66
104 107
7 93
16 65
35 39
125 152
15 82
111 115
20 61
77 82
28 32
135 144
95 146
18 61
101 141
48 131
134 144
125 150
112 149
99 142
58 61
29 66
102 143
21 54
117 122
137 140
24 27
98 105
89 127
33 68
47 69
15 83
77 83
67 109
8 90
32 36
91 127
93 148
94 112
29 62
15 31
16 84
15 32
7 148
27 30
134 146
18 63
37 40
88 130
25 29
51 63
27 51
4 122
32 47
36 68
6 122
31 35
7 10
2 94
47 67
16 49
13 70
21 62
15 28
4 116
89 92
116 151
32 68
50 130
92 120
64 131
15 35
46 69
29 96
62 113
102 137
138 142
94 122
14 84
71 74
