125 56
48 43
110 86
101 2
107 5
83 29
59 56
80 25
119 30
83 79
102 91
28 21
28 16
17 13
134 130
19 15
132 129
103 2
95 92
31 15
123 119
52 49
114 85
96 93
7 4
122 53
18 15
80 26
68 22
105 101
60 27
36 4
53 48
54 50
133 108
61 21
14 11
58 31
110 89
33 8
57 30
54 31
86 26
87 9
36 8
58 18
32 11
115 89
119 111
13 10
126 56
32 15
80 23
114 82
86 29
83 80
104 39
107 83
102 94
58 54
54 15
124 120
103 99
15 11
36 2
35 11
109 93
97 93
89 85
102 90
130 113
56 125
43 48
86 110
2 101
5 107
29 83
56 59
25 80
30 119
79 83
91 102
21 28
16 28
13 17
130 134
15 19
129 132
2 103
92 95
15 31
119 123
49 52
85 114
93 96
4 7
53 122
15 18
26 80
22 68
101 105
27 60
4 36
48 53
50 54
108 133
21 61
11 14
31 58
89 110
8 33
30 57
31 54
26 86
9 87
8 36
18 58
11 32
89 115
111 119
10 13
56 126
15 32
23 80
82 114
29 86
80 83
39 104
83 107
94 102
54 58
15 54
120 124
99 103
11 15
2 36
11 35
93 109
93 97
85 89
90 102
113 130
