123 119
123 120
124 120
8 5
96 93
122 118
18 15
122 119
124 121
59 56
52 49
95 92
54 50
54 51
19 15
14 11
53 50
86 83
58 55
45 42
18 14
125 121
7 4
16 13
15 12
125 122
17 13
125 56
96 92
135 132
44 41
9 6
10 7
60 57
121 118
97 94
17 14
134 131
57 54
132 129
134 130
55 52
56 52
101 2
87 84
97 93
53 49
58 54
19 16
136 133
13 10
9 5
110 86
83 29
107 5
120 117
15 11
61 58
60 56
133 130
59 55
137 134
48 43
8 4
91 88
16 12
103 2
88 85
136 132
87 83
119 30
10 6
83 79
88 84
28 21
126 123
89 86
11 8
89 85
80 25
83 80
109 106
92 89
7 3
45 41
56 53
95 91
55 51
46 43
94 91
61 21
126 122
6 3
121 117
107 104
13 9
135 131
102 91
90 87
80 26
119 111
106 103
68 22
28 16
85 82
12 9
112 109
31 15
93 90
36 4
108 105
133 129
32 11
60 27
52 48
32 15
34 31
84 81
109 93
120 116
69 66
53 48
47 43
57 53
126 56
138 135
54 31
70 67
114 85
33 8
87 9
101 4
44 40
58 18
127 124
36 8
80 23
133 108
105 101
110 89
85 81
35 11
78 23
83 26
14 10
79 24
61 57
11 7
90 86
104 39
57 30
43 40
91 87
102 90
47 44
32 29
12 8
111 108
108 104
113 89
57 31
127 123
46 42
114 82
115 89
78 24
62 58
122 53
62 59
102 94
92 88
86 26
114 89
137 133
54 15
110 107
71 68
113 110
63 60
133 42
107 83
128 48
119 26
93 89
33 30
36 11
132 128
40 37
58 31
86 29
103 99
48 44
114 111
101 3
94 90
111 86
32 8
111 30
54 35
103 100
98 95
128 125
102 99
104 101
107 103
20 17
42 39
70 66
20 16
5 2
36 2
128 46
138 134
