8 5
123 120
124 120
96 93
122 119
124 121
123 119
18 15
125 122
52 49
122 118
53 50
86 83
59 56
125 121
135 132
10 7
95 92
54 51
16 13
7 4
17 13
121 118
19 15
54 50
134 131
9 6
45 42
14 11
44 41
136 133
15 12
97 93
15 11
18 14
60 57
58 55
59 55
61 58
17 14
133 130
97 94
13 10
11 8
58 54
87 84
55 52
56 53
134 130
83 80
57 54
132 129
96 92
60 56
46 43
91 88
9 5
16 12
19 16
89 86
109 106
90 87
80 25
135 131
87 83
137 134
10 6
136 132
126 122
56 52
89 85
5 8
120 123
120 124
93 96
119 122
121 124
119 123
15 18
122 125
49 52
118 122
50 53
83 86
56 59
121 125
132 135
7 10
92 95
51 54
13 16
4 7
13 17
118 121
15 19
50 54
131 134
6 9
42 45
11 14
41 44
133 136
12 15
93 97
11 15
14 18
57 60
55 58
55 59
58 61
14 17
130 133
94 97
10 13
8 11
54 58
84 87
52 55
53 56
130 134
80 83
54 57
129 132
92 96
56 60
43 46
88 91
5 9
12 16
16 19
86 89
106 109
87 90
25 80
131 135
83 87
134 137
6 10
132 136
122 126
52 56
85 89
