108 42
35 32
130 123
48 44
44 41
108 33
134 109
31 27
21 17
123 120
60 57
104 36
38 5
28 16
32 9
104 39
134 130
67 21
9 6
127 124
107 104
35 8
111 107
136 133
119 25
86 83
28 25
133 46
28 12
77 24
100 94
96 93
57 34
122 53
104 33
117 111
130 109
16 12
113 86
18 14
119 26
31 12
109 90
61 58
41 37
89 85
85 82
133 112
77 17
133 129
133 105
122 56
80 25
36 8
65 21
57 53
53 48
93 90
24 12
32 12
109 93
129 46
117 82
7 3
64 60
14 11
83 79
107 29
107 36
45 42
11 7
137 105
83 25
83 26
136 132
10 6
103 38
29 26
133 108
132 46
53 43
57 30
64 27
54 31
18 15
133 109
137 106
117 25
123 112
43 40
32 15
24 13
92 89
89 86
103 4
128 46
55 51
126 48
55 52
126 123
139 136
61 28
107 39
11 8
134 131
102 90
32 8
45 41
80 24
83 29
106 93
50 40
122 60
130 112
123 30
83 80
122 57
59 56
61 57
85 81
112 108
133 130
107 5
106 38
113 89
82 26
8 4
85 26
121 118
94 91
40 34
84 81
82 25
119 29
120 111
38 2
68 20
120 114
36 32
105 41
15 11
78 22
119 57
104 90
108 105
79 24
65 22
28 21
46 42
20 17
67 22
137 109
133 43
61 21
124 121
17 14
53 34
137 134
33 30
111 30
92 88
105 39
103 2
103 5
99 94
123 53
133 128
113 110
108 39
114 82
109 105
19 16
5 2
91 87
93 89
136 45
125 121
13 9
65 19
41 38
105 38
75 72
110 89
30 27
17 13
118 27
103 39
13 10
31 28
71 68
38 4
83 24
115 112
29 24
12 9
29 12
30 26
127 46
50 44
67 19
14 10
128 123
60 27
132 128
34 30
120 116
10 7
107 103
80 26
15 12
61 31
108 30
88 84
118 60
138 134
126 52
40 36
77 22
68 22
123 119
119 114
79 23
36 4
102 94
53 49
32 11
64 61
112 109
104 8
110 86
39 34
57 54
110 107
56 52
66 22
65 62
87 84
132 129
139 135
77 16
52 49
65 28
95 91
104 38
120 115
101 94
40 35
124 120
58 31
12 8
54 34
24 16
114 26
110 87
102 2
77 21
126 53
34 31
68 21
111 29
102 5
91 88
122 30
77 23
128 48
118 64
107 90
33 29
107 102
84 79
133 42
86 26
108 104
95 92
137 133
62 19
88 85
39 8
65 25
119 111
8 5
120 117
57 27
9 5
111 26
40 37
125 122
128 43
128 124
21 16
114 85
78 24
110 106
96 92
56 53
136 46
87 29
33 8
53 50
43 34
109 106
60 56
66 23
28 15
138 135
136 105
80 23
86 29
36 5
114 111
39 36
104 2
121 117
86 82
65 61
48 43
44 40
127 48
132 45
16 13
119 30
63 59
106 94
6 2
106 90
78 23
106 102
111 86
104 5
6 3
84 80
102 91
32 29
105 42
77 13
54 51
50 34
120 112
39 33
74 22
117 26
119 27
32 28
126 122
67 20
46 43
24 21
107 33
75 68
126 49
36 33
42 39
87 83
117 27
66 21
7 4
57 31
111 108
54 50
63 60
94 90
62 59
83 28
126 56
101 2
74 68
108 43
76 17
135 132
122 118
42 38
135 131
35 11
40 33
98 94
110 90
47 44
107 86
19 15
58 55
43 39
61 27
65 23
90 87
117 114
137 42
104 4
62 58
122 119
113 85
106 103
50 43
123 111
111 33
125 56
128 53
37 4
90 86
28 24
110 93
114 86
107 87
136 42
58 54
29 25
59 55
36 7
42 108
32 35
123 130
44 48
41 44
33 108
109 134
27 31
17 21
120 123
57 60
36 104
5 38
16 28
9 32
39 104
130 134
21 67
6 9
124 127
104 107
8 35
107 111
133 136
25 119
83 86
25 28
46 133
12 28
24 77
94 100
93 96
34 57
53 122
33 104
111 117
109 130
12 16
86 113
14 18
26 119
12 31
90 109
58 61
37 41
85 89
82 85
112 133
17 77
129 133
105 133
56 122
25 80
8 36
21 65
53 57
48 53
90 93
12 24
12 32
93 109
46 129
82 117
3 7
60 64
11 14
79 83
29 107
36 107
42 45
7 11
105 137
25 83
26 83
132 136
6 10
38 103
26 29
108 133
46 132
43 53
30 57
27 64
31 54
15 18
109 133
106 137
25 117
112 123
40 43
15 32
13 24
89 92
86 89
4 103
46 128
51 55
48 126
52 55
123 126
136 139
28 61
39 107
8 11
131 134
90 102
8 32
41 45
24 80
29 83
93 106
40 50
60 122
112 130
30 123
80 83
57 122
56 59
57 61
81 85
108 112
130 133
5 107
38 106
89 113
26 82
4 8
26 85
118 121
91 94
34 40
81 84
25 82
29 119
111 120
2 38
20 68
114 120
32 36
41 105
11 15
22 78
57 119
90 104
105 108
24 79
22 65
21 28
42 46
17 20
22 67
109 137
43 133
21 61
121 124
14 17
34 53
134 137
30 33
30 111
88 92
39 105
2 103
5 103
94 99
53 123
128 133
110 113
39 108
82 114
105 109
16 19
2 5
87 91
89 93
45 136
121 125
9 13
19 65
38 41
38 105
72 75
89 110
27 30
13 17
27 118
39 103
10 13
28 31
68 71
4 38
24 83
112 115
24 29
9 12
12 29
26 30
46 127
44 50
19 67
10 14
123 128
27 60
128 132
30 34
116 120
7 10
103 107
26 80
12 15
31 61
30 108
84 88
60 118
134 138
52 126
36 40
22 77
22 68
119 123
114 119
23 79
4 36
94 102
49 53
11 32
61 64
109 112
8 104
86 110
34 39
54 57
107 110
52 56
22 66
62 65
84 87
129 132
135 139
16 77
49 52
28 65
91 95
38 104
115 120
94 101
35 40
120 124
31 58
8 12
34 54
16 24
26 114
87 110
2 102
21 77
53 126
31 34
21 68
29 111
5 102
88 91
30 122
23 77
48 128
64 118
90 107
29 33
102 107
79 84
42 133
26 86
104 108
92 95
133 137
19 62
85 88
8 39
25 65
111 119
5 8
117 120
27 57
5 9
26 111
37 40
122 125
43 128
124 128
16 21
85 114
24 78
106 110
92 96
53 56
46 136
29 87
8 33
50 53
34 43
106 109
56 60
23 66
15 28
135 138
105 136
23 80
29 86
5 36
111 114
36 39
2 104
117 121
82 86
61 65
43 48
40 44
48 127
45 132
13 16
30 119
59 63
94 106
2 6
90 106
23 78
102 106
86 111
5 104
3 6
80 84
91 102
29 32
42 105
13 77
51 54
34 50
112 120
33 39
22 74
26 117
27 119
28 32
122 126
20 67
43 46
21 24
33 107
68 75
49 126
33 36
39 42
83 87
27 117
21 66
4 7
31 57
108 111
50 54
60 63
90 94
59 62
28 83
56 126
2 101
68 74
43 108
17 76
132 135
118 122
38 42
131 135
11 35
33 40
94 98
90 110
44 47
86 107
15 19
55 58
39 43
27 61
23 65
87 90
114 117
42 137
4 104
58 62
119 122
85 113
103 106
43 50
111 123
33 111
56 125
53 128
4 37
86 90
24 28
93 110
86 114
87 107
42 136
54 58
25 29
55 59
7 36
