125 56
48 43
110 86
101 2
107 5
83 29
59 56
80 25
119 30
83 79
102 91
28 21
28 16
17 13
134 130
19 15
132 129
103 2
95 92
31 15
123 119
52 49
114 85
96 93
7 4
122 53
18 15
80 26
68 22
105 101
60 27
36 4
53 48
54 50
133 108
61 21
14 11
58 31
110 89
33 8
57 30
54 31
86 26
87 9
36 8
58 18
32 11
115 89
119 111
13 10
126 56
32 15
80 23
114 82
86 29
83 80
104 39
107 83
102 94
58 54
54 15
124 120
103 99
15 11
36 2
35 11
109 93
97 93
89 85
102 90
130 113
83 32
111 30
111 86
57 31
106 103
54 35
114 89
133 42
106 93
94 6
56 52
108 30
57 27
134 93
69 66
36 11
108 39
101 4
128 48
85 80
130 93
83 26
29 8
78 23
130 112
18 14
109 97
123 33
112 109
125 121
121 29
113 89
106 97
70 67
126 53
19 12
61 31
84 78
41 36
133 112
35 15
55 52
10 6
119 26
38 4
50 44
83 33
107 90
32 8
35 31
24 13
79 9
31 27
104 8
128 46
62 19
91 84
65 21
24 16
116 82
40 37
102 87
124 66
86 13
96 92
135 131
10 7
91 88
126 52
44 40
51 2
120 116
88 84
131 111
7 3
117 82
71 20
105 39
17 10
93 27
70 22
57 33
106 24
34 31
68 42
111 103
120 112
92 88
137 134
67 51
105 2
93 89
134 96
53 50
131 98
57 18
120 115
104 37
138 135
99 2
67 37
88 17
92 87
76 10
77 17
126 122
109 87
97 42
28 6
79 24
126 48
69 44
134 103
59 55
116 59
102 84
68 38
136 129
132 112
37 11
108 104
51 44
94 91
6 3
79 6
70 66
62 58
94 80
53 43
126 49
53 34
58 19
85 81
137 74
130 90
77 24
106 18
70 59
88 85
53 28
121 117
120 117
