125 56
48 43
110 86
101 2
107 5
83 29
59 56
80 25
119 30
83 79
102 91
28 21
28 16
17 13
134 130
19 15
132 129
103 2
95 92
31 15
123 119
52 49
114 85
96 93
7 4
122 53
18 15
80 26
68 22
105 101
60 27
36 4
53 48
54 50
133 108
61 21
14 11
58 31
110 89
33 8
57 30
54 31
86 26
87 9
36 8
58 18
32 11
115 89
119 111
13 10
126 56
32 15
80 23
114 82
86 29
83 80
104 39
107 83
102 94
58 54
54 15
124 120
103 99
15 11
36 2
35 11
109 93
97 93
89 85
102 90
130 113
83 32
111 30
111 86
57 31
106 103
54 35
114 89
133 42
106 93
94 6
56 52
108 30
57 27
134 93
69 66
36 11
108 39
101 4
128 48
85 80
130 93
83 26
29 8
78 23
130 112
18 14
109 97
123 33
112 109
125 121
121 29
113 89
106 97
70 67
126 53
19 12
61 31
84 78
41 36
133 112
35 15
55 52
10 6
119 26
38 4
50 44
83 33
107 90
32 8
35 31
24 13
79 9
31 27
104 8
128 46
62 19
91 84
65 21
24 16
116 82
40 37
102 87
124 66
86 13
96 92
135 131
10 7
91 88
126 52
44 40
51 2
56 125
43 48
86 110
2 101
5 107
29 83
56 59
25 80
30 119
79 83
91 102
21 28
16 28
13 17
130 134
15 19
129 132
2 103
92 95
15 31
119 123
49 52
85 114
93 96
4 7
53 122
15 18
26 80
22 68
101 105
27 60
4 36
48 53
50 54
108 133
21 61
11 14
31 58
89 110
8 33
30 57
31 54
26 86
9 87
8 36
18 58
11 32
89 115
111 119
10 13
56 126
15 32
23 80
82 114
29 86
80 83
39 104
83 107
94 102
54 58
15 54
120 124
99 103
11 15
2 36
11 35
93 109
93 97
85 89
90 102
113 130
32 83
30 111
86 111
31 57
103 106
35 54
89 114
42 133
93 106
6 94
52 56
30 108
27 57
93 134
66 69
11 36
39 108
4 101
48 128
80 85
93 130
26 83
8 29
23 78
112 130
14 18
97 109
33 123
109 112
121 125
29 121
89 113
97 106
67 70
53 126
12 19
31 61
78 84
36 41
112 133
15 35
52 55
6 10
26 119
4 38
44 50
33 83
90 107
8 32
31 35
13 24
9 79
27 31
8 104
46 128
19 62
84 91
21 65
16 24
82 116
37 40
87 102
66 124
13 86
92 96
131 135
7 10
88 91
52 126
40 44
2 51
