123 119
123 120
124 120
8 5
96 93
122 118
18 15
122 119
124 121
59 56
52 49
95 92
54 50
54 51
19 15
14 11
53 50
86 83
58 55
45 42
18 14
125 121
7 4
16 13
15 12
125 122
17 13
125 56
96 92
135 132
44 41
9 6
10 7
60 57
121 118
97 94
17 14
134 131
57 54
132 129
134 130
55 52
56 52
101 2
87 84
97 93
53 49
58 54
19 16
136 133
13 10
9 5
110 86
83 29
107 5
120 117
15 11
61 58
60 56
133 130
59 55
137 134
48 43
8 4
91 88
16 12
103 2
88 85
136 132
87 83
119 30
10 6
83 79
88 84
28 21
126 123
89 86
11 8
89 85
80 25
83 80
109 106
92 89
7 3
45 41
56 53
95 91
55 51
46 43
94 91
61 21
126 122
6 3
121 117
107 104
13 9
135 131
102 91
90 87
80 26
119 111
106 103
68 22
28 16
85 82
12 9
112 109
31 15
93 90
36 4
108 105
133 129
32 11
60 27
52 48
32 15
34 31
84 81
109 93
120 116
69 66
53 48
47 43
57 53
126 56
138 135
54 31
70 67
114 85
33 8
87 9
101 4
44 40
58 18
127 124
36 8
80 23
133 108
105 101
110 89
85 81
35 11
119 123
120 123
120 124
5 8
93 96
118 122
15 18
119 122
121 124
56 59
49 52
92 95
50 54
51 54
15 19
11 14
50 53
83 86
55 58
42 45
14 18
121 125
4 7
13 16
12 15
122 125
13 17
56 125
92 96
132 135
41 44
6 9
7 10
57 60
118 121
94 97
14 17
131 134
54 57
129 132
130 134
52 55
52 56
2 101
84 87
93 97
49 53
54 58
16 19
133 136
10 13
5 9
86 110
29 83
5 107
117 120
11 15
58 61
56 60
130 133
55 59
134 137
43 48
4 8
88 91
12 16
2 103
85 88
132 136
83 87
30 119
6 10
79 83
84 88
21 28
123 126
86 89
8 11
85 89
25 80
80 83
106 109
89 92
3 7
41 45
53 56
91 95
51 55
43 46
91 94
21 61
122 126
3 6
117 121
104 107
9 13
131 135
91 102
87 90
26 80
111 119
103 106
22 68
16 28
82 85
9 12
109 112
15 31
90 93
4 36
105 108
129 133
11 32
27 60
48 52
15 32
31 34
81 84
93 109
116 120
66 69
48 53
43 47
53 57
56 126
135 138
31 54
67 70
85 114
8 33
9 87
4 101
40 44
18 58
124 127
8 36
23 80
108 133
101 105
89 110
81 85
11 35
