155 152
114 110
156 153
116 112
154 151
113 110
157 154
159 156
155 151
114 111
112 109
156 152
113 109
117 114
153 150
115 112
115 111
116 113
154 150
204 201
205 202
152 149
108 105
209 206
158 155
112 108
109 106
203 200
118 114
111 108
119 116
157 153
149 146
110 107
110 106
117 113
204 200
206 202
159 155
123 120
210 207
122 119
150 147
213 210
118 115
210 206
119 115
161 157
160 157
120 117
161 158
120 116
205 201
109 105
111 107
160 156
29 26
153 149
203 199
173 170
121 118
42 39
206 203
201 198
202 199
28 25
207 204
151 148
121 117
208 204
158 154
165 130
33 2
38 11
202 198
123 119
34 2
151 147
46 43
209 205
170 167
211 208
207 203
208 205
125 66
29 25
122 118
214 211
47 44
46 42
41 38
185 182
10 4
199 196
201 197
72 9
165 131
38 10
200 197
167 131
147 144
150 146
148 145
48 44
60 57
50 42
67 2
34 3
124 121
186 183
24 21
152 148
70 47
30 27
165 129
173 169
211 207
174 171
35 3
162 158
56 53
151 132
229 226
212 209
172 169
48 45
125 120
171 168
226 223
49 46
179 176
164 128
43 40
156 110
67 4
108 104
215 212
195 9
119 54
164 129
161 114
212 208
194 191
40 13
56 52
42 38
194 8
52 42
27 24
166 131
220 217
101 98
51 48
166 128
166 130
124 120
221 218
72 69
162 159
227 224
32 2
40 37
167 130
40 11
165 128
18 15
73 9
58 55
17 14
150 109
113 44
137 134
200 196
92 89
194 9
219 216
112 44
161 118
213 209
153 110
30 26
130 67
163 158
230 227
163 129
228 225
120 66
166 129
125 121
208 26
55 52
163 128
224 221
139 136
91 88
171 167
115 48
73 8
65 2
90 87
184 181
183 180
66 63
75 72
39 36
74 71
69 9
73 41
28 24
149 145
218 215
93 90
138 135
47 43
225 222
69 7
172 168
98 95
164 161
126 66
157 113
199 195
197 16
174 170
187 184
128 65
125 65
216 213
214 210
66 3
39 11
58 54
146 143
100 97
97 94
217 214
38 12
222 219
37 10
203 195
175 172
128 67
24 20
164 126
215 211
72 8
204 25
61 58
19 16
99 96
45 42
59 56
70 42
44 41
126 65
23 4
69 10
220 216
103 100
47 5
35 2
66 2
210 166
164 127
154 129
167 132
148 144
165 155
158 129
96 93
54 51
34 4
43 39
119 53
50 47
150 106
230 226
16 13
67 10
178 175
161 121
185 181
72 10
188 185
153 109
180 177
71 7
44 40
49 45
65 3
160 114
229 225
82 79
120 53
94 91
67 3
136 133
123 58
193 72
73 10
175 171
154 109
129 67
192 189
127 124
40 12
193 190
128 66
154 113
36 4
186 182
165 158
133 9
208 29
221 217
198 195
51 42
140 137
88 85
37 5
157 114
73 70
223 220
39 12
163 159
36 3
102 99
144 141
36 10
35 4
228 224
177 174
59 55
41 37
200 195
138 134
155 131
37 11
127 117
83 80
219 215
191 188
227 223
125 122
19 15
133 69
181 178
187 183
57 54
152 155
110 114
153 156
112 116
151 154
110 113
154 157
156 159
151 155
111 114
109 112
152 156
109 113
114 117
150 153
112 115
111 115
113 116
150 154
201 204
202 205
149 152
105 108
206 209
155 158
108 112
106 109
200 203
114 118
108 111
116 119
153 157
146 149
107 110
106 110
113 117
200 204
202 206
155 159
120 123
207 210
119 122
147 150
210 213
115 118
206 210
115 119
157 161
157 160
117 120
158 161
116 120
201 205
105 109
107 111
156 160
26 29
149 153
199 203
170 173
118 121
39 42
203 206
198 201
199 202
25 28
204 207
148 151
117 121
204 208
154 158
130 165
2 33
11 38
198 202
119 123
2 34
147 151
43 46
205 209
167 170
208 211
203 207
205 208
66 125
25 29
118 122
211 214
44 47
42 46
38 41
182 185
4 10
196 199
197 201
9 72
131 165
10 38
197 200
131 167
144 147
146 150
145 148
44 48
57 60
42 50
2 67
3 34
121 124
183 186
21 24
148 152
47 70
27 30
129 165
169 173
207 211
171 174
3 35
158 162
53 56
132 151
226 229
209 212
169 172
45 48
120 125
168 171
223 226
46 49
176 179
128 164
40 43
110 156
4 67
104 108
212 215
9 195
54 119
129 164
114 161
208 212
191 194
13 40
52 56
38 42
8 194
42 52
24 27
131 166
217 220
98 101
48 51
128 166
130 166
120 124
218 221
69 72
159 162
224 227
2 32
37 40
130 167
11 40
128 165
15 18
9 73
55 58
14 17
109 150
44 113
134 137
196 200
89 92
9 194
216 219
44 112
118 161
209 213
110 153
26 30
67 130
158 163
227 230
129 163
225 228
66 120
129 166
121 125
26 208
52 55
128 163
221 224
136 139
88 91
167 171
48 115
8 73
2 65
87 90
181 184
180 183
63 66
72 75
36 39
71 74
9 69
41 73
24 28
145 149
215 218
90 93
135 138
43 47
222 225
7 69
168 172
95 98
161 164
66 126
113 157
195 199
16 197
170 174
184 187
65 128
65 125
213 216
210 214
3 66
11 39
54 58
143 146
97 100
94 97
214 217
12 38
219 222
10 37
195 203
172 175
67 128
20 24
126 164
211 215
8 72
25 204
58 61
16 19
96 99
42 45
56 59
42 70
41 44
65 126
4 23
10 69
216 220
100 103
5 47
2 35
2 66
166 210
127 164
129 154
132 167
144 148
155 165
129 158
93 96
51 54
4 34
39 43
53 119
47 50
106 150
226 230
13 16
10 67
175 178
121 161
181 185
10 72
185 188
109 153
177 180
7 71
40 44
45 49
3 65
114 160
225 229
79 82
53 120
91 94
3 67
133 136
58 123
72 193
10 73
171 175
109 154
67 129
189 192
124 127
12 40
190 193
66 128
113 154
4 36
182 186
158 165
9 133
29 208
217 221
195 198
42 51
137 140
85 88
5 37
114 157
70 73
220 223
12 39
159 163
3 36
99 102
141 144
10 36
4 35
224 228
174 177
55 59
37 41
195 200
134 138
131 155
11 37
117 127
80 83
215 219
188 191
223 227
122 125
15 19
69 133
178 181
183 187
54 57
