155 152
112 109
114 110
156 153
114 111
154 151
116 113
113 110
115 112
155 151
159 156
117 114
209 206
113 109
156 152
157 154
116 112
205 201
117 113
154 150
201 198
205 202
115 111
108 105
112 108
109 106
153 150
158 155
152 149
118 115
210 206
157 153
160 157
203 200
119 115
206 202
110 107
118 114
119 116
165 131
208 204
170 167
110 106
204 201
159 155
122 119
204 200
213 210
121 118
150 147
111 108
165 158
120 117
10 4
151 148
123 119
154 113
161 158
70 47
42 39
111 107
210 207
67 2
109 105
203 199
156 110
207 204
149 146
50 42
158 154
46 43
153 149
120 66
52 42
119 54
167 131
125 66
120 116
160 156
161 157
194 8
152 148
195 9
38 10
121 117
112 44
38 11
29 26
157 113
47 5
211 208
23 4
161 118
115 48
202 199
203 195
208 205
210 166
164 126
150 109
40 13
209 205
163 158
151 147
34 2
158 129
33 2
203 168
206 203
151 132
204 25
28 25
72 9
201 197
120 53
123 120
152 155
109 112
110 114
153 156
111 114
151 154
113 116
110 113
112 115
151 155
156 159
114 117
206 209
109 113
152 156
154 157
112 116
201 205
113 117
150 154
198 201
202 205
111 115
105 108
108 112
106 109
150 153
155 158
149 152
115 118
206 210
153 157
157 160
200 203
115 119
202 206
107 110
114 118
116 119
131 165
204 208
167 170
106 110
201 204
155 159
119 122
200 204
210 213
118 121
147 150
108 111
158 165
117 120
4 10
148 151
119 123
113 154
158 161
47 70
39 42
107 111
207 210
2 67
105 109
199 203
110 156
204 207
146 149
42 50
154 158
43 46
149 153
66 120
42 52
54 119
131 167
66 125
116 120
156 160
157 161
8 194
148 152
9 195
10 38
117 121
44 112
11 38
26 29
113 157
5 47
208 211
4 23
118 161
48 115
199 202
195 203
205 208
166 210
126 164
109 150
13 40
205 209
158 163
147 151
2 34
129 158
2 33
168 203
203 206
132 151
25 204
25 28
9 72
197 201
53 120
120 123
