155 152
112 109
114 110
156 153
114 111
154 151
116 113
113 110
115 112
155 151
159 156
117 114
209 206
113 109
156 152
157 154
116 112
205 201
117 113
154 150
201 198
205 202
115 111
108 105
112 108
109 106
153 150
158 155
152 149
118 115
210 206
157 153
160 157
203 200
119 115
206 202
110 107
118 114
119 116
165 131
208 204
170 167
110 106
204 201
159 155
122 119
204 200
213 210
121 118
150 147
111 108
165 158
120 117
10 4
151 148
123 119
154 113
161 158
70 47
42 39
111 107
210 207
67 2
109 105
203 199
156 110
207 204
149 146
50 42
158 154
46 43
153 149
120 66
52 42
119 54
167 131
125 66
120 116
160 156
161 157
194 8
152 148
195 9
38 10
121 117
112 44
38 11
29 26
157 113
47 5
211 208
23 4
161 118
115 48
202 199
203 195
208 205
210 166
164 126
150 109
40 13
209 205
163 158
151 147
34 2
158 129
33 2
203 168
206 203
151 132
204 25
28 25
72 9
201 197
120 53
123 120
173 170
67 4
122 118
47 44
46 42
161 114
160 114
165 155
202 198
199 196
207 203
208 29
129 117
171 168
211 207
197 16
147 144
35 3
200 197
29 25
133 9
40 11
166 128
41 38
125 120
153 110
164 128
112 48
208 26
165 129
72 69
128 65
67 10
56 52
214 211
73 41
48 45
48 44
42 38
43 40
22 10
32 2
174 171
200 196
73 8
201 25
49 46
154 129
124 121
150 146
128 67
173 169
130 67
149 145
163 117
168 130
148 145
133 69
69 9
70 42
137 134
69 10
65 2
161 121
108 104
229 226
58 55
164 129
119 53
166 131
126 65
113 44
185 182
109 44
172 169
39 36
186 183
60 57
212 209
172 168
74 71
166 130
221 218
124 120
40 37
204 29
193 72
212 208
125 65
116 68
155 131
34 4
171 167
224 221
204 26
30 26
108 45
167 155
30 27
200 195
71 7
154 109
56 53
101 98
157 114
58 54
51 48
55 52
200 25
34 3
174 170
205 29
164 127
220 217
225 222
207 130
28 24
