108 88
218 126
33 27
194 14
176 138
173 137
15 11
227 209
173 145
186 182
200 197
109 70
87 78
198 186
160 157
161 118
85 75
194 190
154 130
85 78
217 126
181 138
204 26
169 132
166 129
185 136
11 8
228 205
74 70
157 109
180 138
194 15
150 132
21 13
188 136
103 98
158 117
38 10
64 2
161 129
211 207
210 170
163 158
153 110
84 43
193 8
102 99
207 171
184 136
64 60
230 174
200 20
195 188
197 18
14 9
175 171
202 199
9 6
119 116
70 7
142 138
120 56
170 131
160 110
10 4
222 31
74 45
114 110
34 26
195 21
200 195
187 184
49 46
155 152
104 49
202 179
69 9
218 128
73 70
219 215
157 113
206 175
163 129
192 139
171 167
172 169
188 185
64 61
56 5
66 4
204 200
162 158
209 175
219 212
19 8
47 43
164 128
151 147
194 8
38 5
38 7
218 211
200 23
50 42
130 67
119 53
38 23
150 70
104 98
116 53
108 93
223 29
166 130
123 60
203 195
176 172
52 5
194 19
132 72
125 65
125 66
180 176
222 212
207 203
56 3
150 109
116 5
109 71
116 57
37 6
169 133
38 8
119 57
42 38
119 54
35 3
166 128
85 82
189 18
120 117
106 95
95 78
152 147
86 43
195 14
206 168
154 113
181 141
123 61
57 53
70 42
177 173
129 113
201 25
106 45
165 131
227 206
68 6
144 138
84 45
213 210
103 97
207 168
179 175
207 22
47 44
72 9
203 199
155 129
222 208
112 70
128 68
24 21
154 132
158 154
112 109
124 120
144 137
36 23
19 15
22 9
108 90
210 166
193 72
164 126
107 94
86 45
67 2
204 23
208 205
167 151
127 68
147 131
60 3
209 206
154 110
132 9
124 64
196 187
20 12
33 2
202 198
106 96
68 5
126 63
157 153
216 166
156 110
37 3
114 111
146 137
124 62
196 18
194 17
227 212
227 224
112 47
105 96
133 22
21 14
225 208
115 107
223 31
186 183
70 5
129 117
196 20
84 41
216 211
157 110
30 2
206 171
161 117
214 211
185 138
163 127
93 89
14 11
180 177
69 6
133 9
66 60
85 43
36 4
39 11
204 29
199 187
158 113
86 74
132 71
218 30
52 37
221 31
73 42
210 171
55 37
120 66
145 134
165 159
14 8
210 207
209 205
222 211
26 22
84 42
38 12
66 5
221 65
16 8
127 116
98 81
203 172
126 66
216 128
169 147
111 91
125 121
72 8
193 136
194 191
168 130
196 186
74 44
16 13
219 216
105 94
32 2
203 21
52 48
154 151
26 2
199 195
157 129
116 113
104 83
26 4
196 19
20 14
40 14
21 9
38 4
120 57
169 131
195 22
162 159
73 43
208 204
67 3
115 112
151 132
139 135
202 172
106 87
209 171
95 88
39 6
105 95
159 156
150 71
23 4
155 131
164 158
57 54
43 7
229 178
181 142
106 94
222 29
34 27
195 20
199 196
172 168
83 45
120 116
29 26
193 9
225 212
198 187
144 140
52 42
150 75
99 83
73 41
70 6
40 7
50 47
176 143
10 6
25 21
81 78
224 29
30 26
220 217
157 117
66 3
173 170
196 188
64 3
180 143
128 65
205 25
178 174
107 93
141 138
207 26
24 12
204 25
47 6
123 119
109 45
177 145
133 72
119 115
23 12
193 135
85 76
150 131
162 117
71 43
93 88
194 189
174 171
176 137
125 60
214 166
36 10
112 108
193 188
161 114
210 168
228 175
150 74
163 126
203 25
53 47
167 130
85 81
84 74
221 30
212 208
132 70
161 121
127 117
40 16
133 69
200 22
184 180
158 129
94 87
120 60
176 134
86 44
81 77
112 86
20 13
25 20
202 175
70 43
53 48
166 67
72 7
151 148
38 6
194 9
161 113
104 100
137 134
30 27
19 13
85 77
121 117
214 210
40 13
179 176
203 133
156 153
21 8
202 187
75 43
164 129
51 47
34 30
110 89
163 117
113 110
167 131
52 39
19 16
108 91
154 131
151 131
228 209
111 93
42 6
124 121
69 7
108 92
174 170
56 52
153 109
60 56
163 128
107 45
127 120
69 10
206 203
200 21
66 2
204 24
117 113
55 52
82 76
65 2
40 8
56 53
158 155
194 188
189 19
36 12
38 21
168 69
132 69
26 23
74 43
46 42
215 212
208 26
168 132
109 74
165 130
36 11
67 5
106 86
184 179
205 175
173 169
23 10
177 143
18 14
130 69
185 139
42 7
205 201
115 48
200 196
198 195
122 118
147 134
204 22
117 68
93 87
204 201
217 128
229 174
217 65
41 8
39 7
84 73
201 22
197 20
111 107
153 150
207 204
73 46
185 181
167 155
139 136
143 138
108 86
106 97
25 22
65 32
51 48
37 5
24 20
128 67
106 85
207 130
84 75
73 7
69 38
112 45
60 57
127 65
154 69
197 19
153 113
21 12
116 112
107 87
221 2
184 176
110 91
203 22
128 66
113 109
97 78
192 188
37 4
210 206
159 155
118 115
211 208
113 44
191 188
164 127
106 78
99 81
127 66
229 175
160 156
102 98
219 211
184 138
216 164
169 151
218 2
162 121
67 4
227 208
222 30
125 63
109 44
202 195
172 133
211 166
48 44
229 209
55 51
85 45
212 209
165 129
154 70
130 68
109 86
156 90
170 167
59 55
47 5
200 14
104 96
101 98
222 218
165 158
124 63
21 10
171 168
217 164
203 168
15 8
46 41
223 28
154 150
107 86
206 172
194 16
125 61
56 37
126 64
129 69
117 114
48 45
71 7
19 14
175 172
41 7
113 68
214 167
213 171
11 6
216 210
187 136
38 11
125 64
42 39
160 114
227 205
225 222
107 48
215 211
195 19
173 134
28 25
188 139
135 72
50 46
53 5
69 5
22 10
34 2
111 108
203 9
172 134
23 11
83 49
71 44
34 23
156 152
126 65
121 118
161 157
154 71
109 89
177 174
113 70
193 15
104 97
46 43
49 45
153 90
65 3
118 114
165 154
59 56
163 121
84 46
187 183
144 139
192 135
181 143
183 180
166 131
116 66
157 154
148 132
168 133
112 48
108 87
115 53
36 24
97 81
221 32
208 29
154 129
116 68
206 174
107 95
35 2
74 71
10 5
145 137
152 149
218 67
155 151
47 42
195 9
116 48
218 65
104 99
21 11
131 69
206 202
110 90
207 166
122 119
189 17
176 173
184 137
143 137
54 51
200 25
66 56
115 111
129 68
40 15
112 107
97 83
123 57
170 151
192 136
161 158
201 198
35 4
103 96
75 71
157 114
127 121
190 19
80 77
125 62
69 4
173 147
108 89
165 128
203 200
123 120
185 182
205 202
196 189
52 47
148 71
221 218
34 4
183 179
201 197
185 141
83 43
18 13
85 74
40 11
169 134
153 149
83 46
112 44
95 87
165 155
184 181
223 30
177 137
100 83
123 62
11 7
188 184
58 55
210 167
170 147
111 92
194 21
213 209
47 39
178 175
200 19
168 131
125 120
161 127
70 47
124 61
10 7
195 187
70 44
86 75
222 219
190 17
58 54
189 186
200 24
