165 131
160 114
120 66
70 47
10 4
156 110
112 44
151 132
205 201
161 118
165 158
119 54
67 2
170 167
154 113
161 114
38 10
203 168
125 66
164 126
203 195
52 42
209 206
150 109
195 9
50 42
157 113
158 129
40 13
23 4
165 155
167 131
197 16
47 5
205 202
67 4
129 117
40 11
112 48
210 166
72 9
204 25
108 105
123 119
201 25
125 120
194 8
161 157
213 210
161 121
156 152
153 110
72 69
208 29
154 129
208 26
155 131
118 114
206 202
115 48
133 9
34 2
120 53
113 44
67 10
208 204
116 112
207 130
156 153
201 198
167 155
130 67
128 65
173 169
163 117
163 158
166 128
119 48
114 110
73 8
116 68
56 52
22 10
109 44
154 109
38 11
205 29
133 69
108 45
160 110
71 7
117 113
154 150
69 10
34 4
164 128
73 41
195 133
113 109
172 134
159 156
70 42
197 20
129 113
204 29
119 115
116 44
210 206
56 37
165 154
48 44
150 106
42 39
126 65
203 200
123 58
