165 131
160 114
120 66
70 47
10 4
156 110
112 44
151 132
205 201
161 118
165 158
119 54
67 2
170 167
154 113
161 114
38 10
203 168
125 66
164 126
203 195
52 42
209 206
150 109
195 9
50 42
157 113
158 129
40 13
23 4
165 155
167 131
197 16
47 5
205 202
67 4
129 117
40 11
112 48
210 166
72 9
204 25
108 105
123 119
201 25
125 120
194 8
161 157
213 210
161 121
156 152
153 110
72 69
208 29
154 129
208 26
155 131
118 114
206 202
115 48
133 9
34 2
120 53
113 44
67 10
208 204
116 112
207 130
156 153
201 198
167 155
130 67
128 65
173 169
163 117
163 158
166 128
119 48
114 110
73 8
116 68
56 52
22 10
109 44
154 109
38 11
205 29
133 69
108 45
160 110
71 7
117 113
154 150
69 10
34 4
164 128
73 41
195 133
113 109
172 134
159 156
70 42
197 20
129 113
204 29
119 115
116 44
210 206
56 37
165 154
48 44
150 106
42 39
126 65
203 200
123 58
122 119
157 114
147 75
151 147
200 25
69 7
63 3
155 152
168 130
159 155
206 171
200 195
116 53
46 42
204 26
37 5
46 43
21 15
32 2
198 186
154 151
169 148
120 68
114 111
193 69
193 72
201 197
132 72
39 36
199 196
68 7
41 8
157 154
157 117
200 9
163 129
200 22
52 39
127 124
197 15
221 218
127 117
60 57
220 216
194 191
112 74
69 9
159 121
173 170
58 54
112 45
58 55
36 9
164 161
202 187
196 37
195 172
150 75
196 12
219 215
169 151
186 183
205 198
220 217
221 216
201 29
223 220
161 117
168 69
116 47
151 131
211 26
110 106
111 108
223 219
121 117
67 34
128 67
74 7
112 104
138 64
75 70
137 134
34 26
96 93
211 65
22 2
202 198
152 148
149 106
193 76
56 5
29 25
122 118
191 73
163 127
94 91
192 132
20 16
118 115
200 72
66 63
109 75
53 5
70 44
98 95
111 107
157 110
191 38
64 32
65 2
116 70
160 156
149 146
147 72
42 38
123 118
