165 131
160 114
120 66
70 47
10 4
156 110
112 44
151 132
205 201
161 118
165 158
119 54
67 2
170 167
154 113
161 114
38 10
203 168
125 66
164 126
203 195
52 42
209 206
150 109
195 9
50 42
157 113
158 129
40 13
23 4
165 155
167 131
197 16
47 5
205 202
67 4
129 117
40 11
112 48
210 166
72 9
204 25
108 105
123 119
201 25
125 120
194 8
161 157
213 210
161 121
156 152
153 110
72 69
208 29
154 129
208 26
155 131
118 114
206 202
115 48
133 9
34 2
120 53
113 44
67 10
208 204
116 112
207 130
156 153
201 198
167 155
130 67
128 65
173 169
163 117
163 158
166 128
119 48
114 110
73 8
116 68
56 52
22 10
109 44
154 109
38 11
205 29
133 69
108 45
160 110
71 7
117 113
154 150
69 10
34 4
164 128
73 41
195 133
113 109
172 134
159 156
70 42
197 20
129 113
204 29
119 115
116 44
210 206
56 37
165 154
48 44
150 106
42 39
126 65
203 200
123 58
122 119
157 114
147 75
151 147
200 25
69 7
63 3
155 152
168 130
159 155
206 171
200 195
116 53
46 42
204 26
37 5
46 43
21 15
32 2
198 186
154 151
169 148
120 68
114 111
193 69
193 72
201 197
132 72
39 36
199 196
68 7
41 8
157 154
157 117
200 9
163 129
200 22
52 39
127 124
197 15
221 218
127 117
60 57
220 216
194 191
112 74
69 9
159 121
173 170
58 54
112 45
58 55
36 9
164 161
202 187
196 37
195 172
150 75
196 12
219 215
169 151
186 183
205 198
220 217
221 216
201 29
223 220
161 117
168 69
116 47
151 131
211 26
110 106
111 108
223 219
121 117
67 34
128 67
74 7
112 104
138 64
75 70
137 134
34 26
96 93
211 65
22 2
202 198
152 148
149 106
193 76
56 5
29 25
122 118
191 73
163 127
94 91
192 132
20 16
118 115
200 72
66 63
109 75
53 5
70 44
98 95
111 107
157 110
191 38
64 32
65 2
116 70
160 156
149 146
147 72
42 38
123 118
148 144
192 188
154 131
100 97
130 69
46 7
153 106
36 21
209 205
127 121
127 120
112 43
204 200
222 219
76 72
155 151
123 61
101 53
216 213
60 3
100 94
133 75
37 3
221 215
157 153
194 73
76 40
38 35
22 4
38 4
220 215
99 94
221 217
147 144
109 106
51 48
59 35
224 221
199 21
199 38
30 26
205 25
162 122
211 45
200 23
119 57
150 105
172 133
223 217
157 129
193 9
96 92
76 70
24 20
109 105
212 31
161 129
158 155
224 220
112 108
208 27
167 143
133 72
18 15
219 216
153 117
53 47
192 72
160 140
185 182
193 135
173 148
95 87
203 69
203 9
102 97
125 63
24 19
65 32
194 41
207 26
203 10
67 22
119 53
116 48
153 109
108 104
93 90
98 93
69 11
38 21
73 10
28 25
210 171
161 113
125 65
195 42
224 219
198 187
34 27
98 92
201 28
169 147
90 87
206 166
135 75
75 72
214 210
153 113
117 108
171 35
28 20
27 23
59 37
97 94
100 96
131 165
114 160
66 120
47 70
4 10
110 156
44 112
132 151
201 205
118 161
158 165
54 119
2 67
167 170
113 154
114 161
10 38
168 203
66 125
126 164
195 203
42 52
206 209
109 150
9 195
42 50
113 157
129 158
13 40
4 23
155 165
131 167
16 197
5 47
202 205
4 67
117 129
11 40
48 112
166 210
9 72
25 204
105 108
119 123
25 201
120 125
8 194
157 161
210 213
121 161
152 156
110 153
69 72
29 208
129 154
26 208
131 155
114 118
202 206
48 115
9 133
2 34
53 120
44 113
10 67
204 208
112 116
130 207
153 156
198 201
155 167
67 130
65 128
169 173
117 163
158 163
128 166
48 119
110 114
8 73
68 116
52 56
10 22
44 109
109 154
11 38
29 205
69 133
45 108
110 160
7 71
113 117
150 154
10 69
4 34
128 164
41 73
133 195
109 113
134 172
156 159
42 70
20 197
113 129
29 204
115 119
44 116
206 210
37 56
154 165
44 48
106 150
39 42
65 126
200 203
58 123
119 122
114 157
75 147
147 151
25 200
7 69
3 63
152 155
130 168
155 159
171 206
195 200
53 116
42 46
26 204
5 37
43 46
15 21
2 32
186 198
151 154
148 169
68 120
111 114
69 193
72 193
197 201
72 132
36 39
196 199
7 68
8 41
154 157
117 157
9 200
129 163
22 200
39 52
124 127
15 197
218 221
117 127
57 60
216 220
191 194
74 112
9 69
121 159
170 173
54 58
45 112
55 58
9 36
161 164
187 202
37 196
172 195
75 150
12 196
215 219
151 169
183 186
198 205
217 220
216 221
29 201
220 223
117 161
69 168
47 116
131 151
26 211
106 110
108 111
219 223
117 121
34 67
67 128
7 74
104 112
64 138
70 75
134 137
26 34
93 96
65 211
2 22
198 202
148 152
106 149
76 193
5 56
25 29
118 122
73 191
127 163
91 94
132 192
16 20
115 118
72 200
63 66
75 109
5 53
44 70
95 98
107 111
110 157
38 191
32 64
2 65
70 116
156 160
146 149
72 147
38 42
118 123
144 148
188 192
131 154
97 100
69 130
7 46
106 153
21 36
205 209
121 127
120 127
43 112
200 204
219 222
72 76
151 155
61 123
53 101
213 216
3 60
94 100
75 133
3 37
215 221
153 157
73 194
40 76
35 38
4 22
4 38
215 220
94 99
217 221
144 147
106 109
48 51
35 59
221 224
21 199
38 199
26 30
25 205
122 162
45 211
23 200
57 119
105 150
133 172
217 223
129 157
9 193
92 96
70 76
20 24
105 109
31 212
129 161
155 158
220 224
108 112
27 208
143 167
72 133
15 18
216 219
117 153
47 53
72 192
140 160
182 185
135 193
148 173
87 95
69 203
9 203
97 102
63 125
19 24
32 65
41 194
26 207
10 203
22 67
53 119
48 116
109 153
104 108
90 93
93 98
11 69
21 38
10 73
25 28
171 210
113 161
65 125
42 195
219 224
187 198
27 34
92 98
28 201
147 169
87 90
166 206
75 135
72 75
210 214
113 153
108 117
35 171
20 28
23 27
37 59
94 97
96 100
