22 19
21 18
23 20
89 86
24 21
22 18
76 73
88 85
23 19
131 128
90 87
87 84
89 85
130 127
90 86
73 70
162 159
161 158
133 130
160 157
24 20
85 82
77 74
74 71
84 81
86 83
88 84
25 21
159 156
75 72
129 126
162 158
20 17
135 132
134 131
21 17
134 130
50 47
25 22
18 15
158 155
132 129
164 161
19 16
11 8
77 73
45 42
78 75
161 157
91 88
163 160
48 45
132 128
160 156
128 125
91 87
76 72
54 51
73 69
20 16
163 159
130 126
49 46
50 46
17 14
27 22
164 160
12 9
40 31
54 50
39 30
100 78
191 185
141 40
26 22
75 71
137 42
101 79
188 185
87 83
13 10
74 70
73 68
26 23
16 13
15 12
139 40
55 51
49 45
133 129
9 6
51 47
7 4
109 46
132 69
107 46
168 27
150 147
85 81
92 89
190 187
168 28
6 3
159 155
131 127
18 14
135 131
128 124
133 70
106 103
165 162
192 189
139 41
191 188
74 68
184 98
86 82
117 99
133 69
40 30
140 40
136 132
125 34
5 2
10 7
140 41
162 149
172 156
53 49
129 125
148 145
45 26
39 31
19 15
52 49
146 58
78 74
149 146
8 5
146 57
95 92
134 17
94 91
108 102
74 69
170 159
170 167
100 79
108 46
145 58
145 57
13 9
53 50
84 80
51 48
12 8
191 186
191 187
169 29
138 135
136 133
137 44
151 148
183 180
96 92
184 181
14 11
147 62
166 163
92 88
17 13
135 23
107 44
110 107
36 33
108 105
119 65
52 48
165 161
124 34
129 124
106 102
192 185
141 39
120 77
27 23
120 78
16 12
158 154
48 44
169 22
141 41
128 123
7 3
189 186
119 97
79 75
38 31
129 123
79 76
108 104
109 50
147 57
144 58
107 45
116 101
19 22
18 21
20 23
86 89
21 24
18 22
73 76
85 88
19 23
128 131
87 90
84 87
85 89
127 130
86 90
70 73
159 162
158 161
130 133
157 160
20 24
82 85
74 77
71 74
81 84
83 86
84 88
21 25
156 159
72 75
126 129
158 162
17 20
132 135
131 134
17 21
130 134
47 50
22 25
15 18
155 158
129 132
161 164
16 19
8 11
73 77
42 45
75 78
157 161
88 91
160 163
45 48
128 132
156 160
125 128
87 91
72 76
51 54
69 73
16 20
159 163
126 130
46 49
46 50
14 17
22 27
160 164
9 12
31 40
50 54
30 39
78 100
185 191
40 141
22 26
71 75
42 137
79 101
185 188
83 87
10 13
70 74
68 73
23 26
13 16
12 15
40 139
51 55
45 49
129 133
6 9
47 51
4 7
46 109
69 132
46 107
27 168
147 150
81 85
89 92
187 190
28 168
3 6
155 159
127 131
14 18
131 135
124 128
70 133
103 106
162 165
189 192
41 139
188 191
68 74
98 184
82 86
99 117
69 133
30 40
40 140
132 136
34 125
2 5
7 10
41 140
149 162
156 172
49 53
125 129
145 148
26 45
31 39
15 19
49 52
58 146
74 78
146 149
5 8
57 146
92 95
17 134
91 94
102 108
69 74
159 170
167 170
79 100
46 108
58 145
57 145
9 13
50 53
80 84
48 51
8 12
186 191
187 191
29 169
135 138
133 136
44 137
148 151
180 183
92 96
181 184
11 14
62 147
163 166
88 92
13 17
23 135
44 107
107 110
33 36
105 108
65 119
48 52
161 165
34 124
124 129
102 106
185 192
39 141
77 120
23 27
78 120
12 16
154 158
44 48
22 169
41 141
123 128
3 7
186 189
97 119
75 79
31 38
123 129
76 79
104 108
50 109
57 147
58 144
45 107
101 116
