23 20
22 19
21 18
23 19
90 86
24 20
24 21
89 85
76 73
22 18
162 159
89 86
40 31
107 46
88 85
133 130
90 87
25 21
131 128
45 26
160 157
85 75
50 47
75 72
168 27
130 127
88 84
20 17
21 17
77 74
86 83
73 70
161 158
27 22
158 155
50 46
134 130
134 17
132 129
87 84
74 71
132 128
132 69
109 46
137 42
84 81
128 31
172 156
134 131
54 50
73 69
141 40
54 51
48 45
45 42
100 78
164 161
55 28
129 126
164 160
133 70
159 156
139 40
19 16
162 149
162 158
18 15
161 157
66 43
85 82
91 88
91 87
135 132
162 146
74 68
20 16
147 62
101 79
137 44
125 34
119 97
25 22
130 126
163 159
133 129
120 77
160 156
191 185
17 14
134 20
49 46
171 127
77 73
188 185
89 71
194 99
167 30
163 160
118 78
55 51
75 71
51 47
77 68
134 16
170 159
159 30
173 127
73 68
141 31
78 75
76 72
169 22
184 98
51 27
135 23
131 127
128 125
48 41
141 67
168 28
129 122
133 69
117 99
52 48
39 30
11 8
108 102
140 41
16 13
136 132
185 117
119 65
135 20
60 53
87 83
156 37
107 44
168 22
120 74
135 131
159 155
145 58
191 186
52 41
124 34
170 160
120 78
109 49
138 135
53 49
96 87
131 19
163 55
166 55
18 14
143 58
7 4
169 29
49 45
26 22
78 74
12 9
19 15
140 40
158 153
80 74
86 82
74 70
146 57
38 31
159 144
128 123
92 89
139 23
88 80
92 88
132 67
150 147
131 31
51 48
129 125
129 124
122 68
148 145
191 188
17 13
15 12
139 41
190 187
26 23
120 68
85 81
106 103
147 56
192 185
95 92
189 83
159 153
116 101
122 71
140 52
98 88
109 50
40 29
94 91
185 182
53 50
13 9
29 19
170 167
158 154
9 6
88 71
5 2
149 146
96 92
165 162
141 38
8 5
156 30
13 10
193 184
108 46
128 124
84 80
112 102
110 107
39 31
184 181
129 123
52 49
107 102
145 57
166 146
100 74
191 187
62 56
106 102
10 7
141 41
174 156
40 30
48 44
131 16
181 35
79 76
115 99
48 43
152 149
135 42
151 148
100 79
48 42
145 56
6 3
105 76
141 52
182 179
16 12
51 28
108 104
139 42
192 189
103 79
185 181
55 52
174 37
12 8
38 33
141 39
203 200
77 66
121 68
170 156
11 7
175 155
167 164
42 26
109 106
183 119
144 58
192 188
150 61
196 193
103 78
180 177
146 58
183 180
7 3
123 34
100 80
146 56
18 2
140 64
142 56
79 75
171 131
135 24
116 102
162 148
121 38
108 105
131 20
118 66
27 23
38 35
14 11
136 133
189 186
