23 20
22 19
21 18
23 19
90 86
24 20
24 21
89 85
76 73
22 18
162 159
89 86
40 31
107 46
88 85
133 130
90 87
25 21
131 128
45 26
160 157
85 75
50 47
75 72
168 27
130 127
88 84
20 17
21 17
77 74
86 83
73 70
161 158
27 22
158 155
50 46
134 130
134 17
132 129
87 84
74 71
132 128
132 69
109 46
137 42
84 81
128 31
172 156
134 131
54 50
73 69
141 40
54 51
48 45
45 42
100 78
164 161
55 28
129 126
164 160
133 70
159 156
139 40
19 16
162 149
162 158
18 15
161 157
66 43
85 82
91 88
91 87
135 132
162 146
74 68
20 16
147 62
101 79
137 44
125 34
119 97
25 22
130 126
163 159
133 129
120 77
160 156
191 185
17 14
134 20
49 46
171 127
77 73
188 185
89 71
194 99
167 30
163 160
118 78
55 51
75 71
51 47
77 68
