27 22
40 31
45 42
168 27
85 75
107 46
45 26
73 69
134 17
128 31
25 21
74 68
147 62
137 42
141 40
55 28
162 149
158 155
132 69
109 46
167 30
172 156
54 51
133 70
125 34
162 146
66 43
100 78
135 23
169 22
156 37
120 77
54 50
118 78
48 41
84 81
133 130
51 27
137 44
171 127
21 18
98 88
159 30
164 160
139 40
89 85
77 68
120 74
170 159
89 71
194 99
76 73
134 20
141 67
48 45
166 55
73 70
135 20
119 97
134 16
101 79
50 46
173 127
188 185
85 82
120 78
191 185
55 51
24 20
163 55
75 72
141 31
185 117
170 160
159 144
119 65
166 146
129 122
140 52
131 19
131 31
168 22
159 153
108 102
117 99
24 21
96 87
60 53
139 23
116 101
11 8
39 30
145 58
107 44
191 186
73 68
138 135
29 19
112 102
156 30
130 126
132 67
52 41
122 68
168 28
169 29
109 50
80 74
122 71
133 69
88 84
146 57
189 83
136 132
88 80
143 58
96 92
131 16
192 185
86 83
11 7
171 131
159 156
184 98
42 26
135 42
62 56
11 6
105 76
128 123
49 43
131 40
162 158
12 7
120 68
142 56
100 74
128 40
12 8
158 153
120 100
132 73
60 50
147 56
134 130
88 71
181 35
113 53
161 157
18 2
129 124
121 38
128 125
129 123
85 71
150 61
133 129
64 53
21 17
140 64
77 74
164 161
109 49
15 12
116 102
119 92
91 87
22 18
184 181
115 99
9 6
175 155
171 19
132 122
163 30
183 119
75 71
121 97
170 156
138 73
185 181
174 37
139 131
140 41
9 5
110 66
168 51
51 47
122 88
78 74
77 66
10 7
191 187
149 146
142 62
8 5
162 153
67 34
192 188
136 76
7 4
197 182
40 29
124 38
186 84
103 79
