27 22
40 31
45 42
168 27
85 75
107 46
45 26
73 69
134 17
128 31
25 21
74 68
147 62
137 42
141 40
55 28
162 149
158 155
132 69
109 46
167 30
172 156
54 51
133 70
125 34
162 146
66 43
100 78
135 23
169 22
156 37
120 77
54 50
118 78
48 41
84 81
133 130
51 27
137 44
171 127
21 18
98 88
159 30
164 160
139 40
89 85
77 68
120 74
170 159
89 71
194 99
76 73
134 20
141 67
48 45
166 55
73 70
135 20
119 97
134 16
101 79
50 46
173 127
188 185
85 82
120 78
191 185
55 51
24 20
163 55
75 72
141 31
185 117
170 160
159 144
119 65
166 146
129 122
140 52
131 19
131 31
168 22
159 153
108 102
117 99
24 21
96 87
60 53
139 23
116 101
11 8
39 30
145 58
107 44
191 186
73 68
138 135
29 19
112 102
156 30
130 126
132 67
52 41
22 27
31 40
42 45
27 168
75 85
46 107
26 45
69 73
17 134
31 128
21 25
68 74
62 147
42 137
40 141
28 55
149 162
155 158
69 132
46 109
30 167
156 172
51 54
70 133
34 125
146 162
43 66
78 100
23 135
22 169
37 156
77 120
50 54
78 118
41 48
81 84
130 133
27 51
44 137
127 171
18 21
88 98
30 159
160 164
40 139
85 89
68 77
74 120
159 170
71 89
99 194
73 76
20 134
67 141
45 48
55 166
70 73
20 135
97 119
16 134
79 101
46 50
127 173
185 188
82 85
78 120
185 191
51 55
20 24
55 163
72 75
31 141
117 185
160 170
144 159
65 119
146 166
122 129
52 140
19 131
31 131
22 168
153 159
102 108
99 117
21 24
87 96
53 60
23 139
101 116
8 11
30 39
58 145
44 107
186 191
68 73
135 138
19 29
102 112
30 156
126 130
67 132
41 52
