177 152
86 83
67 38
186 83
171 4
176 36
182 95
172 157
52 39
154 36
38 33
180 35
152 35
167 55
19 4
193 185
111 64
118 111
148 57
15 4
203 200
106 78
139 23
176 33
203 87
48 28
127 6
142 40
75 71
140 110
29 22
37 32
36 32
77 66
195 181
128 33
40 30
128 31
92 89
171 29
166 55
124 94
29 19
102 78
139 66
120 77
183 119
198 181
22 19
16 12
117 111
170 167
182 97
41 23
160 156
74 66
122 67
129 126
132 68
132 67
131 128
170 163
50 46
140 40
144 55
152 143
196 193
141 66
153 36
127 16
168 28
128 125
191 186
140 65
189 83
172 5
177 35
177 36
162 158
118 102
169 27
103 77
18 14
175 154
121 66
117 63
143 38
118 77
144 37
45 42
140 49
130 11
201 182
183 98
199 95
159 37
162 153
120 66
65 38
94 34
11 7
187 117
125 32
42 24
119 98
121 94
141 40
135 23
118 112
110 43
25 21
131 16
136 133
138 132
190 187
154 37
174 32
21 17
137 43
177 154
89 85
52 41
186 98
167 29
100 79
186 84
136 132
169 19
199 91
120 97
116 102
163 30
126 8
181 94
111 107
134 20
101 79
139 40
180 145
21 18
167 28
18 4
143 37
89 86
181 97
49 46
45 41
48 45
168 27
143 39
73 70
144 36
120 98
126 9
52 40
140 48
55 52
183 99
187 100
120 65
94 35
140 66
121 65
106 66
159 155
175 155
149 145
100 84
85 81
120 100
119 99
78 66
164 160
106 77
144 56
119 66
90 87
192 184
15 5
170 160
131 19
45 26
36 33
25 22
29 23
199 182
139 42
111 106
119 78
163 160
141 39
135 20
51 28
172 4
169 4
134 13
111 102
194 184
181 95
171 127
12 6
122 68
103 76
105 77
172 3
134 16
17 14
156 37
94 33
95 34
173 7
103 78
174 8
41 29
127 8
74 71
73 68
31 19
169 3
51 48
130 127
48 40
55 51
92 70
102 77
159 30
105 102
184 97
58 52
171 156
161 158
185 99
39 30
171 15
170 4
67 33
77 73
133 130
118 99
38 30
198 180
203 91
199 94
20 17
18 15
159 153
167 30
119 97
110 64
114 61
15 11
183 97
110 49
197 180
134 131
66 43
40 23
197 35
138 69
170 29
122 70
129 69
200 95
159 144
11 8
11 6
23 20
117 102
150 145
84 81
118 65
105 76
143 65
138 66
118 100
144 38
144 39
55 28
26 22
96 91
170 156
119 65
198 95
173 32
23 19
166 28
191 184
56 39
17 13
92 74
168 29
106 43
172 6
125 34
121 68
162 159
27 23
51 41
117 100
98 84
87 84
121 97
127 31
174 156
100 80
26 23
138 67
88 71
56 53
53 50
75 72
121 96
143 33
117 99
127 32
27 22
52 28
119 100
189 84
142 39
125 33
122 92
142 56
180 143
198 94
166 51
119 64
71 68
96 92
156 32
42 23
195 180
100 78
49 41
128 123
112 61
128 124
121 67
120 68
15 12
107 44
136 69
37 30
122 74
147 57
171 31
145 56
78 75
91 87
48 42
138 43
181 143
198 35
144 30
152 37
129 123
198 179
140 42
88 84
93 70
151 145
169 29
10 7
139 135
129 124
142 64
113 61
85 75
132 129
123 93
15 6
80 74
175 156
39 28
170 159
135 24
53 49
180 151
173 5
132 128
52 49
56 52
133 69
142 38
186 99
135 42
139 132
115 101
48 26
57 54
110 66
131 23
140 52
47 26
122 93
118 106
141 64
164 161
124 34
76 73
41 26
170 2
126 10
195 183
197 182
193 183
19 16
180 150
140 64
98 78
158 153
185 117
131 31
76 72
78 74
48 41
95 35
142 65
170 30
191 83
153 144
171 30
16 6
98 74
124 93
167 164
201 193
185 98
192 185
169 28
117 112
196 182
80 75
152 144
16 13
154 151
22 18
92 71
118 63
111 101
139 41
99 63
93 34
92 88
121 98
134 130
122 69
142 58
118 64
85 82
191 185
121 33
74 70
176 173
180 36
133 129
52 48
117 101
195 97
118 101
72 69
143 35
112 63
12 7
57 53
41 28
169 22
173 6
187 99
197 181
116 112
118 66
131 127
197 95
184 96
129 125
200 182
109 49
95 91
137 73
168 22
179 36
131 20
169 30
38 32
37 31
86 82
198 34
50 47
178 153
197 183
194 185
166 163
138 135
170 3
159 156
115 112
41 27
141 41
141 65
151 146
186 87
176 32
48 27
116 101
126 11
176 37
153 37
186 88
181 121
123 33
140 41
39 29
171 32
91 88
58 53
138 77
128 34
40 31
139 67
120 74
181 35
134 17
152 38
158 155
110 106
22 2
170 164
179 152
184 87
193 182
173 127
189 186
195 182
140 43
173 156
97 65
88 85
152 36
176 154
199 181
153 146
51 47
118 110
110 107
198 182
173 8
140 67
178 154
187 115
134 19
96 88
106 103
88 80
130 13
103 79
120 99
169 2
45 27
106 102
40 29
130 16
88 74
179 151
152 145
64 58
178 36
90 86
176 152
161 157
120 78
203 90
130 126
67 40
172 32
179 35
183 96
102 79
171 6
197 179
62 58
119 63
138 68
20 16
49 45
122 94
160 3
127 11
167 51
77 74
160 157
201 184
124 95
168 2
141 38
132 69
116 111
111 108
54 51
139 43
138 73
178 151
123 67
54 50
148 145
122 96
40 28
84 80
128 32
19 15
141 121
143 56
153 145
19 6
191 87
171 19
98 88
184 98
139 131
122 71
167 39
135 131
141 52
190 185
135 132
128 38
178 152
123 34
101 78
167 163
89 71
73 69
118 78
62 59
201 196
77 68
189 81
184 99
42 27
16 11
32 8
186 100
87 83
24 20
64 49
128 67
149 146
142 52
181 96
123 94
38 31
74 68
109 46
37 33
143 36
55 39
180 152
172 156
194 99
107 43
163 159
164 3
42 26
187 101
85 80
163 55
194 183
132 123
176 35
193 184
24 21
141 67
125 8
199 96
182 96
