104 100
147 140
187 104
63 34
67 39
87 56
138 33
73 44
18 15
91 67
165 161
188 184
49 43
161 110
168 165
185 182
166 163
190 5
186 182
154 113
184 103
188 161
104 101
86 82
34 31
20 17
95 11
159 155
55 52
120 102
82 79
135 114
153 113
158 111
82 20
135 34
101 68
151 112
153 110
139 136
48 43
169 165
179 175
139 90
105 94
85 81
159 156
81 53
157 153
31 22
50 47
75 70
151 148
104 95
187 10
84 81
69 43
181 168
88 85
189 186
108 104
146 140
93 14
130 56
74 71
66 38
125 41
69 16
64 34
135 113
110 106
62 32
185 169
78 53
109 106
74 46
121 118
88 63
61 34
126 48
89 53
86 57
89 20
142 14
30 22
123 116
87 81
150 8
138 30
124 117
114 38
62 56
118 39
90 15
108 9
184 181
29 21
91 70
27 21
130 35
55 51
133 130
170 166
140 29
90 29
93 66
117 38
152 113
78 65
152 134
128 123
185 181
150 137
105 38
128 124
141 29
79 19
68 40
74 43
141 20
81 77
63 31
129 52
102 99
92 13
163 160
91 16
83 80
91 20
81 78
117 40
90 16
119 41
28 23
89 82
142 27
117 37
142 29
66 36
106 103
90 63
104 96
143 14
180 176
182 178
187 9
26 23
92 15
77 49
133 115
29 15
125 43
131 115
70 43
164 160
73 46
130 55
53 50
123 117
21 18
58 54
89 56
190 6
5 2
134 112
65 39
75 72
74 45
187 184
95 13
144 14
60 56
49 46
190 9
128 117
125 49
48 45
67 42
188 9
65 36
63 37
165 162
29 23
151 9
89 65
71 16
104 11
59 56
134 114
112 109
151 136
181 172
94 66
189 162
161 107
101 97
157 110
120 40
178 172
146 10
56 53
145 13
127 123
171 168
68 42
136 111
141 31
136 34
128 52
77 53
116 109
190 186
79 75
83 79
145 14
130 52
139 30
177 173
61 33
29 22
168 164
75 71
153 134
94 67
177 174
188 165
136 33
93 13
64 31
115 109
190 187
133 129
141 90
126 51
153 111
184 180
77 46
151 137
134 109
91 65
67 38
135 112
128 51
91 15
148 9
180 177
149 137
141 28
67 43
166 162
147 7
114 110
145 142
133 56
69 42
70 16
184 107
182 179
134 115
57 53
134 35
112 36
128 125
147 139
78 70
108 38
72 44
68 41
88 31
162 158
152 112
89 81
117 39
146 139
126 47
95 12
21 15
151 111
89 63
107 104
127 124
144 13
140 28
186 183
60 57
148 112
188 158
148 136
74 70
146 92
158 110
82 78
139 29
116 105
101 96
20 15
146 11
63 36
151 135
157 154
153 112
150 136
63 56
90 65
190 8
133 63
92 14
111 107
68 39
85 82
178 175
87 82
51 48
125 39
157 113
158 154
158 155
116 39
124 119
109 38
148 64
183 179
87 78
87 63
135 36
161 158
105 101
62 35
139 62
102 40
125 119
145 10
92 65
88 82
75 43
92 66
139 34
135 33
70 65
91 78
93 69
171 167
115 38
80 76
132 115
91 43
148 8
105 102
181 165
138 34
134 37
63 53
101 94
79 20
137 33
133 36
74 48
149 138
77 73
148 139
128 37
185 162
94 40
79 17
78 74
100 96
87 62
67 37
94 38
119 39
76 72
134 38
113 109
149 8
182 169
178 174
66 39
75 44
142 15
184 104
143 27
90 62
78 17
105 40
189 185
104 94
91 66
105 66
71 43
28 21
146 64
108 105
93 68
147 8
114 109
133 37
70 44
103 99
123 118
158 153
112 108
141 14
132 114
150 6
167 164
188 111
64 37
170 167
50 46
188 107
142 28
74 49
75 17
160 156
103 100
172 168
148 111
29 20
107 103
149 140
77 74
148 10
187 11
148 36
139 36
24 21
148 108
111 9
7 4
64 35
132 128
100 97
92 64
135 35
190 10
89 62
151 134
149 7
108 66
145 12
143 15
140 30
146 66
185 166
164 161
123 119
180 100
138 32
177 172
43 39
179 176
90 82
163 159
147 9
87 53
67 40
94 68
89 78
71 42
70 67
172 169
189 6
129 55
76 46
78 75
160 157
152 135
188 185
132 129
187 107
125 52
90 20
91 64
122 118
52 49
178 169
146 141
88 22
57 54
93 16
118 40
49 45
27 24
59 35
133 52
78 20
54 50
149 139
93 67
65 43
134 36
101 98
101 95
150 138
119 40
127 51
88 62
169 166
66 37
153 114
30 23
73 45
112 38
145 11
74 44
92 16
132 117
116 38
56 52
65 37
161 157
136 112
183 180
82 19
111 108
152 136
151 113
181 177
91 75
181 169
188 162
58 55
28 22
124 48
142 26
70 42
53 49
149 9
102 98
90 64
134 113
27 23
181 178
136 36
130 59
144 12
137 32
162 159
116 106
20 16
138 31
113 110
75 16
76 73
61 56
125 117
83 19
133 114
62 31
108 11
146 14
89 64
146 13
52 37
122 119
63 35
133 128
161 106
79 76
167 163
139 31
132 37
132 52
141 15
141 30
187 183
59 55
87 57
108 36
56 35
62 34
67 41
147 10
94 13
190 7
141 64
64 36
184 165
71 44
84 80
141 92
110 107
106 102
90 31
114 36
149 136
86 81
188 110
61 35
147 141
68 43
125 48
116 40
54 51
133 35
139 64
185 165
145 141
91 17
80 77
69 44
109 105
62 33
100 104
140 147
104 187
34 63
39 67
56 87
33 138
44 73
15 18
67 91
161 165
184 188
43 49
110 161
165 168
182 185
163 166
5 190
182 186
113 154
103 184
161 188
101 104
82 86
31 34
17 20
11 95
155 159
52 55
102 120
79 82
114 135
113 153
111 158
20 82
34 135
68 101
112 151
110 153
136 139
43 48
165 169
175 179
90 139
94 105
81 85
156 159
53 81
153 157
22 31
47 50
70 75
148 151
95 104
10 187
81 84
43 69
168 181
85 88
186 189
104 108
140 146
14 93
56 130
71 74
38 66
41 125
16 69
34 64
113 135
106 110
32 62
169 185
53 78
106 109
46 74
118 121
63 88
34 61
48 126
53 89
57 86
20 89
14 142
22 30
116 123
81 87
8 150
30 138
117 124
38 114
56 62
39 118
15 90
9 108
181 184
21 29
70 91
21 27
35 130
51 55
130 133
166 170
29 140
29 90
66 93
38 117
113 152
65 78
134 152
123 128
181 185
137 150
38 105
124 128
29 141
19 79
40 68
43 74
20 141
77 81
31 63
52 129
99 102
13 92
160 163
16 91
80 83
20 91
78 81
40 117
16 90
41 119
23 28
82 89
27 142
37 117
29 142
36 66
103 106
63 90
96 104
14 143
176 180
178 182
9 187
23 26
15 92
49 77
115 133
15 29
43 125
115 131
43 70
160 164
46 73
55 130
50 53
117 123
18 21
54 58
56 89
6 190
2 5
112 134
39 65
72 75
45 74
184 187
13 95
14 144
56 60
46 49
9 190
117 128
49 125
45 48
42 67
9 188
36 65
37 63
162 165
23 29
9 151
65 89
16 71
11 104
56 59
114 134
109 112
136 151
172 181
66 94
162 189
107 161
97 101
110 157
40 120
172 178
10 146
53 56
13 145
123 127
168 171
42 68
111 136
31 141
34 136
52 128
53 77
109 116
186 190
75 79
79 83
14 145
52 130
30 139
173 177
33 61
22 29
164 168
71 75
134 153
67 94
174 177
165 188
33 136
13 93
31 64
109 115
187 190
129 133
90 141
51 126
111 153
180 184
46 77
137 151
109 134
65 91
38 67
112 135
51 128
15 91
9 148
177 180
137 149
28 141
43 67
162 166
7 147
110 114
142 145
56 133
42 69
16 70
107 184
179 182
115 134
53 57
35 134
36 112
125 128
139 147
70 78
38 108
44 72
41 68
31 88
158 162
112 152
81 89
39 117
139 146
47 126
12 95
15 21
111 151
63 89
104 107
124 127
13 144
28 140
183 186
57 60
112 148
158 188
136 148
70 74
92 146
110 158
78 82
29 139
105 116
96 101
15 20
11 146
36 63
135 151
154 157
112 153
136 150
56 63
65 90
8 190
63 133
14 92
107 111
39 68
82 85
175 178
82 87
48 51
39 125
113 157
154 158
155 158
39 116
119 124
38 109
64 148
179 183
78 87
63 87
36 135
158 161
101 105
35 62
62 139
40 102
119 125
10 145
65 92
82 88
43 75
66 92
34 139
33 135
65 70
78 91
69 93
167 171
38 115
76 80
115 132
43 91
8 148
102 105
165 181
34 138
37 134
53 63
94 101
20 79
33 137
36 133
48 74
138 149
73 77
139 148
37 128
162 185
40 94
17 79
74 78
96 100
62 87
37 67
38 94
39 119
72 76
38 134
109 113
8 149
169 182
174 178
39 66
44 75
15 142
104 184
27 143
62 90
17 78
40 105
185 189
94 104
66 91
66 105
43 71
21 28
64 146
105 108
68 93
8 147
109 114
37 133
44 70
99 103
118 123
153 158
108 112
14 141
114 132
6 150
164 167
111 188
37 64
167 170
46 50
107 188
28 142
49 74
17 75
156 160
100 103
168 172
111 148
20 29
103 107
140 149
74 77
10 148
11 187
36 148
36 139
21 24
108 148
9 111
4 7
35 64
128 132
97 100
64 92
35 135
10 190
62 89
134 151
7 149
66 108
12 145
15 143
30 140
66 146
166 185
161 164
119 123
100 180
32 138
172 177
39 43
176 179
82 90
159 163
9 147
53 87
40 67
68 94
78 89
42 71
67 70
169 172
6 189
55 129
46 76
75 78
157 160
135 152
185 188
129 132
107 187
52 125
20 90
64 91
118 122
49 52
169 178
141 146
22 88
54 57
16 93
40 118
45 49
24 27
35 59
52 133
20 78
50 54
139 149
67 93
43 65
36 134
98 101
95 101
138 150
40 119
51 127
62 88
166 169
37 66
114 153
23 30
45 73
38 112
11 145
44 74
16 92
117 132
38 116
52 56
37 65
157 161
112 136
180 183
19 82
108 111
136 152
113 151
177 181
75 91
169 181
162 188
55 58
22 28
48 124
26 142
42 70
49 53
9 149
98 102
64 90
113 134
23 27
178 181
36 136
59 130
12 144
32 137
159 162
106 116
16 20
31 138
110 113
16 75
73 76
56 61
117 125
19 83
114 133
31 62
11 108
14 146
64 89
13 146
37 52
119 122
35 63
128 133
106 161
76 79
163 167
31 139
37 132
52 132
15 141
30 141
183 187
55 59
57 87
36 108
35 56
34 62
41 67
10 147
13 94
7 190
64 141
36 64
165 184
44 71
80 84
92 141
107 110
102 106
31 90
36 114
136 149
81 86
110 188
35 61
141 147
43 68
48 125
40 116
51 54
35 133
64 139
165 185
141 145
17 91
77 80
44 69
105 109
33 62
