141 90
157 154
108 38
64 31
114 38
61 33
145 142
106 103
132 115
159 155
108 66
148 136
71 44
129 55
92 11
185 169
90 29
182 179
163 159
178 175
88 82
150 137
136 36
185 165
119 41
56 35
101 68
128 117
183 180
58 55
26 23
136 34
111 9
27 21
30 23
50 46
128 40
135 61
121 118
135 33
89 63
141 64
39 20
176 47
76 18
86 48
43 40
86 21
135 35
183 100
189 166
56 52
80 76
127 123
132 129
90 31
121 106
130 59
159 156
138 30
66 38
127 124
90 64
135 114
116 38
93 69
152 135
143 41
178 172
123 118
74 70
177 100
43 39
143 19
185 162
63 56
77 46
138 32
132 123
89 65
158 153
32 21
70 16
28 25
90 20
153 150
152 137
100 25
114 41
97 19
12 7
148 139
159 142
177 101
149 25
88 60
90 141
154 157
38 108
31 64
38 114
33 61
142 145
103 106
115 132
155 159
66 108
136 148
44 71
55 129
11 92
169 185
29 90
179 182
159 163
175 178
82 88
137 150
36 136
165 185
41 119
35 56
68 101
117 128
180 183
55 58
23 26
34 136
9 111
21 27
23 30
46 50
40 128
61 135
118 121
33 135
63 89
64 141
20 39
47 176
18 76
48 86
40 43
21 86
35 135
100 183
166 189
52 56
76 80
123 127
129 132
31 90
106 121
59 130
156 159
30 138
38 66
124 127
64 90
114 135
38 116
69 93
135 152
41 143
172 178
118 123
70 74
100 177
39 43
19 143
162 185
56 63
46 77
32 138
123 132
65 89
153 158
21 32
16 70
25 28
20 90
150 153
137 152
25 100
41 114
19 97
7 12
139 148
142 159
101 177
25 149
60 88
