114 38
141 90
159 156
182 179
106 103
157 154
159 155
136 34
108 38
132 115
163 159
183 180
145 142
178 175
160 157
64 31
80 77
58 55
135 35
148 136
135 34
108 66
158 155
162 158
92 11
170 167
185 169
26 23
61 33
129 55
150 137
161 157
127 124
121 118
90 64
111 9
164 161
158 154
132 129
185 165
90 29
85 82
27 21
160 156
163 160
71 44
119 41
165 161
164 160
127 123
27 22
136 36
89 63
135 33
98 95
101 68
190 187
183 100
166 163
123 118
161 158
88 82
80 76
56 35
43 40
135 61
167 163
138 30
128 117
54 51
166 162
74 70
39 20
148 139
86 48
189 186
165 162
176 47
86 21
162 159
56 52
189 166
30 23
172 169
75 72
141 64
136 33
24 21
158 153
152 135
50 46
177 100
116 38
27 24
11 8
171 168
38 114
90 141
156 159
179 182
103 106
154 157
155 159
34 136
38 108
115 132
159 163
180 183
142 145
175 178
157 160
31 64
77 80
55 58
35 135
136 148
34 135
66 108
155 158
158 162
11 92
167 170
169 185
23 26
33 61
55 129
137 150
157 161
124 127
118 121
64 90
9 111
161 164
154 158
129 132
165 185
29 90
82 85
21 27
156 160
160 163
44 71
41 119
161 165
160 164
123 127
22 27
36 136
63 89
33 135
95 98
68 101
187 190
100 183
163 166
118 123
158 161
82 88
76 80
35 56
40 43
61 135
163 167
30 138
117 128
51 54
162 166
70 74
20 39
139 148
48 86
186 189
162 165
47 176
21 86
159 162
52 56
166 189
23 30
169 172
72 75
64 141
33 136
21 24
153 158
135 152
46 50
100 177
38 116
24 27
8 11
168 171
