114 38
141 90
159 156
182 179
106 103
157 154
159 155
136 34
108 38
132 115
163 159
183 180
145 142
178 175
160 157
64 31
80 77
58 55
135 35
148 136
135 34
108 66
158 155
162 158
92 11
170 167
185 169
26 23
61 33
129 55
150 137
161 157
127 124
121 118
90 64
111 9
164 161
158 154
132 129
185 165
90 29
85 82
27 21
160 156
163 160
71 44
119 41
165 161
164 160
127 123
27 22
136 36
89 63
135 33
98 95
101 68
190 187
183 100
166 163
123 118
161 158
88 82
80 76
56 35
43 40
135 61
167 163
138 30
128 117
54 51
166 162
74 70
39 20
148 139
86 48
189 186
165 162
176 47
86 21
162 159
56 52
189 166
30 23
172 169
75 72
141 64
136 33
24 21
158 153
152 135
50 46
177 100
116 38
27 24
11 8
171 168
55 52
180 177
122 118
28 25
99 96
89 65
27 23
130 59
90 65
54 50
159 154
93 69
177 174
97 19
132 128
86 83
190 186
87 57
12 7
121 106
122 117
48 45
138 32
178 172
108 40
128 123
137 33
181 178
86 82
84 81
60 57
70 16
43 39
10 6
183 179
177 101
59 56
170 166
90 31
123 117
188 185
90 62
170 163
57 54
83 80
135 114
59 35
89 62
147 25
74 71
62 31
56 53
59 55
76 6
88 60
184 181
153 150
149 140
140 30
179 100
157 153
136 35
179 176
23 20
89 30
28 23
63 56
187 9
29 23
121 117
81 53
177 173
132 114
165 144
135 36
75 71
77 46
89 29
133 130
87 83
72 45
182 178
189 185
13 6
152 137
49 46
76 18
13 8
128 40
143 19
26 22
84 80
81 77
169 163
79 76
188 184
10 7
66 38
34 31
88 62
86 57
50 47
143 97
149 25
53 50
91 65
114 41
178 174
87 82
138 34
167 164
61 35
12 8
168 165
75 20
116 109
140 20
55 51
87 84
168 164
143 41
44 41
175 169
132 123
137 32
110 106
81 78
104 100
90 63
86 46
78 75
108 39
28 22
132 117
148 140
171 167
104 101
185 162
157 106
147 140
158 152
173 145
97 94
42 39
85 57
118 40
180 100
20 17
12 9
54 18
179 175
165 160
102 99
169 166
126 57
32 21
128 58
71 64
146 141
134 35
26 21
90 20
13 7
159 142
109 106
89 64
168 163
126 123
124 45
141 89
176 173
139 30
187 184
56 49
179 101
158 21
25 22
135 31
185 166
148 137
137 34
90 30
186 183
76 73
139 32
48 29
86 47
121 116
177 172
63 31
118 106
138 31
82 79
38 114
90 141
156 159
179 182
103 106
154 157
155 159
34 136
38 108
115 132
159 163
180 183
142 145
175 178
157 160
31 64
77 80
55 58
35 135
136 148
34 135
66 108
155 158
158 162
11 92
167 170
169 185
23 26
33 61
55 129
137 150
157 161
124 127
118 121
64 90
9 111
161 164
154 158
129 132
165 185
29 90
82 85
21 27
156 160
160 163
44 71
41 119
161 165
160 164
123 127
22 27
36 136
63 89
33 135
95 98
68 101
187 190
100 183
163 166
118 123
158 161
82 88
76 80
35 56
40 43
61 135
163 167
30 138
117 128
51 54
162 166
70 74
20 39
139 148
48 86
186 189
162 165
47 176
21 86
159 162
52 56
166 189
23 30
169 172
72 75
64 141
33 136
21 24
153 158
135 152
46 50
100 177
38 116
24 27
8 11
168 171
52 55
177 180
118 122
25 28
96 99
65 89
23 27
59 130
65 90
50 54
154 159
69 93
174 177
19 97
128 132
83 86
186 190
57 87
7 12
106 121
117 122
45 48
32 138
172 178
40 108
123 128
33 137
178 181
82 86
81 84
57 60
16 70
39 43
6 10
179 183
101 177
56 59
166 170
31 90
117 123
185 188
62 90
163 170
54 57
80 83
114 135
35 59
62 89
25 147
71 74
31 62
53 56
55 59
6 76
60 88
181 184
150 153
140 149
30 140
100 179
153 157
35 136
176 179
20 23
30 89
23 28
56 63
9 187
23 29
117 121
53 81
173 177
114 132
144 165
36 135
71 75
46 77
29 89
130 133
83 87
45 72
178 182
185 189
6 13
137 152
46 49
18 76
8 13
40 128
19 143
22 26
80 84
77 81
163 169
76 79
184 188
7 10
38 66
31 34
62 88
57 86
47 50
97 143
25 149
50 53
65 91
41 114
174 178
82 87
34 138
164 167
35 61
8 12
165 168
20 75
109 116
20 140
51 55
84 87
164 168
41 143
41 44
169 175
123 132
32 137
106 110
78 81
100 104
63 90
46 86
75 78
39 108
22 28
117 132
140 148
167 171
101 104
162 185
106 157
140 147
152 158
145 173
94 97
39 42
57 85
40 118
100 180
17 20
9 12
18 54
175 179
160 165
99 102
166 169
57 126
21 32
58 128
64 71
141 146
35 134
21 26
20 90
7 13
142 159
106 109
64 89
163 168
123 126
45 124
89 141
173 176
30 139
184 187
49 56
101 179
21 158
22 25
31 135
166 185
137 148
34 137
30 90
183 186
73 76
32 139
29 48
47 86
116 121
172 177
31 63
106 118
31 138
79 82
