141 90
157 154
108 38
64 31
114 38
61 33
145 142
106 103
132 115
159 155
108 66
148 136
71 44
129 55
92 11
185 169
90 29
182 179
163 159
178 175
88 82
150 137
136 36
185 165
119 41
56 35
101 68
128 117
183 180
58 55
26 23
136 34
111 9
27 21
30 23
50 46
128 40
135 61
121 118
135 33
89 63
141 64
39 20
176 47
76 18
86 48
43 40
86 21
135 35
183 100
189 166
56 52
80 76
127 123
132 129
90 31
121 106
130 59
159 156
138 30
66 38
127 124
90 64
135 114
116 38
93 69
152 135
143 41
178 172
123 118
74 70
177 100
43 39
143 19
185 162
63 56
77 46
138 32
132 123
89 65
158 153
32 21
70 16
28 25
90 20
153 150
152 137
100 25
114 41
97 19
12 7
148 139
159 142
177 101
149 25
88 60
59 35
175 169
149 140
162 158
72 45
75 20
85 82
167 116
128 123
21 10
173 145
81 53
71 64
143 97
48 29
10 6
170 163
88 13
87 57
160 156
76 6
187 9
54 50
123 117
157 106
159 154
147 25
167 163
86 57
54 18
88 55
158 21
61 35
84 80
124 45
80 77
172 169
122 117
59 55
91 70
135 31
165 144
140 20
13 6
135 34
118 106
110 106
56 49
176 40
27 22
49 20
116 109
75 72
62 31
165 160
180 42
139 34
46 26
90 62
64 44
166 163
87 83
170 167
89 30
108 40
124 46
172 156
85 76
181 165
185 153
167 144
149 145
153 113
148 122
145 10
140 30
126 26
68 18
101 79
132 117
104 96
88 20
83 80
120 110
70 65
135 23
88 70
162 72
138 20
162 113
176 137
182 96
125 37
142 10
131 32
152 7
126 57
