141 90
157 154
108 38
64 31
114 38
61 33
145 142
106 103
132 115
159 155
108 66
148 136
71 44
129 55
92 11
185 169
90 29
182 179
163 159
178 175
88 82
150 137
136 36
185 165
119 41
56 35
101 68
128 117
183 180
58 55
26 23
136 34
111 9
27 21
30 23
50 46
128 40
135 61
121 118
135 33
89 63
141 64
39 20
176 47
76 18
86 48
43 40
86 21
135 35
183 100
189 166
56 52
80 76
127 123
132 129
90 31
121 106
130 59
159 156
138 30
66 38
127 124
90 64
135 114
116 38
93 69
152 135
143 41
178 172
123 118
74 70
177 100
43 39
143 19
185 162
63 56
77 46
138 32
132 123
89 65
158 153
32 21
70 16
28 25
90 20
153 150
152 137
100 25
114 41
97 19
12 7
148 139
159 142
177 101
149 25
88 60
59 35
175 169
149 140
162 158
72 45
75 20
85 82
167 116
128 123
21 10
173 145
81 53
71 64
143 97
48 29
10 6
170 163
88 13
87 57
160 156
76 6
187 9
54 50
123 117
157 106
159 154
147 25
167 163
86 57
54 18
88 55
158 21
61 35
84 80
124 45
80 77
172 169
122 117
59 55
91 70
135 31
165 144
140 20
13 6
135 34
118 106
110 106
56 49
176 40
27 22
49 20
116 109
75 72
62 31
165 160
180 42
139 34
46 26
90 62
64 44
166 163
87 83
170 167
89 30
108 40
124 46
172 156
85 76
181 165
185 153
167 144
149 145
153 113
148 122
145 10
140 30
126 26
68 18
101 79
132 117
104 96
88 20
83 80
120 110
70 65
135 23
88 70
162 72
138 20
162 113
176 137
182 96
125 37
142 10
131 32
152 7
126 57
90 65
86 60
62 18
83 24
173 158
179 73
85 57
139 66
120 30
89 57
40 13
151 101
153 6
126 56
132 114
150 147
128 58
106 40
104 100
180 100
168 106
144 77
157 114
62 59
54 16
176 20
105 94
148 36
140 24
137 33
49 39
29 20
130 35
138 34
185 166
116 106
119 108
179 166
176 87
20 17
82 47
111 84
41 19
123 62
141 89
127 49
43 7
135 83
185 61
159 135
179 101
137 56
109 93
150 138
45 22
98 95
92 35
173 13
122 114
177 173
58 47
98 84
167 159
99 96
127 47
128 52
143 73
176 13
158 7
89 86
130 55
40 29
120 102
176 29
66 9
177 68
65 43
186 174
83 22
161 95
121 115
110 48
169 163
160 157
136 122
24 18
48 23
171 110
171 167
79 17
164 106
74 9
113 52
162 76
48 45
120 106
90 141
154 157
38 108
31 64
38 114
33 61
142 145
103 106
115 132
155 159
66 108
136 148
44 71
55 129
11 92
169 185
29 90
179 182
159 163
175 178
82 88
137 150
36 136
165 185
41 119
35 56
68 101
117 128
180 183
55 58
23 26
34 136
9 111
21 27
23 30
46 50
40 128
61 135
118 121
33 135
63 89
64 141
20 39
47 176
18 76
48 86
40 43
21 86
35 135
100 183
166 189
52 56
76 80
123 127
129 132
31 90
106 121
59 130
156 159
30 138
38 66
124 127
64 90
114 135
38 116
69 93
135 152
41 143
172 178
118 123
70 74
100 177
39 43
19 143
162 185
56 63
46 77
32 138
123 132
65 89
153 158
21 32
16 70
25 28
20 90
150 153
137 152
25 100
41 114
19 97
7 12
139 148
142 159
101 177
25 149
60 88
35 59
169 175
140 149
158 162
45 72
20 75
82 85
116 167
123 128
10 21
145 173
53 81
64 71
97 143
29 48
6 10
163 170
13 88
57 87
156 160
6 76
9 187
50 54
117 123
106 157
154 159
25 147
163 167
57 86
18 54
55 88
21 158
35 61
80 84
45 124
77 80
169 172
117 122
55 59
70 91
31 135
144 165
20 140
6 13
34 135
106 118
106 110
49 56
40 176
22 27
20 49
109 116
72 75
31 62
160 165
42 180
34 139
26 46
62 90
44 64
163 166
83 87
167 170
30 89
40 108
46 124
156 172
76 85
165 181
153 185
144 167
145 149
113 153
122 148
10 145
30 140
26 126
18 68
79 101
117 132
96 104
20 88
80 83
110 120
65 70
23 135
70 88
72 162
20 138
113 162
137 176
96 182
37 125
10 142
32 131
7 152
57 126
65 90
60 86
18 62
24 83
158 173
73 179
57 85
66 139
30 120
57 89
13 40
101 151
6 153
56 126
114 132
147 150
58 128
40 106
100 104
100 180
106 168
77 144
114 157
59 62
16 54
20 176
94 105
36 148
24 140
33 137
39 49
20 29
35 130
34 138
166 185
106 116
108 119
166 179
87 176
17 20
47 82
84 111
19 41
62 123
89 141
49 127
7 43
83 135
61 185
135 159
101 179
56 137
93 109
138 150
22 45
95 98
35 92
13 173
114 122
173 177
47 58
84 98
159 167
96 99
47 127
52 128
73 143
13 176
7 158
86 89
55 130
29 40
102 120
29 176
9 66
68 177
43 65
174 186
22 83
95 161
115 121
48 110
163 169
157 160
122 136
18 24
23 48
110 171
167 171
17 79
106 164
9 74
52 113
76 162
45 48
106 120
