39 26
55 51
67 64
68 61
27 9
113 108
135 13
44 40
134 15
89 86
122 38
55 52
51 48
39 23
100 7
26 8
137 12
96 92
103 59
84 77
107 100
60 54
37 26
101 97
60 56
95 91
85 82
25 10
92 89
62 58
65 61
89 24
124 121
126 17
127 17
76 43
38 28
33 30
108 3
40 26
46 42
41 23
94 91
30 4
108 105
112 108
86 82
70 53
112 48
97 93
91 73
122 37
108 4
37 28
94 71
114 111
109 106
100 4
109 52
131 17
50 47
102 99
27 10
30 2
27 7
39 24
63 57
20 14
111 55
135 14
107 3
54 51
102 69
98 94
41 21
73 46
25 13
96 7
113 3
115 112
96 8
90 87
75 46
87 83
137 11
60 52
35 30
35 28
48 45
85 81
103 69
61 57
23 12
59 56
95 73
92 24
51 47
33 5
70 56
26 10
113 4
49 46
67 58
134 13
56 53
116 4
137 14
128 17
112 4
53 50
126 15
45 24
45 41
116 26
99 96
89 9
92 42
107 4
123 120
100 6
113 2
93 90
62 57
31 4
60 53
107 101
44 41
48 44
134 14
106 52
27 6
116 28
23 13
111 51
39 13
98 95
136 13
37 25
21 15
107 104
52 48
96 93
42 24
29 5
60 57
132 16
30 3
68 60
38 25
61 58
97 7
70 59
28 4
88 42
38 26
26 9
42 22
99 95
47 43
89 85
36 30
116 7
20 15
57 53
45 42
67 61
24 9
113 109
27 8
24 12
107 102
92 9
117 113
84 79
95 92
86 83
40 24
62 53
131 128
68 59
91 74
106 59
134 16
116 112
41 24
124 120
106 99
91 72
112 99
91 88
25 11
112 52
115 48
40 23
97 94
84 81
48 40
100 96
36 27
29 8
99 7
88 85
131 127
131 16
25 12
66 61
92 88
35 27
114 110
22 15
26 7
122 36
50 46
33 29
22 14
118 36
104 3
69 59
70 61
29 4
109 55
123 118
70 52
87 74
112 107
108 104
22 13
106 103
28 7
98 71
111 52
106 56
96 9
57 54
21 14
105 56
39 25
53 49
76 46
7 4
112 109
87 84
84 80
125 121
24 11
20 16
117 114
116 38
85 79
64 61
88 74
29 6
133 127
112 106
137 13
67 63
29 7
19 16
126 121
35 29
123 119
135 132
93 89
89 11
37 27
73 45
116 113
91 87
90 86
25 9
109 105
23 15
56 52
31 2
34 29
119 38
107 103
128 16
106 102
106 55
95 49
102 98
94 90
126 18
77 74
121 39
99 71
70 60
46 43
122 118
52 49
92 45
64 58
118 38
122 39
93 9
54 50
106 70
96 26
41 22
45 40
90 9
31 5
100 5
102 59
136 25
49 45
76 42
19 15
107 99
68 65
37 10
95 45
93 8
89 12
36 28
101 98
102 70
117 38
63 58
30 5
100 97
34 30
28 6
134 125
95 71
22 12
115 40
88 84
31 3
113 110
95 72
47 44
122 119
67 59
115 111
73 49
