96 93
54 51
97 94
53 50
95 92
115 112
18 15
93 90
17 14
97 93
80 77
88 85
56 53
91 88
92 89
116 112
16 13
137 134
54 50
116 113
53 49
8 5
86 83
52 49
98 94
13 10
18 14
94 91
55 51
136 133
96 92
7 4
55 52
135 132
117 114
51 48
19 16
114 111
74 71
88 84
73 70
107 104
109 106
70 58
79 76
117 113
122 119
81 78
81 77
16 12
93 89
118 115
87 84
6 3
22 14
8 4
22 15
41 38
71 59
98 95
122 118
10 7
14 11
17 13
12 9
80 76
99 96
130 127
9 6
11 8
93 96
51 54
94 97
50 53
92 95
112 115
15 18
90 93
14 17
93 97
77 80
85 88
53 56
88 91
89 92
112 116
13 16
134 137
50 54
113 116
49 53
5 8
83 86
49 52
94 98
10 13
14 18
91 94
51 55
133 136
92 96
4 7
52 55
132 135
114 117
48 51
16 19
111 114
71 74
84 88
70 73
104 107
106 109
58 70
76 79
113 117
119 122
78 81
77 81
12 16
89 93
115 118
84 87
3 6
14 22
4 8
15 22
38 41
59 71
95 98
118 122
7 10
11 14
13 17
9 12
76 80
96 99
127 130
6 9
8 11
