22 14
95 92
18 14
49 42
122 115
38 28
115 62
84 20
95 88
53 49
8 5
118 38
103 46
35 27
70 58
95 49
95 71
68 53
48 45
22 13
76 41
17 14
87 47
39 25
97 37
48 38
15 11
116 107
84 81
18 15
93 89
81 28
77 64
42 38
96 47
113 24
75 47
116 112
85 20
118 102
43 15
117 113
102 49
13 7
88 84
35 25
107 101
71 52
96 30
80 76
16 11
28 24
60 44
81 77
85 73
122 118
97 93
121 44
106 61
100 69
107 89
84 79
12 6
121 106
9 4
98 94
81 20
65 41
10 4
93 74
18 4
93 48
72 53
44 23
71 59
21 15
93 90
118 111
108 51
74 71
39 31
56 53
74 59
56 52
130 127
109 106
92 85
78 73
92 88
121 73
69 57
112 104
8 3
14 2
7 4
122 95
107 104
107 102
122 73
110 107
49 32
17 3
65 60
49 35
10 6
7 3
42 23
67 58
120 116
69 59
120 96
16 13
44 16
136 132
39 21
119 51
48 37
131 128
116 77
42 26
135 132
117 2
123 60
73 42
90 32
82 32
13 10
38 30
102 69
37 30
112 59
76 44
35 29
69 54
31 27
58 39
48 11
18 7
66 35
118 115
121 61
137 131
107 24
88 85
122 50
92 43
134 47
115 46
39 28
119 106
92 71
122 111
68 57
11 8
17 10
112 85
110 81
15 4
73 49
104 66
16 9
58 24
50 46
91 70
111 51
46 33
108 68
101 29
80 36
55 11
131 127
126 61
133 129
112 107
106 29
85 24
86 51
108 30
98 58
97 79
106 100
60 57
65 58
134 129
125 39
103 5
134 130
14 4
30 21
43 23
97 41
78 21
96 66
109 101
82 76
22 15
35 10
124 109
125 104
93 11
52 25
96 31
92 73
128 117
126 74
36 30
50 44
73 41
117 105
118 113
