96 93
54 51
97 94
53 50
95 92
115 112
18 15
93 90
17 14
97 93
80 77
88 85
56 53
91 88
92 89
116 112
16 13
137 134
54 50
116 113
53 49
8 5
86 83
52 49
98 94
13 10
18 14
94 91
55 51
136 133
96 92
7 4
55 52
135 132
117 114
51 48
19 16
114 111
74 71
88 84
73 70
107 104
109 106
70 58
79 76
117 113
122 119
81 78
81 77
16 12
93 89
118 115
87 84
6 3
22 14
8 4
22 15
41 38
71 59
98 95
122 118
10 7
14 11
17 13
12 9
80 76
99 96
130 127
9 6
11 8
120 117
15 12
95 91
132 129
92 88
84 81
121 118
42 39
15 11
19 15
113 110
56 52
5 2
131 128
90 87
52 48
38 28
42 38
14 10
69 58
37 30
7 3
99 95
134 131
85 82
131 127
118 114
90 86
94 90
129 126
22 19
69 57
78 75
89 86
110 107
59 56
112 109
35 27
137 133
83 80
116 107
50 47
101 98
48 45
70 59
9 5
13 9
115 111
130 126
120 116
60 57
133 130
119 116
114 110
69 59
21 15
9 4
20 16
91 87
68 57
84 79
36 27
111 108
23 20
16 11
84 80
39 31
57 54
75 72
68 53
13 7
82 79
22 13
36 30
12 8
35 26
12 7
134 130
8 3
20 17
67 58
40 37
10 6
123 120
72 69
102 99
37 28
61 58
21 18
117 108
82 78
39 25
66 63
76 41
23 14
38 31
85 81
12 6
132 128
89 85
112 108
49 46
11 7
22 16
38 30
68 58
72 53
71 52
128 125
67 64
119 115
30 27
37 27
20 15
38 29
133 129
110 106
100 97
108 105
136 132
86 82
15 4
83 79
17 4
79 75
36 29
115 108
104 101
10 5
60 56
28 25
10 4
129 125
18 4
115 62
48 38
81 76
58 55
93 74
121 117
93 96
51 54
94 97
50 53
92 95
112 115
15 18
90 93
14 17
93 97
77 80
85 88
53 56
88 91
89 92
112 116
13 16
134 137
50 54
113 116
49 53
5 8
83 86
49 52
94 98
10 13
14 18
91 94
51 55
133 136
92 96
4 7
52 55
132 135
114 117
48 51
16 19
111 114
71 74
84 88
70 73
104 107
106 109
58 70
76 79
113 117
119 122
78 81
77 81
12 16
89 93
115 118
84 87
3 6
14 22
4 8
15 22
38 41
59 71
95 98
118 122
7 10
11 14
13 17
9 12
76 80
96 99
127 130
6 9
8 11
117 120
12 15
91 95
129 132
88 92
81 84
118 121
39 42
11 15
15 19
110 113
52 56
2 5
128 131
87 90
48 52
28 38
38 42
10 14
58 69
30 37
3 7
95 99
131 134
82 85
127 131
114 118
86 90
90 94
126 129
19 22
57 69
75 78
86 89
107 110
56 59
109 112
27 35
133 137
80 83
107 116
47 50
98 101
45 48
59 70
5 9
9 13
111 115
126 130
116 120
57 60
130 133
116 119
110 114
59 69
15 21
4 9
16 20
87 91
57 68
79 84
27 36
108 111
20 23
11 16
80 84
31 39
54 57
72 75
53 68
7 13
79 82
13 22
30 36
8 12
26 35
7 12
130 134
3 8
17 20
58 67
37 40
6 10
120 123
69 72
99 102
28 37
58 61
18 21
108 117
78 82
25 39
63 66
41 76
14 23
31 38
81 85
6 12
128 132
85 89
108 112
46 49
7 11
16 22
30 38
58 68
53 72
52 71
125 128
64 67
115 119
27 30
27 37
15 20
29 38
129 133
106 110
97 100
105 108
132 136
82 86
4 15
79 83
4 17
75 79
29 36
108 115
101 104
5 10
56 60
25 28
4 10
125 129
4 18
62 115
38 48
76 81
55 58
74 93
117 121
