22 14
95 92
18 14
49 42
122 115
38 28
115 62
84 20
95 88
53 49
8 5
118 38
103 46
35 27
70 58
95 49
95 71
68 53
48 45
22 13
76 41
17 14
87 47
39 25
97 37
48 38
15 11
116 107
84 81
18 15
93 89
81 28
77 64
42 38
96 47
113 24
75 47
116 112
85 20
118 102
43 15
117 113
102 49
13 7
88 84
35 25
107 101
71 52
96 30
80 76
16 11
28 24
60 44
81 77
85 73
122 118
97 93
121 44
106 61
100 69
107 89
84 79
12 6
121 106
9 4
98 94
81 20
65 41
10 4
93 74
14 22
92 95
14 18
42 49
115 122
28 38
62 115
20 84
88 95
49 53
5 8
38 118
46 103
27 35
58 70
49 95
71 95
53 68
45 48
13 22
41 76
14 17
47 87
25 39
37 97
38 48
11 15
107 116
81 84
15 18
89 93
28 81
64 77
38 42
47 96
24 113
47 75
112 116
20 85
102 118
15 43
113 117
49 102
7 13
84 88
25 35
101 107
52 71
30 96
76 80
11 16
24 28
44 60
77 81
73 85
118 122
93 97
44 121
61 106
69 100
89 107
79 84
6 12
106 121
4 9
94 98
20 81
41 65
4 10
74 93
