54 51
53 50
96 93
95 92
97 94
115 112
91 88
92 89
17 14
18 14
93 90
22 14
53 49
56 53
98 95
18 15
116 113
70 58
97 93
98 94
52 49
38 28
88 85
74 71
54 50
51 48
55 52
88 84
73 70
96 92
19 16
94 91
16 13
116 112
80 77
93 89
55 51
81 77
86 83
122 115
109 106
8 5
84 20
117 113
76 41
117 114
107 104
13 10
17 13
135 132
114 111
80 76
95 88
56 52
137 134
35 27
131 128
92 88
122 118
15 12
79 76
52 48
99 95
95 91
118 115
94 90
115 111
39 25
49 42
42 38
136 133
89 86
41 38
99 96
22 15
7 4
6 3
71 59
90 86
107 101
69 57
84 81
15 11
87 84
16 12
68 53
83 80
81 78
115 62
42 39
10 7
22 13
21 15
95 71
8 4
118 114
7 3
13 7
69 59
116 107
50 47
121 118
90 87
14 11
120 117
113 110
122 119
130 127
118 38
103 46
28 24
59 56
110 107
37 30
68 57
67 58
72 53
9 4
17 4
91 87
11 8
48 45
14 10
114 110
35 25
69 58
93 74
84 79
87 83
29 26
19 15
74 70
133 129
132 129
8 3
60 57
18 4
5 2
9 5
69 54
51 54
50 53
93 96
92 95
94 97
112 115
88 91
89 92
14 17
14 18
90 93
14 22
49 53
53 56
95 98
15 18
113 116
58 70
93 97
94 98
49 52
28 38
85 88
71 74
50 54
48 51
52 55
84 88
70 73
92 96
16 19
91 94
13 16
112 116
77 80
89 93
51 55
77 81
83 86
115 122
106 109
5 8
20 84
113 117
41 76
114 117
104 107
10 13
13 17
132 135
111 114
76 80
88 95
52 56
134 137
27 35
128 131
88 92
118 122
12 15
76 79
48 52
95 99
91 95
115 118
90 94
111 115
25 39
42 49
38 42
133 136
86 89
38 41
96 99
15 22
4 7
3 6
59 71
86 90
101 107
57 69
81 84
11 15
84 87
12 16
53 68
80 83
78 81
62 115
39 42
7 10
13 22
15 21
71 95
4 8
114 118
3 7
7 13
59 69
107 116
47 50
118 121
87 90
11 14
117 120
110 113
119 122
127 130
38 118
46 103
24 28
56 59
107 110
30 37
57 68
58 67
53 72
4 9
4 17
87 91
8 11
45 48
10 14
110 114
25 35
58 69
74 93
79 84
83 87
26 29
15 19
70 74
129 133
129 132
3 8
57 60
4 18
2 5
5 9
54 69
