153 150
85 80
76 43
152 112
9 6
154 151
46 35
85 81
101 86
5 2
82 13
43 10
85 82
9 5
157 88
101 76
154 150
153 149
101 77
155 152
152 149
40 19
10 7
110 106
78 22
8 5
6 3
155 151
139 38
35 32
24 21
151 148
128 69
10 6
32 15
134 10
131 59
86 83
156 153
145 92
101 87
95 57
115 72
147 144
63 28
84 81
134 131
138 94
155 147
11 7
52 47
7 4
120 101
76 41
132 125
78 61
86 82
58 54
149 146
57 54
87 84
22 19
6 2
147 112
87 83
115 29
84 46
138 60
143 36
44 35
120 82
109 77
133 130
83 80
105 14
101 78
47 12
42 10
126 111
146 51
125 109
139 94
89 86
84 80
123 46
150 147
88 85
132 127
118 84
8 4
157 149
146 86
12 9
149 61
148 145
103 91
69 25
124 103
87 77
116 95
63 19
25 22
26 23
146 143
105 96
7 3
106 92
148 95
153 147
72 44
146 112
24 19
106 13
112 88
37 31
15 7
154 25
124 91
123 106
108 17
144 141
105 95
20 17
86 80
144 51
90 87
136 109
141 138
89 85
41 38
23 20
157 154
65 47
11 8
152 100
58 55
76 66
112 26
119 116
110 105
143 140
42 21
152 148
82 20
153 148
123 110
63 49
73 44
112 100
81 78
116 73
34 31
154 47
130 17
96 72
84 35
128 50
109 14
131 17
113 108
156 44
66 63
63 23
104 74
126 14
143 127
134 40
41 20
132 129
100 76
105 97
121 106
86 79
156 98
156 151
133 110
16 13
110 107
128 34
44 41
148 121
92 89
152 147
63 48
130 24
57 11
118 82
37 32
89 36
150 52
45 35
109 96
152 102
94 60
146 49
94 91
104 29
135 132
11 5
79 76
131 128
71 5
109 62
154 128
41 21
9 4
105 102
42 39
102 86
80 53
67 64
140 37
28 17
11 6
156 152
103 16
104 75
123 109
138 135
59 56
48 22
73 5
148 144
36 33
124 94
102 22
67 54
153 120
104 95
40 20
147 143
115 30
106 14
155 44
153 105
76 42
69 16
151 37
124 110
149 144
150 153
80 85
43 76
112 152
6 9
151 154
35 46
81 85
86 101
2 5
13 82
10 43
82 85
5 9
88 157
76 101
150 154
149 153
77 101
152 155
149 152
19 40
7 10
106 110
22 78
5 8
3 6
151 155
38 139
32 35
21 24
148 151
69 128
6 10
15 32
10 134
59 131
83 86
153 156
92 145
87 101
57 95
72 115
144 147
28 63
81 84
131 134
94 138
147 155
7 11
47 52
4 7
101 120
41 76
125 132
61 78
82 86
54 58
146 149
54 57
84 87
19 22
2 6
112 147
83 87
29 115
46 84
60 138
36 143
35 44
82 120
77 109
130 133
80 83
14 105
78 101
12 47
10 42
111 126
51 146
109 125
94 139
86 89
80 84
46 123
147 150
85 88
127 132
84 118
4 8
149 157
86 146
9 12
61 149
145 148
91 103
25 69
103 124
77 87
95 116
19 63
22 25
23 26
143 146
96 105
3 7
92 106
95 148
147 153
44 72
112 146
19 24
13 106
88 112
31 37
7 15
25 154
91 124
106 123
17 108
141 144
95 105
17 20
80 86
51 144
87 90
109 136
138 141
85 89
38 41
20 23
154 157
47 65
8 11
100 152
55 58
66 76
26 112
116 119
105 110
140 143
21 42
148 152
20 82
148 153
110 123
49 63
44 73
100 112
78 81
73 116
31 34
47 154
17 130
72 96
35 84
50 128
14 109
17 131
108 113
44 156
63 66
23 63
74 104
14 126
127 143
40 134
20 41
129 132
76 100
97 105
106 121
79 86
98 156
151 156
110 133
13 16
107 110
34 128
41 44
121 148
89 92
147 152
48 63
24 130
11 57
82 118
32 37
36 89
52 150
35 45
96 109
102 152
60 94
49 146
91 94
29 104
132 135
5 11
76 79
128 131
5 71
62 109
128 154
21 41
4 9
102 105
39 42
86 102
53 80
64 67
37 140
17 28
6 11
152 156
16 103
75 104
109 123
135 138
56 59
22 48
5 73
144 148
33 36
94 124
22 102
54 67
120 153
95 104
20 40
143 147
30 115
14 106
44 155
105 153
42 76
16 69
37 151
110 124
144 149
