152 112
76 43
85 80
46 35
82 13
43 10
128 69
101 86
32 15
110 106
101 76
95 57
40 19
101 87
157 88
138 60
153 150
84 46
101 77
52 47
78 22
143 36
109 96
131 59
136 109
155 147
154 25
9 6
109 77
115 72
63 28
148 95
47 12
120 101
120 82
146 86
105 14
9 5
145 92
123 46
157 149
149 61
109 62
108 17
132 125
113 108
112 88
134 10
78 61
103 91
42 21
153 149
124 103
56 23
153 120
88 6
58 54
85 81
65 36
102 22
143 127
109 14
146 51
124 94
144 17
111 11
65 47
123 106
128 50
76 66
28 17
126 14
144 51
125 109
153 82
153 105
41 33
104 29
130 24
63 19
69 25
84 35
105 8
143 62
72 44
112 100
147 112
156 98
126 111
115 68
100 92
132 127
116 95
112 26
26 6
109 66
137 50
133 110
57 11
139 94
154 128
131 17
139 38
115 29
140 31
154 47
106 13
133 84
154 52
88 23
156 44
83 77
111 95
110 87
150 52
96 72
124 91
70 20
114 16
119 32
138 15
76 41
118 84
152 102
119 116
106 92
134 92
144 136
138 94
146 65
94 60
82 20
155 62
26 9
150 22
78 46
101 68
97 82
97 27
140 37
98 34
149 55
80 67
71 5
101 28
128 56
15 7
63 23
105 96
89 36
105 97
37 31
87 77
124 118
148 121
11 7
95 11
69 34
47 20
146 112
55 29
115 30
87 51
52 30
5 2
101 63
51 36
70 23
151 116
133 123
69 16
28 19
73 44
43 14
108 61
24 21
123 35
67 54
156 73
80 53
137 43
135 127
151 140
91 43
144 126
128 34
151 31
47 27
157 58
104 74
123 110
121 106
126 12
130 17
129 94
107 24
32 7
142 132
71 64
89 85
85 17
96 86
142 41
93 75
73 5
126 7
152 100
126 32
125 68
136 88
127 30
44 32
116 73
129 61
43 34
106 42
129 100
111 7
100 41
49 33
112 30
144 14
155 44
135 40
116 57
70 56
54 39
103 18
101 43
155 144
72 33
35 32
151 37
119 95
132 78
57 54
44 35
42 10
136 53
132 30
112 152
43 76
80 85
35 46
13 82
10 43
69 128
86 101
15 32
106 110
76 101
57 95
19 40
87 101
88 157
60 138
150 153
46 84
77 101
47 52
22 78
36 143
96 109
59 131
109 136
147 155
25 154
6 9
77 109
72 115
28 63
95 148
12 47
101 120
82 120
86 146
14 105
5 9
92 145
46 123
149 157
61 149
62 109
17 108
125 132
108 113
88 112
10 134
61 78
91 103
21 42
149 153
103 124
23 56
120 153
6 88
54 58
81 85
36 65
22 102
127 143
14 109
51 146
94 124
17 144
11 111
47 65
106 123
50 128
66 76
17 28
14 126
51 144
109 125
82 153
105 153
33 41
29 104
24 130
19 63
25 69
35 84
8 105
62 143
44 72
100 112
112 147
98 156
111 126
68 115
92 100
127 132
95 116
26 112
6 26
66 109
50 137
110 133
11 57
94 139
128 154
17 131
38 139
29 115
31 140
47 154
13 106
84 133
52 154
23 88
44 156
77 83
95 111
87 110
52 150
72 96
91 124
20 70
16 114
32 119
15 138
41 76
84 118
102 152
116 119
92 106
92 134
136 144
94 138
65 146
60 94
20 82
62 155
9 26
22 150
46 78
68 101
82 97
27 97
37 140
34 98
55 149
67 80
5 71
28 101
56 128
7 15
23 63
96 105
36 89
97 105
31 37
77 87
118 124
121 148
7 11
11 95
34 69
20 47
112 146
29 55
30 115
51 87
30 52
2 5
63 101
36 51
23 70
116 151
123 133
16 69
19 28
44 73
14 43
61 108
21 24
35 123
54 67
73 156
53 80
43 137
127 135
140 151
43 91
126 144
34 128
31 151
27 47
58 157
74 104
110 123
106 121
12 126
17 130
94 129
24 107
7 32
132 142
64 71
85 89
17 85
86 96
41 142
75 93
5 73
7 126
100 152
32 126
68 125
88 136
30 127
32 44
73 116
61 129
34 43
42 106
100 129
7 111
41 100
33 49
30 112
14 144
44 155
40 135
57 116
56 70
39 54
18 103
43 101
144 155
33 72
32 35
37 151
95 119
78 132
54 57
35 44
10 42
53 136
30 132
