152 112
76 43
85 80
46 35
82 13
43 10
128 69
101 86
32 15
110 106
101 76
95 57
40 19
101 87
157 88
138 60
153 150
84 46
101 77
52 47
78 22
143 36
109 96
131 59
136 109
155 147
154 25
9 6
109 77
115 72
63 28
148 95
47 12
120 101
120 82
146 86
105 14
9 5
145 92
123 46
157 149
149 61
109 62
108 17
132 125
113 108
112 88
134 10
78 61
103 91
42 21
153 149
124 103
56 23
153 120
88 6
58 54
85 81
65 36
102 22
143 127
109 14
146 51
124 94
144 17
111 11
65 47
123 106
128 50
76 66
28 17
126 14
144 51
125 109
153 82
153 105
41 33
104 29
130 24
63 19
