153 150
85 80
76 43
152 112
9 6
154 151
46 35
85 81
101 86
5 2
82 13
43 10
85 82
9 5
157 88
101 76
154 150
153 149
101 77
155 152
152 149
40 19
10 7
110 106
78 22
8 5
6 3
155 151
139 38
35 32
24 21
151 148
128 69
10 6
32 15
134 10
131 59
86 83
156 153
145 92
101 87
95 57
115 72
147 144
63 28
84 81
134 131
138 94
155 147
11 7
52 47
7 4
120 101
76 41
132 125
78 61
86 82
58 54
149 146
57 54
87 84
22 19
6 2
147 112
87 83
115 29
84 46
138 60
143 36
44 35
120 82
109 77
133 130
83 80
105 14
101 78
47 12
42 10
126 111
146 51
125 109
139 94
89 86
84 80
123 46
150 147
88 85
132 127
118 84
8 4
157 149
146 86
12 9
149 61
148 145
103 91
69 25
124 103
87 77
116 95
63 19
25 22
26 23
146 143
105 96
7 3
106 92
148 95
153 147
72 44
146 112
24 19
106 13
112 88
37 31
15 7
154 25
124 91
123 106
108 17
144 141
105 95
20 17
86 80
144 51
90 87
136 109
141 138
89 85
41 38
23 20
157 154
65 47
11 8
152 100
58 55
76 66
112 26
119 116
110 105
143 140
42 21
152 148
82 20
153 148
123 110
63 49
73 44
112 100
81 78
116 73
34 31
154 47
130 17
96 72
84 35
128 50
109 14
131 17
113 108
