115 94
139 5
126 36
142 17
35 32
40 27
109 38
98 20
94 73
100 28
65 49
151 16
145 14
123 109
43 25
98 42
156 117
99 20
154 150
76 40
119 112
92 76
136 27
124 79
36 32
63 54
61 55
123 105
120 114
147 143
96 71
91 77
136 6
131 128
144 16
62 53
75 40
155 112
125 108
78 40
122 112
155 116
89 79
104 13
113 93
135 29
87 78
66 48
98 95
151 143
119 116
67 43
134 29
123 110
56 37
42 24
142 4
67 44
25 21
92 75
101 19
89 76
140 28
154 18
145 15
138 22
121 113
107 104
65 41
124 108
141 4
69 46
129 126
73 43
157 117
126 32
127 35
129 107
78 54
157 154
102 17
39 27
100 27
60 53
74 42
77 40
150 143
140 3
133 8
135 30
87 63
142 18
99 95
121 112
125 36
151 148
111 102
67 47
96 73
57 30
101 18
87 39
101 16
54 25
151 147
85 81
137 25
38 30
139 136
122 110
73 67
73 44
63 41
124 111
59 56
139 6
83 80
128 32
66 49
134 10
155 93
89 77
100 18
112 93
65 52
156 118
118 115
132 104
133 31
141 3
124 109
155 99
116 97
154 97
153 150
103 17
94 69
129 108
111 100
92 89
90 76
143 18
137 28
140 18
154 99
15 11
63 53
76 43
79 38
140 4
103 15
132 30
66 43
108 105
116 94
88 79
27 21
98 73
114 92
57 39
138 21
115 95
82 35
155 97
95 74
135 8
105 14
64 50
78 38
137 27
93 75
110 105
109 103
100 21
36 31
87 37
39 30
110 102
126 108
141 17
139 19
102 38
155 151
29 26
133 9
134 28
54 26
78 63
143 16
64 52
92 74
156 153
148 143
95 72
66 50
42 23
42 25
132 36
89 65
109 105
132 128
141 20
70 46
39 28
57 37
151 101
116 72
41 26
111 77
111 40
134 17
148 16
155 101
39 29
155 18
122 90
77 39
111 93
127 32
74 45
95 73
129 32
28 17
56 39
41 27
50 47
67 45
153 149
155 152
66 47
129 106
65 43
131 10
91 75
142 2
99 18
132 109
109 36
119 114
152 148
111 75
98 22
104 15
135 7
55 26
154 101
102 19
129 13
131 32
130 107
138 27
37 30
134 9
124 77
15 12
136 4
83 33
115 93
79 36
155 100
77 38
103 13
126 107
138 19
150 147
129 105
139 3
61 53
145 105
75 27
137 21
60 55
132 129
75 42
126 104
102 40
141 18
116 93
152 112
74 47
132 126
89 63
110 104
94 74
41 25
127 107
79 39
90 77
28 19
145 16
37 29
62 52
76 65
122 111
88 78
132 31
140 17
114 91
57 29
130 104
126 109
47 43
54 39
105 13
64 51
142 11
85 82
136 17
134 30
42 21
56 26
124 90
157 97
95 75
137 29
147 144
124 36
122 91
17 11
109 104
156 152
100 40
60 54
61 54
100 95
94 72
157 153
99 19
154 151
119 115
102 16
79 37
40 26
155 95
137 6
128 34
37 31
134 8
63 51
87 56
69 45
73 42
39 26
43 24
111 91
80 37
142 15
72 69
129 104
139 2
71 46
75 43
108 104
111 101
114 93
74 67
135 6
139 20
152 119
136 28
156 116
38 29
157 116
100 75
104 14
40 19
121 111
134 11
81 36
74 69
113 92
76 41
114 94
120 113
93 74
100 42
111 38
65 47
102 28
91 76
96 72
73 45
136 8
104 12
20 3
122 113
113 91
103 16
88 80
123 108
132 32
110 103
138 20
139 4
116 96
83 37
47 44
156 119
81 37
140 19
58 55
116 95
112 100
140 2
100 93
133 10
74 43
59 55
118 114
89 78
27 19
121 110
38 31
145 103
124 38
111 103
142 16
136 19
62 51
87 79
98 21
40 29
57 31
63 52
85 80
112 75
40 28
155 119
87 80
130 13
138 28
42 26
146 14
73 69
135 28
61 56
72 45
151 18
136 7
138 6
126 35
127 34
117 96
104 11
90 79
148 145
86 80
87 61
109 102
65 51
100 19
65 50
124 110
156 97
152 149
144 14
143 15
137 26
115 72
129 109
81 35
119 113
54 41
120 112
75 41
44 24
140 20
144 15
127 36
133 30
134 102
119 93
141 2
101 17
123 111
92 77
103 14
67 46
71 45
78 39
42 27
140 136
143 101
132 10
125 107
78 41
56 29
72 67
70 45
78 56
112 101
7 4
64 49
94 115
5 139
36 126
17 142
32 35
27 40
38 109
20 98
73 94
28 100
49 65
16 151
14 145
109 123
25 43
42 98
117 156
20 99
150 154
40 76
112 119
76 92
27 136
79 124
32 36
54 63
55 61
105 123
114 120
143 147
71 96
77 91
6 136
128 131
16 144
53 62
40 75
112 155
108 125
40 78
112 122
116 155
79 89
13 104
93 113
29 135
78 87
48 66
95 98
143 151
116 119
43 67
29 134
110 123
37 56
24 42
4 142
44 67
21 25
75 92
19 101
76 89
28 140
18 154
15 145
22 138
113 121
104 107
41 65
108 124
4 141
46 69
126 129
43 73
117 157
32 126
35 127
107 129
54 78
154 157
17 102
27 39
27 100
53 60
42 74
40 77
143 150
3 140
8 133
30 135
63 87
18 142
95 99
112 121
36 125
148 151
102 111
47 67
73 96
30 57
18 101
39 87
16 101
25 54
147 151
81 85
25 137
30 38
136 139
110 122
67 73
44 73
41 63
111 124
56 59
6 139
80 83
32 128
49 66
10 134
93 155
77 89
18 100
93 112
52 65
118 156
115 118
104 132
31 133
3 141
109 124
99 155
97 116
97 154
150 153
17 103
69 94
108 129
100 111
89 92
76 90
18 143
28 137
18 140
99 154
11 15
53 63
43 76
38 79
4 140
15 103
30 132
43 66
105 108
94 116
79 88
21 27
73 98
92 114
39 57
21 138
95 115
35 82
97 155
74 95
8 135
14 105
50 64
38 78
27 137
75 93
105 110
103 109
21 100
31 36
37 87
30 39
102 110
108 126
17 141
19 139
38 102
151 155
26 29
9 133
28 134
26 54
63 78
16 143
52 64
74 92
153 156
143 148
72 95
50 66
23 42
25 42
36 132
65 89
105 109
128 132
20 141
46 70
28 39
37 57
101 151
72 116
26 41
77 111
40 111
17 134
16 148
101 155
29 39
18 155
90 122
39 77
93 111
32 127
45 74
73 95
32 129
17 28
39 56
27 41
47 50
45 67
149 153
152 155
47 66
106 129
43 65
10 131
75 91
2 142
18 99
109 132
36 109
114 119
148 152
75 111
22 98
15 104
7 135
26 55
101 154
19 102
13 129
32 131
107 130
27 138
30 37
9 134
77 124
12 15
4 136
33 83
93 115
36 79
100 155
38 77
13 103
107 126
19 138
147 150
105 129
3 139
53 61
105 145
27 75
21 137
55 60
129 132
42 75
104 126
40 102
18 141
93 116
112 152
47 74
126 132
63 89
104 110
74 94
25 41
107 127
39 79
77 90
19 28
16 145
29 37
52 62
65 76
111 122
78 88
31 132
17 140
91 114
29 57
104 130
109 126
43 47
39 54
13 105
51 64
11 142
82 85
17 136
30 134
21 42
26 56
90 124
97 157
75 95
29 137
144 147
36 124
91 122
11 17
104 109
152 156
40 100
54 60
54 61
95 100
72 94
153 157
19 99
151 154
115 119
16 102
37 79
26 40
95 155
6 137
34 128
31 37
8 134
51 63
56 87
45 69
42 73
26 39
24 43
91 111
37 80
15 142
69 72
104 129
2 139
46 71
43 75
104 108
101 111
93 114
67 74
6 135
20 139
119 152
28 136
116 156
29 38
116 157
75 100
14 104
19 40
111 121
11 134
36 81
69 74
92 113
41 76
94 114
113 120
74 93
42 100
38 111
47 65
28 102
76 91
72 96
45 73
8 136
12 104
3 20
113 122
91 113
16 103
80 88
108 123
32 132
103 110
20 138
4 139
96 116
37 83
44 47
119 156
37 81
19 140
55 58
95 116
100 112
2 140
93 100
10 133
43 74
55 59
114 118
78 89
19 27
110 121
31 38
103 145
38 124
103 111
16 142
19 136
51 62
79 87
21 98
29 40
31 57
52 63
80 85
75 112
28 40
119 155
80 87
13 130
28 138
26 42
14 146
69 73
28 135
56 61
45 72
18 151
7 136
6 138
35 126
34 127
96 117
11 104
79 90
145 148
80 86
61 87
102 109
51 65
19 100
50 65
110 124
97 156
149 152
14 144
15 143
26 137
72 115
109 129
35 81
113 119
41 54
112 120
41 75
24 44
20 140
15 144
36 127
30 133
102 134
93 119
2 141
17 101
111 123
77 92
14 103
46 67
45 71
39 78
27 42
136 140
101 143
10 132
107 125
41 78
29 56
67 72
45 70
56 78
101 112
4 7
49 64
