153 150
85 80
76 43
152 112
9 6
154 151
46 35
85 81
101 86
5 2
82 13
43 10
85 82
9 5
157 88
101 76
154 150
153 149
101 77
155 152
152 149
40 19
10 7
110 106
78 22
8 5
6 3
155 151
139 38
35 32
24 21
151 148
128 69
10 6
32 15
134 10
131 59
86 83
156 153
145 92
101 87
95 57
115 72
147 144
63 28
84 81
134 131
138 94
155 147
11 7
52 47
7 4
120 101
76 41
132 125
78 61
86 82
58 54
149 146
57 54
87 84
22 19
6 2
147 112
87 83
115 29
84 46
138 60
143 36
44 35
120 82
109 77
133 130
83 80
105 14
101 78
47 12
42 10
126 111
146 51
150 153
80 85
43 76
112 152
6 9
151 154
35 46
81 85
86 101
2 5
13 82
10 43
82 85
5 9
88 157
76 101
150 154
149 153
77 101
152 155
149 152
19 40
7 10
106 110
22 78
5 8
3 6
151 155
38 139
32 35
21 24
148 151
69 128
6 10
15 32
10 134
59 131
83 86
153 156
92 145
87 101
57 95
72 115
144 147
28 63
81 84
131 134
94 138
147 155
7 11
47 52
4 7
101 120
41 76
125 132
61 78
82 86
54 58
146 149
54 57
84 87
19 22
2 6
112 147
83 87
29 115
46 84
60 138
36 143
35 44
82 120
77 109
130 133
80 83
14 105
78 101
12 47
10 42
111 126
51 146
