58 52
104 22
17 10
46 37
45 42
109 17
112 109
49 41
116 108
108 20
106 30
59 51
47 6
103 22
52 48
54 50
53 50
51 6
86 43
48 44
105 19
84 43
43 37
87 9
107 19
88 6
116 106
46 41
31 23
102 21
115 112
48 45
107 10
32 5
17 12
88 59
89 60
105 21
28 22
92 58
108 30
55 33
127 123
102 98
62 59
50 38
51 8
50 35
102 99
127 114
32 7
81 36
51 47
93 90
130 110
90 57
85 5
34 5
88 51
58 48
102 31
89 61
103 24
13 10
30 22
49 46
91 60
107 17
15 12
128 124
118 20
55 51
116 20
46 4
60 48
89 63
53 49
36 5
89 11
83 5
81 34
36 31
131 127
62 48
55 52
128 70
101 54
122 119
61 48
59 48
106 22
34 31
114 108
84 67
127 124
51 48
105 102
56 52
84 64
85 81
99 96
123 120
53 38
112 106
117 34
101 98
55 21
126 113
81 76
105 96
114 109
36 23
64 61
131 128
112 108
116 112
89 62
84 68
54 35
28 23
18 9
71 68
89 9
62 47
43 2
36 3
57 19
34 4
86 44
101 50
102 23
91 11
134 130
67 64
110 14
85 82
96 57
52 58
22 104
10 17
37 46
42 45
17 109
109 112
41 49
108 116
20 108
30 106
51 59
6 47
22 103
48 52
50 54
50 53
6 51
43 86
44 48
19 105
43 84
37 43
9 87
19 107
6 88
106 116
41 46
23 31
21 102
112 115
45 48
10 107
5 32
12 17
59 88
60 89
21 105
22 28
58 92
30 108
33 55
123 127
98 102
59 62
38 50
8 51
35 50
99 102
114 127
7 32
36 81
47 51
90 93
110 130
57 90
5 85
5 34
51 88
48 58
31 102
61 89
24 103
10 13
22 30
46 49
60 91
17 107
12 15
124 128
20 118
51 55
20 116
4 46
48 60
63 89
49 53
5 36
11 89
5 83
34 81
31 36
127 131
48 62
52 55
70 128
54 101
119 122
48 61
48 59
22 106
31 34
108 114
67 84
124 127
48 51
102 105
52 56
64 84
81 85
96 99
120 123
38 53
106 112
34 117
98 101
21 55
113 126
76 81
96 105
109 114
23 36
61 64
128 131
108 112
112 116
62 89
68 84
35 54
23 28
9 18
68 71
9 89
47 62
2 43
3 36
19 57
4 34
44 86
50 101
23 102
11 91
130 134
64 67
14 110
82 85
57 96
