45 42
52 48
53 50
48 45
54 50
46 43
128 125
109 17
127 124
48 44
53 49
129 125
107 19
105 19
51 48
129 126
128 124
47 44
49 46
131 128
46 37
127 123
51 47
59 51
58 52
55 52
108 20
32 5
106 20
112 109
107 17
55 51
126 123
116 108
87 9
50 46
47 6
106 30
52 49
102 21
45 41
103 22
105 21
43 37
104 22
132 129
49 41
31 23
17 10
105 20
131 127
116 106
88 6
125 122
84 43
130 127
106 19
54 51
51 6
88 59
50 47
89 60
133 130
49 45
102 99
102 98
86 43
46 41
107 18
34 31
115 112
92 58
28 22
30 22
46 42
107 10
133 129
126 122
47 43
34 5
134 131
130 126
102 22
55 33
89 61
50 35
123 120
103 24
17 12
51 8
132 128
127 114
89 11
101 98
130 110
116 112
122 119
81 34
113 110
62 59
56 52
85 5
113 109
91 60
102 23
36 5
83 5
116 20
50 38
106 21
116 113
99 96
134 130
81 36
108 17
112 108
89 63
13 10
107 20
90 57
15 12
117 113
102 31
16 11
28 25
88 60
114 111
115 111
106 22
41 38
59 52
117 114
27 24
89 62
58 51
118 20
108 30
59 48
32 7
114 108
109 18
29 22
93 90
103 23
108 18
108 19
16 10
91 58
58 48
109 16
105 22
103 100
30 20
80 73
128 70
27 23
90 60
67 64
101 54
64 61
90 61
16 12
26 23
85 82
82 71
105 102
14 11
113 108
60 48
71 68
89 9
110 14
103 99
109 15
115 108
88 62
57 52
46 4
114 110
28 24
104 21
125 121
114 109
81 74
124 121
122 118
36 3
36 31
112 106
16 13
97 94
102 24
94 91
40 37
30 23
17 11
29 23
28 23
123 119
92 60
6 3
88 51
84 64
100 97
62 48
