58 52
104 22
17 10
46 37
45 42
109 17
112 109
49 41
116 108
108 20
106 30
59 51
47 6
103 22
52 48
54 50
53 50
51 6
86 43
48 44
105 19
84 43
43 37
87 9
107 19
88 6
116 106
46 41
31 23
102 21
115 112
48 45
107 10
32 5
17 12
88 59
89 60
105 21
28 22
92 58
108 30
55 33
127 123
102 98
62 59
50 38
51 8
50 35
102 99
127 114
32 7
81 36
51 47
93 90
130 110
90 57
85 5
34 5
88 51
58 48
102 31
89 61
103 24
13 10
30 22
49 46
91 60
107 17
15 12
128 124
118 20
55 51
116 20
46 4
60 48
89 63
53 49
36 5
89 11
83 5
81 34
36 31
131 127
62 48
55 52
128 70
101 54
122 119
61 48
59 48
106 22
34 31
114 108
84 67
127 124
51 48
105 102
56 52
84 64
85 81
99 96
123 120
53 38
112 106
117 34
101 98
55 21
126 113
81 76
105 96
114 109
36 23
64 61
131 128
112 108
116 112
89 62
84 68
54 35
28 23
18 9
71 68
89 9
62 47
43 2
36 3
57 19
34 4
86 44
101 50
102 23
91 11
134 130
67 64
110 14
85 82
96 57
116 113
27 23
110 9
126 123
45 41
102 36
33 21
28 24
125 85
90 61
106 20
82 71
117 29
90 60
103 28
59 47
81 74
129 87
88 47
85 31
16 11
92 60
32 18
80 73
86 47
81 5
105 98
116 30
81 23
130 114
113 108
117 113
85 32
113 20
110 18
41 38
107 8
96 93
46 36
50 4
26 23
101 27
80 75
97 56
16 10
82 73
114 110
82 2
83 79
125 122
29 22
57 8
75 72
103 31
98 56
43 4
83 36
46 38
36 21
130 126
40 37
133 130
128 123
76 72
30 20
55 47
88 62
119 29
