58 52
104 22
17 10
46 37
45 42
109 17
112 109
49 41
116 108
108 20
106 30
59 51
47 6
103 22
52 48
54 50
53 50
51 6
86 43
48 44
105 19
84 43
43 37
87 9
107 19
88 6
116 106
46 41
31 23
102 21
115 112
48 45
107 10
32 5
17 12
88 59
89 60
105 21
28 22
92 58
108 30
55 33
127 123
102 98
62 59
50 38
51 8
50 35
102 99
127 114
32 7
81 36
51 47
93 90
130 110
90 57
85 5
34 5
88 51
58 48
102 31
89 61
103 24
13 10
30 22
49 46
91 60
107 17
52 58
22 104
10 17
37 46
42 45
17 109
109 112
41 49
108 116
20 108
30 106
51 59
6 47
22 103
48 52
50 54
50 53
6 51
43 86
44 48
19 105
43 84
37 43
9 87
19 107
6 88
106 116
41 46
23 31
21 102
112 115
45 48
10 107
5 32
12 17
59 88
60 89
21 105
22 28
58 92
30 108
33 55
123 127
98 102
59 62
38 50
8 51
35 50
99 102
114 127
7 32
36 81
47 51
90 93
110 130
57 90
5 85
5 34
51 88
48 58
31 102
61 89
24 103
10 13
22 30
46 49
60 91
17 107
