127 124
45 42
48 45
129 126
53 50
128 125
46 43
54 50
53 49
48 44
128 124
126 123
107 19
130 127
52 48
131 128
129 125
47 44
112 109
127 123
49 46
107 20
109 17
133 130
132 129
106 21
105 19
51 48
104 22
106 20
106 19
52 49
55 52
105 21
131 127
89 60
55 51
45 41
115 112
50 46
134 131
102 99
50 47
17 10
46 42
125 122
105 20
54 51
130 126
103 22
113 110
107 18
89 61
51 47
114 111
58 52
34 31
101 98
108 19
107 17
102 21
31 23
116 113
133 129
102 98
102 22
132 128
47 43
15 12
116 112
105 22
124 121
49 45
46 41
134 130
113 109
30 22
103 100
108 17
123 120
32 5
28 25
16 12
109 18
28 22
41 38
122 119
117 114
126 122
17 11
112 108
115 111
92 58
67 64
59 51
71 68
91 60
56 52
88 59
88 60
121 118
89 62
16 13
27 24
16 10
29 22
116 108
103 23
62 59
102 23
34 5
108 20
104 21
90 60
103 24
106 30
89 11
90 61
109 16
17 12
59 52
93 90
114 108
102 24
30 23
13 10
28 23
14 11
91 58
26 23
99 96
114 110
115 108
123 119
58 51
46 37
125 121
124 127
42 45
45 48
126 129
50 53
125 128
43 46
50 54
49 53
44 48
124 128
123 126
19 107
127 130
48 52
128 131
125 129
44 47
109 112
123 127
46 49
20 107
17 109
130 133
129 132
21 106
19 105
48 51
22 104
20 106
19 106
49 52
52 55
21 105
127 131
60 89
51 55
41 45
112 115
46 50
131 134
99 102
47 50
10 17
42 46
122 125
20 105
51 54
126 130
22 103
110 113
18 107
61 89
47 51
111 114
52 58
31 34
98 101
19 108
17 107
21 102
23 31
113 116
129 133
98 102
22 102
128 132
43 47
12 15
112 116
22 105
121 124
45 49
41 46
130 134
109 113
22 30
100 103
17 108
120 123
5 32
25 28
12 16
18 109
22 28
38 41
119 122
114 117
122 126
11 17
108 112
111 115
58 92
64 67
51 59
68 71
60 91
52 56
59 88
60 88
118 121
62 89
13 16
24 27
10 16
22 29
108 116
23 103
59 62
23 102
5 34
20 108
21 104
60 90
24 103
30 106
11 89
61 90
16 109
12 17
52 59
90 93
108 114
24 102
23 30
10 13
23 28
11 14
58 91
23 26
96 99
110 114
108 115
119 123
51 58
37 46
121 125
