45 42
52 48
53 50
48 45
54 50
46 43
128 125
109 17
127 124
48 44
53 49
129 125
107 19
105 19
51 48
129 126
128 124
47 44
49 46
131 128
46 37
127 123
51 47
59 51
58 52
55 52
108 20
32 5
106 20
112 109
107 17
55 51
126 123
116 108
87 9
50 46
47 6
106 30
52 49
102 21
45 41
103 22
105 21
43 37
104 22
132 129
49 41
31 23
17 10
105 20
131 127
116 106
88 6
125 122
84 43
130 127
106 19
54 51
51 6
88 59
50 47
89 60
133 130
49 45
102 99
102 98
86 43
46 41
42 45
48 52
50 53
45 48
50 54
43 46
125 128
17 109
124 127
44 48
49 53
125 129
19 107
19 105
48 51
126 129
124 128
44 47
46 49
128 131
37 46
123 127
47 51
51 59
52 58
52 55
20 108
5 32
20 106
109 112
17 107
51 55
123 126
108 116
9 87
46 50
6 47
30 106
49 52
21 102
41 45
22 103
21 105
37 43
22 104
129 132
41 49
23 31
10 17
20 105
127 131
106 116
6 88
122 125
43 84
127 130
19 106
51 54
6 51
59 88
47 50
60 89
130 133
45 49
99 102
98 102
43 86
41 46
