127 110
55 52
46 4
129 125
99 53
58 48
126 123
133 130
84 71
69 65
106 20
117 31
19 9
81 2
82 74
84 72
82 72
55 51
100 24
59 52
88 9
50 35
83 3
125 122
36 3
129 87
105 21
113 108
106 19
101 25
34 5
35 4
87 8
124 121
121 72
110 16
114 111
90 62
47 4
33 7
37 3
33 20
132 68
35 3
84 43
83 35
123 117
112 108
15 11
86 5
98 56
88 63
130 127
117 20
89 9
130 110
46 42
16 9
80 73
80 76
32 20
46 3
49 46
96 56
87 65
107 19
51 33
57 51
115 112
102 99
44 5
32 8
50 47
99 54
28 23
57 52
89 64
88 7
90 8
102 54
90 10
118 115
54 51
103 24
126 110
123 114
110 18
16 11
92 61
48 45
45 41
26 23
51 48
86 66
104 22
56 53
85 6
86 65
33 8
31 22
53 50
43 4
128 124
30 20
61 57
42 37
126 114
95 56
102 25
33 5
116 30
51 47
30 22
43 2
102 22
134 131
63 59
34 31
117 113
81 74
59 48
86 64
134 130
123 120
57 53
31 21
123 113
58 51
107 17
43 5
80 75
47 33
105 22
89 63
104 21
82 2
46 37
91 62
17 9
102 21
88 6
108 19
15 10
55 33
127 124
97 56
101 24
81 3
113 20
87 6
113 109
47 43
47 37
17 12
122 72
86 68
32 21
61 58
107 18
17 10
46 35
103 22
41 37
19 8
43 37
17 11
45 42
85 5
47 34
103 21
133 129
62 57
30 21
44 4
14 11
93 90
87 64
83 73
91 10
44 41
29 22
85 71
123 118
34 4
84 69
28 25
109 17
34 6
82 71
117 29
90 61
104 98
58 52
105 102
48 44
79 75
83 4
97 54
97 55
124 120
88 64
131 128
48 5
109 16
32 7
46 38
51 34
131 127
122 117
54 34
86 6
91 61
50 46
108 20
37 2
129 126
128 125
52 48
81 76
18 10
56 51
83 2
113 18
81 75
16 12
46 41
114 110
85 47
82 73
88 65
50 5
18 9
87 9
89 10
98 55
116 112
101 54
108 18
29 26
117 114
96 57
54 33
132 128
82 4
106 21
79 76
45 37
47 35
50 33
32 6
103 98
51 6
104 23
88 8
118 114
112 109
125 70
46 36
41 38
123 115
89 62
122 119
31 20
87 69
33 21
87 7
85 4
50 34
89 65
47 5
34 3
125 121
32 19
15 12
84 3
94 61
108 17
29 23
126 122
83 71
54 50
89 8
18 7
122 118
122 114
16 10
46 43
102 98
27 23
68 65
130 126
117 30
96 55
56 52
51 5
80 74
47 3
94 90
132 129
107 20
84 4
81 73
90 9
32 5
33 6
88 62
37 4
36 4
36 2
52 49
28 22
116 113
90 63
69 66
53 49
91 63
35 5
82 3
49 45
85 69
83 34
62 59
47 6
102 24
111 108
19 7
86 69
47 44
98 54
78 75
103 100
85 70
105 19
86 70
83 72
98 53
18 8
109 18
94 57
84 70
99 55
113 110
109 15
101 23
129 68
101 98
102 23
87 68
83 5
115 111
127 123
62 58
123 119
110 17
28 24
84 5
63 60
119 114
48 6
46 34
86 7
103 23
85 7
46 5
43 3
105 20
30 23
87 66
110 127
52 55
4 46
125 129
53 99
48 58
123 126
130 133
71 84
65 69
20 106
31 117
9 19
2 81
74 82
72 84
72 82
51 55
24 100
52 59
9 88
35 50
3 83
122 125
3 36
87 129
21 105
108 113
19 106
25 101
5 34
4 35
8 87
121 124
72 121
16 110
111 114
62 90
4 47
7 33
3 37
20 33
68 132
3 35
43 84
35 83
117 123
108 112
11 15
5 86
56 98
63 88
127 130
20 117
9 89
110 130
42 46
9 16
73 80
76 80
20 32
3 46
46 49
56 96
65 87
19 107
33 51
51 57
112 115
99 102
5 44
8 32
47 50
54 99
23 28
52 57
64 89
7 88
8 90
54 102
10 90
115 118
51 54
24 103
110 126
114 123
18 110
11 16
61 92
45 48
41 45
23 26
48 51
66 86
22 104
53 56
6 85
65 86
8 33
22 31
50 53
4 43
124 128
20 30
57 61
37 42
114 126
56 95
25 102
5 33
30 116
47 51
22 30
2 43
22 102
131 134
59 63
31 34
113 117
74 81
48 59
64 86
130 134
120 123
53 57
21 31
113 123
51 58
17 107
5 43
75 80
33 47
22 105
63 89
21 104
2 82
37 46
62 91
9 17
21 102
6 88
19 108
10 15
33 55
124 127
56 97
24 101
3 81
20 113
6 87
109 113
43 47
37 47
12 17
72 122
68 86
21 32
58 61
18 107
10 17
35 46
22 103
37 41
8 19
37 43
11 17
42 45
5 85
34 47
21 103
129 133
57 62
21 30
4 44
11 14
90 93
64 87
73 83
10 91
41 44
22 29
71 85
118 123
4 34
69 84
25 28
17 109
6 34
71 82
29 117
61 90
98 104
52 58
102 105
44 48
75 79
4 83
54 97
55 97
120 124
64 88
128 131
5 48
16 109
7 32
38 46
34 51
127 131
117 122
34 54
6 86
61 91
46 50
20 108
2 37
126 129
125 128
48 52
76 81
10 18
51 56
2 83
18 113
75 81
12 16
41 46
110 114
47 85
73 82
65 88
5 50
9 18
9 87
10 89
55 98
112 116
54 101
18 108
26 29
114 117
57 96
33 54
128 132
4 82
21 106
76 79
37 45
35 47
33 50
6 32
98 103
6 51
23 104
8 88
114 118
109 112
70 125
36 46
38 41
115 123
62 89
119 122
20 31
69 87
21 33
7 87
4 85
34 50
65 89
5 47
3 34
121 125
19 32
12 15
3 84
61 94
17 108
23 29
122 126
71 83
50 54
8 89
7 18
118 122
114 122
10 16
43 46
98 102
23 27
65 68
126 130
30 117
55 96
52 56
5 51
74 80
3 47
90 94
129 132
20 107
4 84
73 81
9 90
5 32
6 33
62 88
4 37
4 36
2 36
49 52
22 28
113 116
63 90
66 69
49 53
63 91
5 35
3 82
45 49
69 85
34 83
59 62
6 47
24 102
108 111
7 19
69 86
44 47
54 98
75 78
100 103
70 85
19 105
70 86
72 83
53 98
8 18
18 109
57 94
70 84
55 99
110 113
15 109
23 101
68 129
98 101
23 102
68 87
5 83
111 115
123 127
58 62
119 123
17 110
24 28
5 84
60 63
114 119
6 48
34 46
7 86
23 103
7 85
5 46
3 43
20 105
23 30
66 87
