46 42
47 44
22 16
56 52
58 54
52 49
46 43
51 16
55 52
43 34
49 46
45 41
32 29
43 40
25 21
48 12
50 12
51 9
35 31
56 53
20 17
55 4
36 18
37 34
13 8
25 22
47 43
44 37
15 12
17 13
54 12
12 9
27 20
57 7
48 15
38 35
48 30
41 31
50 46
54 4
54 50
45 42
28 21
5 2
8 4
52 16
57 54
16 8
21 18
50 47
18 15
16 13
13 5
27 21
53 49
55 8
22 18
51 12
54 8
51 47
44 30
55 51
48 19
26 21
13 9
44 39
15 11
36 28
17 14
14 11
38 34
44 33
36 33
40 34
58 7
27 19
16 12
48 45
47 12
30 19
33 19
28 19
44 40
6 2
48 16
51 48
33 30
54 7
34 31
33 28
20 16
51 15
36 32
49 45
58 3
33 29
34 30
41 34
52 48
37 15
28 18
58 55
22 17
32 28
47 11
24 21
44 15
53 50
43 39
33 15
58 4
12 8
35 32
45 30
33 18
21 17
44 41
48 44
7 4
51 13
51 8
19 16
37 33
13 10
54 51
55 5
18 14
44 34
41 30
47 15
44 19
23 18
6 3
23 17
57 53
8 5
14 10
39 34
19 15
42 46
44 47
16 22
52 56
54 58
49 52
43 46
16 51
52 55
34 43
46 49
41 45
29 32
40 43
21 25
12 48
12 50
9 51
31 35
53 56
17 20
4 55
18 36
34 37
8 13
22 25
43 47
37 44
12 15
13 17
12 54
9 12
20 27
7 57
15 48
35 38
30 48
31 41
46 50
4 54
50 54
42 45
21 28
2 5
4 8
16 52
54 57
8 16
18 21
47 50
15 18
13 16
5 13
21 27
49 53
8 55
18 22
12 51
8 54
47 51
30 44
51 55
19 48
21 26
9 13
39 44
11 15
28 36
14 17
11 14
34 38
33 44
33 36
34 40
7 58
19 27
12 16
45 48
12 47
19 30
19 33
19 28
40 44
2 6
16 48
48 51
30 33
7 54
31 34
28 33
16 20
15 51
32 36
45 49
3 58
29 33
30 34
34 41
48 52
15 37
18 28
55 58
17 22
28 32
11 47
21 24
15 44
50 53
39 43
15 33
4 58
8 12
32 35
30 45
18 33
17 21
41 44
44 48
4 7
13 51
8 51
16 19
33 37
10 13
51 54
5 55
14 18
34 44
30 41
15 47
19 44
18 23
3 6
17 23
53 57
5 8
10 14
34 39
15 19
