46 43
34 30
33 30
35 31
35 32
34 31
45 42
46 42
47 43
13 10
47 44
6 3
52 49
12 9
5 2
41 31
42 30
15 12
17 13
44 41
18 14
45 41
44 39
7 3
17 14
44 40
33 29
53 50
51 48
8 5
13 9
37 14
7 4
6 2
42 31
43 40
43 39
36 33
32 29
14 11
53 49
41 30
8 4
16 12
16 13
36 32
48 45
54 51
15 11
14 10
45 30
29 19
42 39
48 19
52 48
56 53
33 19
9 6
46 30
55 52
18 15
43 31
50 47
11 8
46 41
28 18
43 30
9 5
48 44
46 40
55 9
36 18
54 50
51 15
54 9
55 8
45 40
40 31
51 47
12 8
28 19
19 15
54 12
57 54
32 28
36 14
19 16
10 7
13 6
27 24
48 20
43 46
30 34
30 33
31 35
32 35
31 34
42 45
42 46
43 47
10 13
44 47
3 6
49 52
9 12
2 5
31 41
30 42
12 15
13 17
41 44
14 18
41 45
39 44
3 7
14 17
40 44
29 33
50 53
48 51
5 8
9 13
14 37
4 7
2 6
31 42
40 43
39 43
33 36
29 32
11 14
49 53
30 41
4 8
12 16
13 16
32 36
45 48
51 54
11 15
10 14
30 45
19 29
39 42
19 48
48 52
53 56
19 33
6 9
30 46
52 55
15 18
31 43
47 50
8 11
41 46
18 28
30 43
5 9
44 48
40 46
9 55
18 36
50 54
15 51
9 54
8 55
40 45
31 40
47 51
8 12
19 28
15 19
12 54
54 57
28 32
14 36
16 19
7 10
6 13
24 27
20 48
