17 13
48 19
46 43
36 18
54 12
28 18
44 39
45 42
18 14
35 31
36 14
41 31
37 14
46 42
45 30
36 28
44 37
51 15
46 30
54 9
29 19
47 15
13 6
55 16
50 12
42 30
33 19
33 18
34 30
23 17
43 30
12 9
32 28
51 47
55 8
47 43
41 19
15 11
48 33
30 19
48 20
43 34
47 11
22 17
13 10
47 12
7 3
52 16
41 30
41 34
14 10
43 31
46 40
51 16
56 52
55 4
28 25
48 30
35 32
37 15
17 14
13 17
19 48
43 46
18 36
12 54
18 28
39 44
42 45
14 18
31 35
14 36
31 41
14 37
42 46
30 45
28 36
37 44
15 51
30 46
9 54
19 29
15 47
6 13
16 55
12 50
30 42
19 33
18 33
30 34
17 23
30 43
9 12
28 32
47 51
8 55
43 47
19 41
11 15
33 48
19 30
20 48
34 43
11 47
17 22
10 13
12 47
3 7
16 52
30 41
34 41
10 14
31 43
40 46
16 51
52 56
4 55
25 28
30 48
32 35
15 37
14 17
