35 31
46 43
34 31
35 32
34 30
45 42
17 13
48 19
36 18
54 12
18 14
46 42
33 30
41 31
47 44
44 39
37 14
12 9
13 10
6 3
28 18
47 43
36 14
46 30
52 49
17 14
33 29
45 30
54 9
44 37
29 19
45 41
14 10
42 30
36 28
6 2
5 2
7 3
36 33
51 48
13 6
51 15
51 47
8 5
47 15
33 19
7 4
15 12
16 12
16 13
14 11
13 9
32 29
15 11
41 30
43 30
53 49
55 8
43 39
44 41
55 16
31 35
43 46
31 34
32 35
30 34
42 45
13 17
19 48
18 36
12 54
14 18
42 46
30 33
31 41
44 47
39 44
14 37
9 12
10 13
3 6
18 28
43 47
14 36
30 46
49 52
14 17
29 33
30 45
9 54
37 44
19 29
41 45
10 14
30 42
28 36
2 6
2 5
3 7
33 36
48 51
6 13
15 51
47 51
5 8
15 47
19 33
4 7
12 15
12 16
13 16
11 14
9 13
29 32
11 15
30 41
30 43
49 53
8 55
39 43
41 44
16 55
