6 2
51 28
39 36
30 26
31 28
53 47
26 22
57 21
14 11
38 34
61 16
64 19
23 16
30 9
17 14
65 61
37 5
60 56
48 45
35 12
65 39
33 30
61 19
57 54
15 11
29 25
50 47
35 7
62 43
59 44
65 40
57 24
61 57
34 29
51 47
52 49
15 12
26 23
12 9
30 27
40 36
62 44
53 28
60 19
36 4
42 38
15 7
51 25
59 56
63 60
62 58
40 37
39 7
22 16
58 54
46 43
33 9
7 2
65 42
32 29
49 46
64 61
66 63
58 47
26 17
67 64
18 15
41 38
38 35
53 48
66 62
60 21
57 47
31 27
61 58
41 37
55 48
12 7
23 17
39 35
14 10
11 7
36 5
57 53
36 12
47 43
12 8
30 10
26 16
18 14
57 25
64 60
57 19
36 11
48 44
61 47
30 13
52 48
36 8
61 22
29 26
50 46
53 25
39 12
13 9
34 9
36 6
63 59
60 22
38 33
40 5
58 53
16 13
47 42
28 25
11 8
29 12
65 4
35 8
7 3
46 41
16 12
51 48
55 44
25 16
54 48
35 9
50 45
58 48
62 42
22 19
26 13
46 42
29 16
60 20
60 57
29 13
13 10
65 62
17 13
38 12
47 44
24 21
57 22
59 55
25 22
42 34
19 16
58 55
29 9
39 34
6 3
42 39
49 45
51 32
67 63
19 15
36 7
32 28
39 4
22 17
34 30
40 4
51 46
34 12
61 42
58 44
35 11
62 59
62 47
7 4
23 19
39 15
52 47
