39 36
12 9
66 63
59 56
39 35
54 41
60 56
38 35
15 12
58 55
57 54
48 45
55 41
65 62
54 42
60 57
40 36
54 51
15 6
14 6
21 18
56 53
18 15
58 54
67 64
37 34
23 20
19 16
14 8
40 35
38 34
30 10
10 5
40 37
29 26
26 11
38 33
47 44
59 55
18 8
56 36
14 11
20 16
20 17
58 35
49 46
24 21
10 7
55 42
13 9
41 36
22 19
65 61
30 11
13 8
14 9
30 27
12 7
67 63
27 24
13 10
63 39
42 34
54 36
55 52
42 35
15 7
22 18
19 15
41 35
11 8
37 33
53 35
48 31
50 47
56 35
28 25
17 8
20 15
60 36
66 62
11 7
31 28
14 10
26 13
53 34
54 35
53 41
14 7
41 38
30 6
53 36
17 14
7 4
42 36
49 45
64 61
55 36
24 20
13 7
25 22
39 33
26 23
12 8
54 40
36 39
9 12
63 66
56 59
35 39
41 54
56 60
35 38
12 15
55 58
54 57
45 48
41 55
62 65
42 54
57 60
36 40
51 54
6 15
6 14
18 21
53 56
15 18
54 58
64 67
34 37
20 23
16 19
8 14
35 40
34 38
10 30
5 10
37 40
26 29
11 26
33 38
44 47
55 59
8 18
36 56
11 14
16 20
17 20
35 58
46 49
21 24
7 10
42 55
9 13
36 41
19 22
61 65
11 30
8 13
9 14
27 30
7 12
63 67
24 27
10 13
39 63
34 42
36 54
52 55
35 42
7 15
18 22
15 19
35 41
8 11
33 37
35 53
31 48
47 50
35 56
25 28
8 17
15 20
36 60
62 66
7 11
28 31
10 14
13 26
34 53
35 54
41 53
7 14
38 41
6 30
36 53
14 17
4 7
36 42
45 49
61 64
36 55
20 24
7 13
22 25
33 39
23 26
8 12
40 54
