15 6
30 10
45 34
55 41
62 46
10 5
60 56
38 33
60 51
15 12
45 27
47 25
53 28
48 45
26 11
54 42
14 8
39 35
47 44
33 26
65 61
26 13
63 39
48 31
32 21
52 10
43 9
20 16
56 36
48 16
39 32
42 36
54 36
64 21
18 8
31 6
12 7
14 6
33 13
42 34
43 14
14 10
14 9
65 4
37 9
59 33
40 36
58 55
60 36
58 51
49 28
59 2
42 29
43 27
43 17
65 59
51 41
62 40
58 54
44 32
53 34
33 27
29 5
18 15
21 18
60 40
50 44
39 36
23 17
51 28
27 24
32 9
64 43
30 11
50 46
8 2
20 6
24 19
55 51
51 23
26 16
35 29
23 13
16 2
31 25
40 27
39 12
54 51
53 41
27 11
65 54
60 54
29 12
19 15
61 19
51 44
30 6
31 18
52 37
22 15
48 4
23 18
58 26
52 20
42 15
6 15
10 30
34 45
41 55
46 62
5 10
56 60
33 38
51 60
12 15
27 45
25 47
28 53
45 48
11 26
42 54
8 14
35 39
44 47
26 33
61 65
13 26
39 63
31 48
21 32
10 52
9 43
16 20
36 56
16 48
32 39
36 42
36 54
21 64
8 18
6 31
7 12
6 14
13 33
34 42
14 43
10 14
9 14
4 65
9 37
33 59
36 40
55 58
36 60
51 58
28 49
2 59
29 42
27 43
17 43
59 65
41 51
40 62
54 58
32 44
34 53
27 33
5 29
15 18
18 21
40 60
44 50
36 39
17 23
28 51
24 27
9 32
43 64
11 30
46 50
2 8
6 20
19 24
51 55
23 51
16 26
29 35
13 23
2 16
25 31
27 40
12 39
51 54
41 53
11 27
54 65
54 60
12 29
15 19
19 61
44 51
6 30
18 31
37 52
15 22
4 48
18 23
26 58
20 52
15 42
