144 140
140 96
128 115
138 94
61 10
141 41
50 47
72 14
80 40
157 153
159 156
173 130
63 51
158 99
147 135
161 79
186 182
166 163
18 15
151 133
64 2
67 13
161 80
79 67
84 65
96 80
74 20
59 49
174 128
174 170
165 68
120 117
159 101
93 44
55 52
164 68
21 16
160 115
165 161
159 155
118 10
134 105
138 100
131 106
179 175
44 40
167 23
172 168
94 82
134 101
180 125
174 127
98 77
88 85
187 109
141 37
62 56
67 64
114 111
155 132
181 175
97 32
23 20
90 85
150 133
45 7
131 104
148 134
69 43
169 21
119 14
140 94
75 25
157 65
65 3
161 68
79 68
126 114
78 36
51 47
129 108
135 103
139 96
56 50
134 131
80 47
104 101
124 120
86 5
67 47
119 71
175 126
135 101
77 27
71 67
162 136
155 131
78 43
75 70
156 110
159 134
123 116
79 43
64 50
183 129
161 66
149 135
90 87
127 112
146 136
21 14
69 39
36 33
129 110
157 83
170 160
119 21
136 100
168 163
163 160
167 21
164 160
164 25
120 15
42 38
97 77
133 107
59 56
169 163
12 9
48 45
55 49
157 92
75 20
166 25
36 28
167 24
160 66
127 114
141 32
143 140
70 21
37 33
179 126
162 79
155 150
96 78
155 152
64 47
158 150
82 51
60 10
65 51
77 25
13 10
154 92
71 68
39 36
95 44
21 18
150 135
146 138
49 46
45 41
40 37
119 16
152 109
60 56
185 106
164 70
119 18
89 86
155 134
40 32
73 70
70 23
145 139
81 47
94 80
93 81
138 97
62 2
43 40
58 54
155 105
56 53
61 46
113 4
165 79
131 101
118 71
72 12
165 162
42 8
127 111
91 83
158 148
160 117
171 120
134 103
12 6
157 81
76 26
145 140
156 130
146 140
61 55
145 138
47 43
187 110
141 40
95 40
164 21
127 110
49 7
72 13
60 9
45 8
153 111
57 53
67 43
118 64
74 70
56 51
171 126
21 17
52 48
148 136
136 99
131 109
179 127
82 64
174 126
44 41
37 32
165 25
173 170
174 125
93 83
78 28
73 14
12 8
72 69
156 109
80 66
165 77
133 105
160 128
79 66
139 30
99 77
70 25
135 102
36 32
74 39
138 96
168 164
48 44
171 128
91 84
70 20
169 120
64 51
132 107
153 5
42 7
141 97
13 8
154 83
77 28
179 174
18 14
60 57
150 134
149 133
45 42
96 81
154 90
73 18
162 158
140 97
80 46
186 183
146 139
41 37
180 126
96 79
76 39
80 43
155 151
136 96
67 44
123 120
187 132
43 8
63 56
185 107
76 36
150 136
116 2
89 85
152 133
146 96
157 154
39 35
158 81
164 79
143 97
94 81
166 162
75 23
114 110
154 151
77 69
162 100
82 44
162 99
128 111
156 128
136 102
152 132
143 31
118 62
158 154
170 117
143 139
91 85
142 31
157 66
170 128
99 96
22 19
144 139
130 109
117 16
158 136
80 67
78 40
137 100
158 155
169 119
165 24
165 70
182 110
51 48
149 134
78 69
186 107
186 109
62 10
161 158
95 43
159 130
63 3
81 65
137 99
186 127
92 83
147 138
75 26
156 152
46 42
51 3
92 65
46 7
170 163
50 46
185 108
133 103
169 164
124 116
170 114
78 74
76 28
151 132
170 124
130 110
167 25
155 133
76 70
119 15
178 175
63 50
183 108
79 69
173 128
174 171
86 83
159 131
131 105
62 50
132 108
38 34
154 150
69 25
153 86
65 2
75 24
108 105
167 164
97 28
95 78
143 30
155 109
83 65
160 156
167 22
115 2
91 86
167 70
170 120
162 68
72 43
84 51
69 40
67 46
122 16
179 125
161 81
95 80
180 127
47 44
156 115
98 28
174 124
120 16
121 15
147 136
155 130
187 107
52 49
56 52
141 95
139 98
145 137
65 47
82 65
170 116
120 116
160 130
115 111
64 3
131 107
80 44
169 16
22 17
72 8
92 81
169 117
156 111
56 49
61 56
20 14
130 108
132 109
72 39
161 157
166 24
181 178
99 79
46 43
146 94
32 28
161 67
71 13
171 124
179 176
162 101
59 9
118 2
61 49
162 159
153 83
41 38
75 69
37 34
92 82
66 47
38 35
42 39
97 30
40 36
181 127
163 159
119 13
82 66
164 161
77 26
94 79
58 55
55 50
170 115
59 55
186 108
81 66
172 169
131 108
158 79
172 163
93 82
158 134
111 4
68 43
78 68
151 105
148 135
43 39
134 104
187 108
129 109
98 27
186 129
59 7
121 16
71 21
50 3
117 2
175 127
143 32
49 45
136 101
57 54
140 95
95 79
83 66
128 114
165 69
118 67
71 14
90 86
76 25
82 47
148 138
173 129
72 67
160 157
46 8
165 99
73 20
138 99
146 137
63 2
167 163
118 13
125 114
182 127
97 78
139 97
68 25
61 50
128 110
132 105
78 39
76 69
82 48
186 110
147 137
137 102
42 6
154 81
74 69
97 40
23 19
95 41
61 9
156 153
138 98
49 8
161 99
148 94
164 71
140 144
96 140
115 128
94 138
10 61
41 141
47 50
14 72
40 80
153 157
156 159
130 173
51 63
99 158
135 147
79 161
182 186
163 166
15 18
133 151
2 64
13 67
80 161
67 79
65 84
80 96
20 74
49 59
128 174
170 174
68 165
117 120
101 159
44 93
52 55
68 164
16 21
115 160
161 165
155 159
10 118
105 134
100 138
106 131
175 179
40 44
23 167
168 172
82 94
101 134
125 180
127 174
77 98
85 88
109 187
37 141
56 62
64 67
111 114
132 155
175 181
32 97
20 23
85 90
133 150
7 45
104 131
134 148
43 69
21 169
14 119
94 140
25 75
65 157
3 65
68 161
68 79
114 126
36 78
47 51
108 129
103 135
96 139
50 56
131 134
47 80
101 104
120 124
5 86
47 67
71 119
126 175
101 135
27 77
67 71
136 162
131 155
43 78
70 75
110 156
134 159
116 123
43 79
50 64
129 183
66 161
135 149
87 90
112 127
136 146
14 21
39 69
33 36
110 129
83 157
160 170
21 119
100 136
163 168
160 163
21 167
160 164
25 164
15 120
38 42
77 97
107 133
56 59
163 169
9 12
45 48
49 55
92 157
20 75
25 166
28 36
24 167
66 160
114 127
32 141
140 143
21 70
33 37
126 179
79 162
150 155
78 96
152 155
47 64
150 158
51 82
10 60
51 65
25 77
10 13
92 154
68 71
36 39
44 95
18 21
135 150
138 146
46 49
41 45
37 40
16 119
109 152
56 60
106 185
70 164
18 119
86 89
134 155
32 40
70 73
23 70
139 145
47 81
80 94
81 93
97 138
2 62
40 43
54 58
105 155
53 56
46 61
4 113
79 165
101 131
71 118
12 72
162 165
8 42
111 127
83 91
148 158
117 160
120 171
103 134
6 12
81 157
26 76
140 145
130 156
140 146
55 61
138 145
43 47
110 187
40 141
40 95
21 164
110 127
7 49
13 72
9 60
8 45
111 153
53 57
43 67
64 118
70 74
51 56
126 171
17 21
48 52
136 148
99 136
109 131
127 179
64 82
126 174
41 44
32 37
25 165
170 173
125 174
83 93
28 78
14 73
8 12
69 72
109 156
66 80
77 165
105 133
128 160
66 79
30 139
77 99
25 70
102 135
32 36
39 74
96 138
164 168
44 48
128 171
84 91
20 70
120 169
51 64
107 132
5 153
7 42
97 141
8 13
83 154
28 77
174 179
14 18
57 60
134 150
133 149
42 45
81 96
90 154
18 73
158 162
97 140
46 80
183 186
139 146
37 41
126 180
79 96
39 76
43 80
151 155
96 136
44 67
120 123
132 187
8 43
56 63
107 185
36 76
136 150
2 116
85 89
133 152
96 146
154 157
35 39
81 158
79 164
97 143
81 94
162 166
23 75
110 114
151 154
69 77
100 162
44 82
99 162
111 128
128 156
102 136
132 152
31 143
62 118
154 158
117 170
139 143
85 91
31 142
66 157
128 170
96 99
19 22
139 144
109 130
16 117
136 158
67 80
40 78
100 137
155 158
119 169
24 165
70 165
110 182
48 51
134 149
69 78
107 186
109 186
10 62
158 161
43 95
130 159
3 63
65 81
99 137
127 186
83 92
138 147
26 75
152 156
42 46
3 51
65 92
7 46
163 170
46 50
108 185
103 133
164 169
116 124
114 170
74 78
28 76
132 151
124 170
110 130
25 167
133 155
70 76
15 119
175 178
50 63
108 183
69 79
128 173
171 174
83 86
131 159
105 131
50 62
108 132
34 38
150 154
25 69
86 153
2 65
24 75
105 108
164 167
28 97
78 95
30 143
109 155
65 83
156 160
22 167
2 115
86 91
70 167
120 170
68 162
43 72
51 84
40 69
46 67
16 122
125 179
81 161
80 95
127 180
44 47
115 156
28 98
124 174
16 120
15 121
136 147
130 155
107 187
49 52
52 56
95 141
98 139
137 145
47 65
65 82
116 170
116 120
130 160
111 115
3 64
107 131
44 80
16 169
17 22
8 72
81 92
117 169
111 156
49 56
56 61
14 20
108 130
109 132
39 72
157 161
24 166
178 181
79 99
43 46
94 146
28 32
67 161
13 71
124 171
176 179
101 162
9 59
2 118
49 61
159 162
83 153
38 41
69 75
34 37
82 92
47 66
35 38
39 42
30 97
36 40
127 181
159 163
13 119
66 82
161 164
26 77
79 94
55 58
50 55
115 170
55 59
108 186
66 81
169 172
108 131
79 158
163 172
82 93
134 158
4 111
43 68
68 78
105 151
135 148
39 43
104 134
108 187
109 129
27 98
129 186
7 59
16 121
21 71
3 50
2 117
127 175
32 143
45 49
101 136
54 57
95 140
79 95
66 83
114 128
69 165
67 118
14 71
86 90
25 76
47 82
138 148
129 173
67 72
157 160
8 46
99 165
20 73
99 138
137 146
2 63
163 167
13 118
114 125
127 182
78 97
97 139
25 68
50 61
110 128
105 132
39 78
69 76
48 82
110 186
137 147
102 137
6 42
81 154
69 74
40 97
19 23
41 95
9 61
153 156
98 138
8 49
99 161
94 148
71 164
