147 135
42 39
146 138
42 38
39 36
145 137
149 135
41 38
37 34
44 40
40 37
43 40
166 77
137 100
38 35
44 41
162 79
157 154
46 42
36 32
43 39
36 33
145 139
141 40
157 153
147 137
158 150
147 136
145 138
159 131
153 65
146 137
20 14
144 140
148 135
149 134
41 37
47 44
45 42
75 25
139 32
148 136
93 44
96 79
33 30
62 13
95 40
144 139
70 25
72 11
75 70
74 39
135 103
127 114
77 27
73 14
18 14
135 102
158 154
154 150
151 133
42 11
146 140
156 113
166 162
141 37
164 161
38 34
27 24
46 43
172 22
78 39
141 41
40 36
149 133
76 26
45 41
133 105
164 160
150 134
82 48
162 159
162 158
156 153
158 148
37 33
137 102
164 117
172 169
138 96
161 117
75 26
76 35
152 132
186 183
135 147
39 42
138 146
38 42
36 39
137 145
135 149
38 41
34 37
40 44
37 40
40 43
77 166
100 137
35 38
41 44
79 162
154 157
42 46
32 36
39 43
33 36
139 145
40 141
153 157
137 147
150 158
136 147
138 145
131 159
65 153
137 146
14 20
140 144
135 148
134 149
37 41
44 47
42 45
25 75
32 139
136 148
44 93
79 96
30 33
13 62
40 95
139 144
25 70
11 72
70 75
39 74
103 135
114 127
27 77
14 73
14 18
102 135
154 158
150 154
133 151
11 42
140 146
113 156
162 166
37 141
161 164
34 38
24 27
43 46
22 172
39 78
41 141
36 40
133 149
26 76
41 45
105 133
160 164
134 150
48 82
159 162
158 162
153 156
148 158
33 37
102 137
117 164
169 172
96 138
117 161
26 75
35 76
132 152
183 186
