166 77
146 138
144 140
172 22
162 79
141 41
137 100
147 135
141 40
145 137
36 32
147 137
93 44
158 150
75 70
20 14
72 11
75 25
153 65
33 30
96 79
95 40
74 39
149 135
139 32
62 13
154 150
135 103
70 25
151 133
37 34
145 139
73 14
159 131
82 48
78 39
127 114
18 14
78 40
46 42
77 27
149 133
44 40
146 140
138 96
141 37
42 11
137 102
170 126
141 95
157 153
75 20
27 24
166 162
158 148
156 113
148 94
133 105
152 132
42 38
131 104
36 33
162 158
118 64
121 15
162 101
146 96
78 28
157 83
142 37
76 35
158 154
93 48
77 24
158 96
72 39
106 103
37 32
170 128
135 102
95 44
157 65
164 117
100 27
32 29
97 78
100 77
97 40
173 163
80 44
148 138
166 24
22 16
39 36
174 126
134 101
56 13
80 67
73 20
45 42
173 168
161 117
76 26
154 148
131 108
75 26
139 36
148 136
75 23
104 101
59 47
164 68
169 16
138 81
78 36
73 18
117 68
169 120
157 81
136 96
94 81
78 74
118 68
93 82
129 108
174 170
83 65
131 105
165 99
120 16
74 11
158 136
80 47
43 39
154 83
170 124
76 28
26 23
45 10
175 126
67 43
82 60
38 35
105 102
17 14
150 136
87 84
164 161
164 71
175 129
118 43
116 65
72 46
156 17
133 103
127 112
141 32
71 68
150 134
161 119
29 26
116 64
129 107
40 28
156 109
148 96
169 70
172 168
164 118
162 136
131 113
15 12
117 71
72 67
58 46
77 25
172 169
120 15
164 160
108 105
124 16
68 64
76 36
143 139
40 37
129 112
169 164
171 22
96 81
176 168
77 166
138 146
140 144
22 172
79 162
41 141
100 137
135 147
40 141
137 145
32 36
137 147
44 93
150 158
70 75
14 20
11 72
25 75
65 153
30 33
79 96
40 95
39 74
135 149
32 139
13 62
150 154
103 135
25 70
133 151
34 37
139 145
14 73
131 159
48 82
39 78
114 127
14 18
40 78
42 46
27 77
133 149
40 44
140 146
96 138
37 141
11 42
102 137
126 170
95 141
153 157
20 75
24 27
162 166
148 158
113 156
94 148
105 133
132 152
38 42
104 131
33 36
158 162
64 118
15 121
101 162
96 146
28 78
83 157
37 142
35 76
154 158
48 93
24 77
96 158
39 72
103 106
32 37
128 170
102 135
44 95
65 157
117 164
27 100
29 32
78 97
77 100
40 97
163 173
44 80
138 148
24 166
16 22
36 39
126 174
101 134
13 56
67 80
20 73
42 45
168 173
117 161
26 76
148 154
108 131
26 75
36 139
136 148
23 75
101 104
47 59
68 164
16 169
81 138
36 78
18 73
68 117
120 169
81 157
96 136
81 94
74 78
68 118
82 93
108 129
170 174
65 83
105 131
99 165
16 120
11 74
136 158
47 80
39 43
83 154
124 170
28 76
23 26
10 45
126 175
43 67
60 82
35 38
102 105
14 17
136 150
84 87
161 164
71 164
129 175
43 118
65 116
46 72
17 156
103 133
112 127
32 141
68 71
134 150
119 161
26 29
64 116
107 129
28 40
109 156
96 148
70 169
168 172
118 164
136 162
113 131
12 15
71 117
67 72
46 58
25 77
169 172
15 120
160 164
105 108
16 124
64 68
36 76
139 143
37 40
112 129
164 169
22 171
81 96
168 176
