166 77
146 138
144 140
172 22
162 79
141 41
137 100
147 135
141 40
145 137
36 32
147 137
93 44
158 150
75 70
20 14
72 11
75 25
153 65
33 30
96 79
95 40
74 39
149 135
139 32
62 13
154 150
135 103
70 25
151 133
37 34
145 139
73 14
159 131
82 48
78 39
127 114
18 14
78 40
46 42
77 27
149 133
44 40
146 140
138 96
141 37
42 11
137 102
170 126
141 95
157 153
75 20
27 24
166 162
158 148
156 113
148 94
133 105
152 132
42 38
131 104
36 33
162 158
118 64
121 15
162 101
146 96
78 28
157 83
142 37
76 35
158 154
93 48
77 24
158 96
72 39
106 103
37 32
170 128
135 102
95 44
157 65
164 117
100 27
32 29
97 78
100 77
97 40
173 163
80 44
148 138
166 24
22 16
39 36
174 126
