42 39
41 38
37 34
146 137
147 135
44 40
146 138
147 136
43 40
148 135
145 138
145 139
43 39
147 138
40 37
149 134
145 137
145 140
149 135
39 36
144 139
36 33
146 139
46 42
157 154
38 35
45 42
147 137
36 32
47 44
42 38
44 41
41 37
148 137
144 140
149 136
148 136
40 36
46 43
38 34
158 155
33 30
157 153
162 159
150 135
47 43
77 27
127 114
76 27
135 103
45 41
172 169
158 154
150 134
151 133
143 140
17 14
149 133
39 35
156 153
164 161
37 33
76 26
144 141
155 152
75 25
166 162
150 133
49 46
186 183
96 79
75 26
162 158
173 170
27 24
32 29
178 175
48 45
151 134
48 44
165 162
135 102
143 139
133 105
72 11
141 40
94 81
154 151
50 47
146 140
164 160
154 150
174 171
187 184
18 15
156 152
77 28
106 103
163 159
172 168
18 14
159 155
166 163
35 32
174 170
131 104
141 37
153 150
165 161
153 65
37 32
152 132
137 100
131 105
135 104
20 14
133 104
166 77
134 103
34 31
184 181
163 160
78 28
185 182
151 132
136 102
49 45
58 55
172 22
137 102
132 105
116 66
142 37
186 182
134 104
104 101
161 158
134 105
174 126
170 126
176 173
16 13
148 138
173 169
121 15
117 68
93 82
76 28
158 150
116 64
137 101
73 14
75 20
95 79
133 103
145 142
161 117
89 86
108 105
82 48
136 103
105 102
57 54
96 80
87 84
31 28
42 11
75 70
187 183
138 96
127 112
95 80
103 100
33 29
183 180
159 131
26 23
75 24
124 121
159 156
134 102
177 174
97 78
170 124
156 113
164 117
150 136
131 106
127 113
118 64
39 42
38 41
34 37
137 146
135 147
40 44
138 146
136 147
40 43
135 148
138 145
139 145
39 43
138 147
37 40
134 149
137 145
140 145
135 149
36 39
139 144
33 36
139 146
42 46
154 157
35 38
42 45
137 147
32 36
44 47
38 42
41 44
37 41
137 148
140 144
136 149
136 148
36 40
43 46
34 38
155 158
30 33
153 157
159 162
135 150
43 47
27 77
114 127
27 76
103 135
41 45
169 172
154 158
134 150
133 151
140 143
14 17
133 149
35 39
153 156
161 164
33 37
26 76
141 144
152 155
25 75
162 166
133 150
46 49
183 186
79 96
26 75
158 162
170 173
24 27
29 32
175 178
45 48
134 151
44 48
162 165
102 135
139 143
105 133
11 72
40 141
81 94
151 154
47 50
140 146
160 164
150 154
171 174
184 187
15 18
152 156
28 77
103 106
159 163
168 172
14 18
155 159
163 166
32 35
170 174
104 131
37 141
150 153
161 165
65 153
32 37
132 152
100 137
105 131
104 135
14 20
104 133
77 166
103 134
31 34
181 184
160 163
28 78
182 185
132 151
102 136
45 49
55 58
22 172
102 137
105 132
66 116
37 142
182 186
104 134
101 104
158 161
105 134
126 174
126 170
173 176
13 16
138 148
169 173
15 121
68 117
82 93
28 76
150 158
64 116
101 137
14 73
20 75
79 95
103 133
142 145
117 161
86 89
105 108
48 82
103 136
102 105
54 57
80 96
84 87
28 31
11 42
70 75
183 187
96 138
112 127
80 95
100 103
29 33
180 183
131 159
23 26
24 75
121 124
156 159
102 134
174 177
78 97
124 170
113 156
117 164
136 150
106 131
113 127
64 118
