65 61
111 29
108 70
76 70
77 4
106 68
79 4
93 83
110 67
95 79
75 6
112 63
64 26
62 26
109 29
27 24
98 74
77 6
97 79
107 97
93 81
113 94
110 65
136 132
124 119
91 84
107 95
125 69
28 20
103 98
109 64
127 88
13 10
89 86
75 8
96 29
110 95
27 12
78 32
96 78
118 58
112 91
80 32
120 56
28 9
39 35
114 89
112 93
106 98
112 83
33 30
114 91
51 47
38 8
94 33
108 98
128 119
95 81
129 87
35 5
39 3
47 44
107 67
125 118
113 62
134 131
20 9
94 80
27 23
35 8
61 65
29 111
70 108
70 76
4 77
68 106
4 79
83 93
67 110
79 95
6 75
63 112
26 64
26 62
29 109
24 27
74 98
6 77
79 97
97 107
81 93
94 113
65 110
132 136
119 124
84 91
95 107
69 125
20 28
98 103
64 109
88 127
10 13
86 89
8 75
29 96
95 110
12 27
32 78
78 96
58 118
91 112
32 80
56 120
9 28
35 39
89 114
93 112
98 106
83 112
30 33
91 114
47 51
8 38
33 94
98 108
119 128
81 95
87 129
5 35
3 39
44 47
67 107
118 125
62 113
131 134
9 20
80 94
23 27
8 35
