65 61
111 29
108 70
76 70
77 4
106 68
79 4
93 83
110 67
95 79
75 6
112 63
64 26
62 26
109 29
27 24
98 74
77 6
97 79
107 97
93 81
113 94
110 65
136 132
124 119
91 84
107 95
125 69
28 20
103 98
109 64
127 88
13 10
89 86
75 8
96 29
110 95
27 12
78 32
96 78
118 58
112 91
80 32
120 56
28 9
39 35
114 89
112 93
106 98
112 83
33 30
114 91
51 47
38 8
94 33
108 98
128 119
95 81
129 87
35 5
39 3
47 44
107 67
125 118
113 62
134 131
20 9
94 80
27 23
35 8
28 13
73 38
94 78
136 133
124 121
27 13
65 60
129 88
106 103
69 19
16 11
58 17
110 107
116 60
24 13
115 92
18 14
121 53
72 14
99 75
133 52
91 83
14 11
76 9
114 61
31 10
99 6
115 57
73 8
99 77
62 22
80 3
130 90
72 11
104 97
64 29
115 33
66 22
24 21
108 76
137 133
35 31
114 60
110 93
109 96
92 33
30 21
28 24
70 25
113 59
79 2
92 80
66 62
21 17
128 54
30 27
33 22
19 15
38 35
89 60
116 88
80 36
109 25
22 19
131 117
135 130
27 10
78 28
34 11
135 132
