72 11
35 32
114 89
49 46
50 46
20 14
72 14
29 25
102 99
110 94
13 10
74 8
90 84
14 10
75 8
135 85
37 33
115 59
131 117
112 93
78 29
30 26
112 62
25 20
91 83
118 55
57 34
126 118
97 77
90 83
111 93
107 96
53 50
136 133
72 12
31 28
77 7
50 47
79 4
134 131
26 23
128 119
94 29
48 45
96 78
128 117
55 49
25 22
120 49
116 57
79 3
116 90
130 86
115 57
126 119
78 28
137 42
33 29
128 116
113 91
48 44
107 67
130 89
75 7
73 9
51 43
129 88
74 9
95 80
13 9
76 70
28 24
117 54
55 45
41 38
94 78
119 53
76 8
71 19
92 36
80 33
40 3
108 76
105 98
109 65
54 51
52 48
137 133
56 48
20 13
111 62
56 45
103 100
42 38
54 48
105 99
130 116
32 29
30 27
99 77
57 33
127 89
69 20
89 60
72 10
70 19
111 64
34 31
109 66
137 134
128 88
113 62
77 4
48 43
80 4
59 30
32 7
114 61
131 128
115 60
106 99
78 4
96 25
125 119
108 68
71 18
82 36
113 94
111 65
111 29
127 117
33 30
39 36
97 79
62 26
64 26
116 89
92 83
35 3
92 80
14 9
114 92
112 91
94 33
98 74
137 40
103 99
17 14
124 121
108 96
98 77
90 85
104 99
127 118
80 35
118 58
74 71
81 2
135 130
80 2
119 49
24 13
134 37
113 93
110 64
21 13
28 25
76 7
119 54
93 83
18 15
42 37
51 47
116 58
71 9
109 96
115 90
44 38
66 25
120 53
95 78
106 100
36 3
71 20
93 81
19 14
115 33
54 49
91 84
108 67
117 57
96 28
40 37
80 5
124 120
36 32
106 68
130 88
129 87
111 26
94 80
38 34
107 95
117 88
125 58
31 7
89 86
51 48
76 28
39 35
108 97
58 55
98 75
56 49
109 67
69 19
14 11
52 49
109 64
72 13
49 45
78 5
38 35
125 118
53 48
111 94
110 67
130 87
114 62
27 24
32 3
111 63
137 37
90 86
118 54
66 22
62 59
18 14
111 25
73 8
110 107
31 5
91 86
19 15
108 69
39 3
137 41
113 59
70 9
96 76
108 98
110 93
35 31
91 82
134 130
106 97
54 45
128 54
20 15
27 23
92 33
115 58
80 32
72 9
107 68
70 20
75 6
108 66
130 117
47 43
80 36
93 82
41 37
80 3
106 98
20 9
90 82
112 94
114 60
110 65
64 25
104 100
115 89
127 88
128 118
85 82
28 7
74 70
48 42
47 44
112 63
109 25
97 76
112 64
130 90
114 59
37 34
136 132
71 14
131 54
99 75
94 32
79 2
127 116
76 6
29 26
134 42
127 60
98 76
113 61
113 33
131 52
55 48
40 36
34 30
98 70
130 85
78 32
35 5
125 121
105 100
114 91
78 6
24 20
96 77
53 49
57 37
125 120
77 5
134 117
21 15
32 28
126 121
112 83
125 55
118 56
95 79
116 88
31 27
113 92
114 90
24 21
108 70
118 57
93 80
112 92
135 132
36 33
110 96
81 36
77 6
92 81
21 14
123 120
117 56
76 9
107 97
110 95
26 22
78 7
92 82
75 9
113 29
115 92
105 97
119 55
94 79
24 9
81 3
32 5
116 60
126 120
135 131
120 55
11 72
32 35
89 114
46 49
46 50
14 20
14 72
25 29
99 102
94 110
10 13
8 74
84 90
10 14
8 75
85 135
33 37
59 115
117 131
93 112
29 78
26 30
62 112
20 25
83 91
55 118
34 57
118 126
77 97
83 90
93 111
96 107
50 53
133 136
12 72
28 31
7 77
47 50
4 79
131 134
23 26
119 128
29 94
45 48
78 96
117 128
49 55
22 25
49 120
57 116
3 79
90 116
86 130
57 115
119 126
28 78
42 137
29 33
116 128
91 113
44 48
67 107
89 130
7 75
9 73
43 51
88 129
9 74
80 95
9 13
70 76
24 28
54 117
45 55
38 41
78 94
53 119
8 76
19 71
36 92
33 80
3 40
76 108
98 105
65 109
51 54
48 52
133 137
48 56
13 20
62 111
45 56
100 103
38 42
48 54
99 105
116 130
29 32
27 30
77 99
33 57
89 127
20 69
60 89
10 72
19 70
64 111
31 34
66 109
134 137
88 128
62 113
4 77
43 48
4 80
30 59
7 32
61 114
128 131
60 115
99 106
4 78
25 96
119 125
68 108
18 71
36 82
94 113
65 111
29 111
117 127
30 33
36 39
79 97
26 62
26 64
89 116
83 92
3 35
80 92
9 14
92 114
91 112
33 94
74 98
40 137
99 103
14 17
121 124
96 108
77 98
85 90
99 104
118 127
35 80
58 118
71 74
2 81
130 135
2 80
49 119
13 24
37 134
93 113
64 110
13 21
25 28
7 76
54 119
83 93
15 18
37 42
47 51
58 116
9 71
96 109
90 115
38 44
25 66
53 120
78 95
100 106
3 36
20 71
81 93
14 19
33 115
49 54
84 91
67 108
57 117
28 96
37 40
5 80
120 124
32 36
68 106
88 130
87 129
26 111
80 94
34 38
95 107
88 117
58 125
7 31
86 89
48 51
28 76
35 39
97 108
55 58
75 98
49 56
67 109
19 69
11 14
49 52
64 109
13 72
45 49
5 78
35 38
118 125
48 53
94 111
67 110
87 130
62 114
24 27
3 32
63 111
37 137
86 90
54 118
22 66
59 62
14 18
25 111
8 73
107 110
5 31
86 91
15 19
69 108
3 39
41 137
59 113
9 70
76 96
98 108
93 110
31 35
82 91
130 134
97 106
45 54
54 128
15 20
23 27
33 92
58 115
32 80
9 72
68 107
20 70
6 75
66 108
117 130
43 47
36 80
82 93
37 41
3 80
98 106
9 20
82 90
94 112
60 114
65 110
25 64
100 104
89 115
88 127
118 128
82 85
7 28
70 74
42 48
44 47
63 112
25 109
76 97
64 112
90 130
59 114
34 37
132 136
14 71
54 131
75 99
32 94
2 79
116 127
6 76
26 29
42 134
60 127
76 98
61 113
33 113
52 131
48 55
36 40
30 34
70 98
85 130
32 78
5 35
121 125
100 105
91 114
6 78
20 24
77 96
49 53
37 57
120 125
5 77
117 134
15 21
28 32
121 126
83 112
55 125
56 118
79 95
88 116
27 31
92 113
90 114
21 24
70 108
57 118
80 93
92 112
132 135
33 36
96 110
36 81
6 77
81 92
14 21
120 123
56 117
9 76
97 107
95 110
22 26
7 78
82 92
9 75
29 113
92 115
97 105
55 119
79 94
9 24
3 81
5 32
60 116
120 126
131 135
55 120
