65 61
111 29
108 70
76 70
77 4
106 68
79 4
93 83
110 67
95 79
75 6
112 63
64 26
62 26
109 29
27 24
98 74
77 6
97 79
107 97
93 81
113 94
110 65
136 132
124 119
91 84
107 95
125 69
28 20
103 98
109 64
127 88
13 10
89 86
75 8
96 29
110 95
27 12
78 32
96 78
118 58
112 91
80 32
120 56
28 9
39 35
114 89
112 93
106 98
112 83
33 30
114 91
51 47
38 8
94 33
108 98
128 119
95 81
129 87
35 5
39 3
47 44
107 67
125 118
113 62
134 131
20 9
94 80
27 23
35 8
28 13
73 38
94 78
136 133
124 121
27 13
65 60
129 88
106 103
69 19
16 11
58 17
110 107
116 60
24 13
115 92
18 14
121 53
72 14
99 75
133 52
91 83
14 11
76 9
114 61
31 10
99 6
115 57
73 8
99 77
62 22
80 3
130 90
72 11
104 97
64 29
115 33
66 22
24 21
108 76
137 133
35 31
114 60
110 93
109 96
92 33
30 21
28 24
70 25
113 59
79 2
92 80
66 62
21 17
128 54
30 27
33 22
19 15
38 35
89 60
116 88
80 36
109 25
22 19
131 117
135 130
27 10
78 28
34 11
135 132
10 7
25 20
103 99
32 5
76 28
25 15
30 22
111 62
117 54
59 33
78 7
109 66
40 36
70 20
58 19
56 17
112 65
111 64
31 12
69 25
8 5
116 89
26 22
59 34
82 36
80 33
97 77
31 5
66 25
92 36
17 11
92 57
34 30
24 14
115 30
91 61
24 12
115 59
36 33
59 26
31 7
115 94
31 24
94 29
124 120
102 99
97 4
130 57
50 46
104 98
21 15
58 21
44 38
112 61
108 74
108 68
59 22
103 97
32 3
70 9
111 94
28 7
134 130
72 31
67 60
130 117
135 89
66 19
69 20
34 31
61 65
29 111
70 108
70 76
4 77
68 106
4 79
83 93
67 110
79 95
6 75
63 112
26 64
26 62
29 109
24 27
74 98
6 77
79 97
97 107
81 93
94 113
65 110
132 136
119 124
84 91
95 107
69 125
20 28
98 103
64 109
88 127
10 13
86 89
8 75
29 96
95 110
12 27
32 78
78 96
58 118
91 112
32 80
56 120
9 28
35 39
89 114
93 112
98 106
83 112
30 33
91 114
47 51
8 38
33 94
98 108
119 128
81 95
87 129
5 35
3 39
44 47
67 107
118 125
62 113
131 134
9 20
80 94
23 27
8 35
13 28
38 73
78 94
133 136
121 124
13 27
60 65
88 129
103 106
19 69
11 16
17 58
107 110
60 116
13 24
92 115
14 18
53 121
14 72
75 99
52 133
83 91
11 14
9 76
61 114
10 31
6 99
57 115
8 73
77 99
22 62
3 80
90 130
11 72
97 104
29 64
33 115
22 66
21 24
76 108
133 137
31 35
60 114
93 110
96 109
33 92
21 30
24 28
25 70
59 113
2 79
80 92
62 66
17 21
54 128
27 30
22 33
15 19
35 38
60 89
88 116
36 80
25 109
19 22
117 131
130 135
10 27
28 78
11 34
132 135
7 10
20 25
99 103
5 32
28 76
15 25
22 30
62 111
54 117
33 59
7 78
66 109
36 40
20 70
19 58
17 56
65 112
64 111
12 31
25 69
5 8
89 116
22 26
34 59
36 82
33 80
77 97
5 31
25 66
36 92
11 17
57 92
30 34
14 24
30 115
61 91
12 24
59 115
33 36
26 59
7 31
94 115
24 31
29 94
120 124
99 102
4 97
57 130
46 50
98 104
15 21
21 58
38 44
61 112
74 108
68 108
22 59
97 103
3 32
9 70
94 111
7 28
130 134
31 72
60 67
117 130
89 135
19 66
20 69
31 34
