136 133
95 79
93 81
135 132
27 24
110 65
75 8
77 4
136 132
75 6
112 63
134 131
94 79
112 93
137 133
97 79
112 91
62 26
94 80
137 134
79 4
65 61
109 29
106 68
95 81
77 6
135 131
114 91
38 35
34 31
110 67
64 26
76 70
110 95
114 89
110 64
77 5
111 93
76 6
33 30
28 20
107 97
78 5
49 46
26 23
110 93
93 80
78 4
108 70
75 7
96 78
134 130
103 98
47 44
35 31
39 35
92 81
93 83
124 119
97 77
35 32
111 64
76 7
120 56
111 29
112 92
27 12
109 64
113 91
94 78
111 94
124 121
118 58
114 90
51 47
108 98
113 62
98 74
113 94
28 9
111 63
107 95
38 8
125 69
127 88
50 47
91 83
112 62
112 83
73 8
106 98
28 24
13 10
113 92
94 33
27 13
89 86
36 33
28 25
95 78
48 45
125 118
14 11
79 2
27 23
92 82
129 87
91 84
28 13
107 67
114 61
79 3
40 37
96 29
109 65
92 80
80 3
25 22
34 30
26 22
69 19
110 107
78 32
99 75
133 52
110 94
99 77
39 36
18 14
129 88
24 21
114 60
65 60
115 92
20 9
79 5
72 14
74 8
37 34
111 62
98 75
102 99
30 27
116 60
40 36
128 119
106 103
76 9
73 38
66 62
37 33
35 5
58 17
106 67
96 79
19 15
80 32
96 77
50 46
65 62
51 48
39 3
38 34
99 6
16 11
121 53
64 61
94 81
36 32
109 66
115 59
72 11
103 99
106 97
17 14
135 130
111 65
78 6
115 90
35 8
90 84
27 10
18 15
115 57
125 119
89 85
95 80
107 98
108 97
97 78
112 94
49 45
24 13
25 21
113 93
107 96
78 7
24 20
29 26
28 10
92 33
109 96
76 8
98 77
113 59
114 59
114 92
124 120
116 58
96 76
133 136
79 95
81 93
132 135
24 27
65 110
8 75
4 77
132 136
6 75
63 112
131 134
79 94
93 112
133 137
79 97
91 112
26 62
80 94
134 137
4 79
61 65
29 109
68 106
81 95
6 77
131 135
91 114
35 38
31 34
67 110
26 64
70 76
95 110
89 114
64 110
5 77
93 111
6 76
30 33
20 28
97 107
5 78
46 49
23 26
93 110
80 93
4 78
70 108
7 75
78 96
130 134
98 103
44 47
31 35
35 39
81 92
83 93
119 124
77 97
32 35
64 111
7 76
56 120
29 111
92 112
12 27
64 109
91 113
78 94
94 111
121 124
58 118
90 114
47 51
98 108
62 113
74 98
94 113
9 28
63 111
95 107
8 38
69 125
88 127
47 50
83 91
62 112
83 112
8 73
98 106
24 28
10 13
92 113
33 94
13 27
86 89
33 36
25 28
78 95
45 48
118 125
11 14
2 79
23 27
82 92
87 129
84 91
13 28
67 107
61 114
3 79
37 40
29 96
65 109
80 92
3 80
22 25
30 34
22 26
19 69
107 110
32 78
75 99
52 133
94 110
77 99
36 39
14 18
88 129
21 24
60 114
60 65
92 115
9 20
5 79
14 72
8 74
34 37
62 111
75 98
99 102
27 30
60 116
36 40
119 128
103 106
9 76
38 73
62 66
33 37
5 35
17 58
67 106
79 96
15 19
32 80
77 96
46 50
62 65
48 51
3 39
34 38
6 99
11 16
53 121
61 64
81 94
32 36
66 109
59 115
11 72
99 103
97 106
14 17
130 135
65 111
6 78
90 115
8 35
84 90
10 27
15 18
57 115
119 125
85 89
80 95
98 107
97 108
78 97
94 112
45 49
13 24
21 25
93 113
96 107
7 78
20 24
26 29
10 28
33 92
96 109
8 76
77 98
59 113
59 114
92 114
120 124
58 116
76 96
