136 133
95 79
93 81
135 132
27 24
110 65
75 8
77 4
136 132
75 6
112 63
134 131
94 79
112 93
137 133
97 79
112 91
62 26
94 80
137 134
79 4
65 61
109 29
106 68
95 81
77 6
135 131
114 91
38 35
34 31
110 67
64 26
76 70
110 95
114 89
110 64
77 5
111 93
76 6
33 30
28 20
107 97
78 5
49 46
26 23
110 93
93 80
78 4
108 70
75 7
96 78
134 130
103 98
47 44
35 31
39 35
92 81
93 83
124 119
97 77
35 32
111 64
76 7
120 56
111 29
112 92
27 12
109 64
113 91
94 78
133 136
79 95
81 93
132 135
24 27
65 110
8 75
4 77
132 136
6 75
63 112
131 134
79 94
93 112
133 137
79 97
91 112
26 62
80 94
134 137
4 79
61 65
29 109
68 106
81 95
6 77
131 135
91 114
35 38
31 34
67 110
26 64
70 76
95 110
89 114
64 110
5 77
93 111
6 76
30 33
20 28
97 107
5 78
46 49
23 26
93 110
80 93
4 78
70 108
7 75
78 96
130 134
98 103
44 47
31 35
35 39
81 92
83 93
119 124
77 97
32 35
64 111
7 76
56 120
29 111
92 112
12 27
64 109
91 113
78 94
