136 133
135 132
136 132
95 79
137 134
134 131
27 24
75 6
94 79
93 81
110 65
111 63
112 93
96 79
94 80
77 4
95 80
135 131
111 93
137 133
77 5
112 63
94 81
75 7
76 6
114 91
77 6
78 4
110 64
93 80
93 82
35 32
96 78
79 4
26 23
49 46
76 8
114 92
75 8
112 92
95 78
78 5
34 31
33 30
89 86
111 64
79 5
78 6
113 91
38 35
114 90
28 25
25 22
112 91
113 93
97 78
76 7
50 47
79 3
134 130
36 33
91 83
112 94
91 84
112 62
94 78
107 97
51 47
47 44
124 119
27 12
14 11
77 7
39 36
110 95
28 24
39 35
110 66
113 62
51 48
48 45
97 77
13 10
24 21
74 8
111 65
27 23
109 64
115 91
103 98
92 81
113 92
27 13
35 31
106 98
107 98
113 63
111 94
110 94
110 93
40 37
124 121
95 81
96 77
114 89
65 61
40 36
26 22
111 95
93 83
92 80
106 68
92 82
114 61
99 75
34 30
97 79
18 15
80 3
28 13
118 58
102 99
80 4
37 34
125 118
90 84
106 103
106 97
112 64
90 86
98 77
124 120
92 83
125 119
17 14
114 60
103 99
109 65
127 88
115 90
133 136
132 135
132 136
79 95
134 137
131 134
24 27
6 75
79 94
81 93
65 110
63 111
93 112
79 96
80 94
4 77
80 95
131 135
93 111
133 137
5 77
63 112
81 94
7 75
6 76
91 114
6 77
4 78
64 110
80 93
82 93
32 35
78 96
4 79
23 26
46 49
8 76
92 114
8 75
92 112
78 95
5 78
31 34
30 33
86 89
64 111
5 79
6 78
91 113
35 38
90 114
25 28
22 25
91 112
93 113
78 97
7 76
47 50
3 79
130 134
33 36
83 91
94 112
84 91
62 112
78 94
97 107
47 51
44 47
119 124
12 27
11 14
7 77
36 39
95 110
24 28
35 39
66 110
62 113
48 51
45 48
77 97
10 13
21 24
8 74
65 111
23 27
64 109
91 115
98 103
81 92
92 113
13 27
31 35
98 106
98 107
63 113
94 111
94 110
93 110
37 40
121 124
81 95
77 96
89 114
61 65
36 40
22 26
95 111
83 93
80 92
68 106
82 92
61 114
75 99
30 34
79 97
15 18
3 80
13 28
58 118
99 102
4 80
34 37
118 125
84 90
103 106
97 106
64 112
86 90
77 98
120 124
83 92
119 125
14 17
60 114
99 103
65 109
88 127
90 115
