145 142
153 150
145 141
131 115
151 148
152 148
62 12
144 141
131 116
26 16
152 149
94 91
141 104
153 149
24 18
62 27
127 124
147 9
150 147
97 94
117 114
142 104
31 23
146 143
147 143
69 30
96 92
42 39
152 132
62 59
118 115
99 96
151 147
63 60
134 131
62 14
43 40
95 92
47 44
28 6
124 119
148 145
48 45
141 138
113 101
118 114
116 113
112 109
130 127
44 40
119 116
140 135
100 9
43 39
103 30
154 150
132 116
49 45
146 142
62 28
143 140
49 46
66 28
44 41
154 151
28 7
144 140
140 137
138 133
96 93
113 110
46 43
28 12
100 97
100 96
128 125
148 141
152 97
24 16
159 156
61 58
45 41
121 88
64 61
63 3
63 7
141 31
48 44
45 42
76 73
114 111
25 16
88 85
98 95
89 86
150 146
99 95
113 109
65 57
34 31
68 65
147 144
77 73
142 138
139 136
67 64
142 139
62 58
31 25
56 15
66 3
79 75
129 126
140 31
155 152
122 119
157 96
31 21
64 60
141 137
74 71
47 43
136 131
98 94
42 38
78 75
149 146
57 14
74 70
75 72
140 104
104 10
77 74
121 118
85 82
68 64
138 135
52 49
110 102
63 59
65 61
103 69
24 17
12 9
105 101
46 42
136 133
73 70
94 90
55 16
127 119
125 120
140 136
73 69
57 27
140 113
117 113
143 139
148 142
84 81
62 6
87 84
98 73
76 72
135 132
70 33
69 66
65 62
119 115
41 38
97 93
101 98
126 122
135 131
135 113
65 56
48 40
103 100
148 97
66 63
105 102
120 117
22 19
123 120
121 89
35 32
136 132
100 95
139 135
104 21
147 11
135 105
53 50
129 20
145 140
95 91
79 76
125 118
90 87
111 108
68 30
159 155
86 83
31 24
123 119
32 29
22 18
59 12
123 60
134 116
89 85
55 15
26 14
147 94
11 8
127 122
10 7
23 18
124 120
47 40
123 118
145 138
72 69
50 47
50 46
62 57
154 105
149 138
121 90
61 5
100 94
131 117
121 114
125 119
61 57
147 142
122 118
51 48
57 26
126 121
104 100
29 26
130 126
142 145
150 153
141 145
115 131
148 151
148 152
12 62
141 144
116 131
16 26
149 152
91 94
104 141
149 153
18 24
27 62
124 127
9 147
147 150
94 97
114 117
104 142
23 31
143 146
143 147
30 69
92 96
39 42
132 152
59 62
115 118
96 99
147 151
60 63
131 134
14 62
40 43
92 95
44 47
6 28
119 124
145 148
45 48
138 141
101 113
114 118
113 116
109 112
127 130
40 44
116 119
135 140
9 100
39 43
30 103
150 154
116 132
45 49
142 146
28 62
140 143
46 49
28 66
41 44
151 154
7 28
140 144
137 140
133 138
93 96
110 113
43 46
12 28
97 100
96 100
125 128
141 148
97 152
16 24
156 159
58 61
41 45
88 121
61 64
3 63
7 63
31 141
44 48
42 45
73 76
111 114
16 25
85 88
95 98
86 89
146 150
95 99
109 113
57 65
31 34
65 68
144 147
73 77
138 142
136 139
64 67
139 142
58 62
25 31
15 56
3 66
75 79
126 129
31 140
152 155
119 122
96 157
21 31
60 64
137 141
71 74
43 47
131 136
94 98
38 42
75 78
146 149
14 57
70 74
72 75
104 140
10 104
74 77
118 121
82 85
64 68
135 138
49 52
102 110
59 63
61 65
69 103
17 24
9 12
101 105
42 46
133 136
70 73
90 94
16 55
119 127
120 125
136 140
69 73
27 57
113 140
113 117
139 143
142 148
81 84
6 62
84 87
73 98
72 76
132 135
33 70
66 69
62 65
115 119
38 41
93 97
98 101
122 126
131 135
113 135
56 65
40 48
100 103
97 148
63 66
102 105
117 120
19 22
120 123
89 121
32 35
132 136
95 100
135 139
21 104
11 147
105 135
50 53
20 129
140 145
91 95
76 79
118 125
87 90
108 111
30 68
155 159
83 86
24 31
119 123
29 32
18 22
12 59
60 123
116 134
85 89
15 55
14 26
94 147
8 11
122 127
7 10
18 23
120 124
40 47
118 123
138 145
69 72
47 50
46 50
57 62
105 154
138 149
90 121
5 61
94 100
117 131
114 121
119 125
57 61
142 147
118 122
48 51
26 57
121 126
100 104
26 29
126 130
