141 104
127 124
131 115
69 30
142 104
131 116
62 12
31 23
147 143
96 92
147 9
152 132
148 145
26 16
24 18
62 27
66 28
103 30
62 14
124 119
100 9
110 102
134 131
62 28
138 133
140 135
94 91
28 6
28 12
28 7
113 101
63 3
148 97
157 96
65 57
103 69
63 7
148 141
152 97
119 116
62 59
127 119
98 73
100 96
104 10
140 113
98 62
66 3
31 21
132 116
141 31
145 141
104 21
149 138
57 27
129 20
153 150
31 25
55 16
135 113
139 136
59 12
118 115
99 27
79 75
100 87
148 100
123 60
143 123
121 88
135 105
65 56
70 33
65 61
46 42
148 142
113 109
121 114
145 138
105 101
34 31
65 26
147 94
121 90
62 57
126 122
136 73
154 105
103 19
138 94
140 101
103 9
103 73
146 133
98 32
48 40
25 21
120 58
61 51
121 89
140 116
146 59
132 97
148 104
47 44
155 117
136 131
118 72
105 66
56 15
94 77
57 26
100 19
71 4
140 104
133 124
80 2
61 58
146 120
153 149
64 33
151 147
145 140
62 6
135 101
95 62
107 7
130 108
149 133
131 119
48 45
79 58
43 39
126 70
121 75
147 11
90 65
32 23
99 70
70 32
65 48
131 127
12 7
73 69
74 70
125 120
57 14
145 142
73 63
122 64
159 156
122 118
142 137
151 104
145 100
152 148
121 118
45 41
123 78
117 105
142 135
47 40
100 5
143 89
24 16
79 8
141 135
148 30
35 32
142 138
112 16
100 94
140 105
82 39
134 66
109 6
68 8
138 110
56 34
153 129
105 24
151 84
96 77
107 76
149 19
101 95
54 51
107 102
140 137
68 64
128 125
125 117
153 60
132 94
129 122
155 131
101 32
48 44
99 74
60 57
86 77
112 74
85 82
133 79
97 94
84 77
151 148
122 76
124 75
124 60
110 15
95 77
45 28
64 15
112 109
138 135
36 9
61 5
103 34
100 11
44 41
103 56
144 141
132 101
65 58
64 60
57 32
156 118
155 94
114 76
126 59
153 93
30 26
140 31
131 5
139 133
26 7
159 42
24 12
127 121
125 118
61 4
96 5
104 141
124 127
115 131
30 69
104 142
116 131
12 62
23 31
143 147
92 96
9 147
132 152
145 148
16 26
18 24
27 62
28 66
30 103
14 62
119 124
9 100
102 110
131 134
28 62
133 138
135 140
91 94
6 28
12 28
7 28
101 113
3 63
97 148
96 157
57 65
69 103
7 63
141 148
97 152
116 119
59 62
119 127
73 98
96 100
10 104
113 140
62 98
3 66
21 31
116 132
31 141
141 145
21 104
138 149
27 57
20 129
150 153
25 31
16 55
113 135
136 139
12 59
115 118
27 99
75 79
87 100
100 148
60 123
123 143
88 121
105 135
56 65
33 70
61 65
42 46
142 148
109 113
114 121
138 145
101 105
31 34
26 65
94 147
90 121
57 62
122 126
73 136
105 154
19 103
94 138
101 140
9 103
73 103
133 146
32 98
40 48
21 25
58 120
51 61
89 121
116 140
59 146
97 132
104 148
44 47
117 155
131 136
72 118
66 105
15 56
77 94
26 57
19 100
4 71
104 140
124 133
2 80
58 61
120 146
149 153
33 64
147 151
140 145
6 62
101 135
62 95
7 107
108 130
133 149
119 131
45 48
58 79
39 43
70 126
75 121
11 147
65 90
23 32
70 99
32 70
48 65
127 131
7 12
69 73
70 74
120 125
14 57
142 145
63 73
64 122
156 159
118 122
137 142
104 151
100 145
148 152
118 121
41 45
78 123
105 117
135 142
40 47
5 100
89 143
16 24
8 79
135 141
30 148
32 35
138 142
16 112
94 100
105 140
39 82
66 134
6 109
8 68
110 138
34 56
129 153
24 105
84 151
77 96
76 107
19 149
95 101
51 54
102 107
137 140
64 68
125 128
117 125
60 153
94 132
122 129
131 155
32 101
44 48
74 99
57 60
77 86
74 112
82 85
79 133
94 97
77 84
148 151
76 122
75 124
60 124
15 110
77 95
28 45
15 64
109 112
135 138
9 36
5 61
34 103
11 100
41 44
56 103
141 144
101 132
58 65
60 64
32 57
118 156
94 155
76 114
59 126
93 153
26 30
31 140
5 131
133 139
7 26
42 159
12 24
121 127
118 125
4 61
5 96
