156 93
155 97
110 106
89 86
44 40
44 33
149 97
131 119
113 101
153 129
132 116
148 100
86 82
144 104
149 145
144 9
138 135
105 101
67 64
84 77
103 69
139 136
85 81
71 67
28 11
151 147
146 138
41 33
40 37
43 40
83 78
11 8
150 146
155 91
109 106
151 93
66 7
65 61
129 125
57 45
69 65
94 91
31 23
98 86
8 4
34 31
70 2
127 119
96 5
27 14
80 76
65 48
99 96
69 28
66 29
137 109
130 127
151 97
125 119
25 16
97 93
57 27
110 105
119 115
25 19
32 26
96 2
149 138
110 102
133 130
114 111
120 117
154 151
148 144
74 71
103 99
149 132
96 92
62 28
70 67
154 93
142 138
98 94
153 149
37 33
159 151
99 74
27 12
155 93
42 38
30 26
107 76
103 6
152 94
150 129
56 15
140 137
65 30
158 150
61 57
87 83
17 13
110 83
152 97
153 128
140 136
23 19
151 94
98 83
145 138
145 140
75 72
33 24
27 10
90 87
118 115
25 13
32 16
102 99
115 112
99 70
153 150
30 25
52 46
128 119
83 80
128 117
48 45
57 49
45 26
65 28
95 91
63 59
134 131
159 146
151 148
104 9
138 133
131 115
56 53
128 124
41 35
159 156
29 25
71 68
9 5
83 77
49 46
62 30
45 41
141 137
31 24
26 15
50 47
57 14
73 70
121 117
98 77
22 19
44 41
44 32
96 93
128 116
68 64
66 6
142 139
48 44
56 16
110 101
98 95
62 57
103 70
133 129
66 28
146 143
55 16
138 132
145 142
28 13
53 46
84 79
107 102
45 32
102 73
125 120
104 10
129 126
111 107
137 101
75 71
100 6
99 77
159 148
121 89
128 125
98 87
127 124
147 144
57 53
10 6
41 37
61 58
134 130
149 133
45 42
156 151
41 32
100 2
48 32
89 85
29 26
99 95
137 105
12 7
149 129
11 7
119 116
123 120
7 3
70 6
151 100
47 43
27 13
102 74
23 18
26 14
145 132
74 70
99 73
28 7
85 82
64 60
9 6
155 151
26 13
152 128
154 150
8 5
100 9
97 94
99 2
38 16
135 113
152 132
58 14
24 18
100 96
24 19
66 62
53 42
147 143
95 92
72 68
41 16
105 102
87 78
31 19
62 13
107 80
46 42
65 27
55 15
102 77
104 101
124 120
87 77
99 6
26 17
117 113
121 118
62 26
103 73
76 72
84 81
148 9
88 85
50 46
25 17
24 16
34 23
40 24
98 90
86 83
40 35
141 138
151 96
41 24
131 127
152 98
59 12
22 18
145 135
151 5
69 29
79 75
157 151
26 16
65 49
33 23
124 119
32 24
78 74
77 73
72 69
70 3
158 154
131 128
106 73
28 12
62 14
120 94
95 87
153 126
159 150
101 97
63 28
145 133
10 7
78 75
45 16
95 90
64 61
152 149
157 93
122 119
6 2
100 5
113 110
68 65
24 17
141 20
121 86
120 116
87 84
116 113
94 90
102 76
84 80
31 25
55 45
70 66
118 114
117 83
65 26
155 94
66 3
54 42
73 69
80 77
29 13
132 113
110 107
53 49
132 128
51 46
25 18
43 39
29 10
62 12
59 14
109 105
49 45
76 73
65 62
84 78
145 137
155 152
149 146
32 25
30 27
35 24
122 118
146 133
67 63
148 145
38 24
139 135
90 86
65 57
48 30
42 16
42 39
130 126
56 14
146 142
66 63
106 103
150 147
62 27
138 134
157 5
153 125
148 97
57 26
5 2
117 114
7 4
112 109
145 141
62 59
40 33
32 23
61 49
132 129
6 3
66 30
79 76
27 11
137 104
106 102
159 147
62 58
114 82
77 74
47 44
100 97
111 108
135 132
104 100
152 129
88 84
66 27
46 43
148 101
28 10
63 60
117 86
53 45
147 9
102 98
103 100
152 120
29 6
152 148
95 2
140 20
69 66
128 120
55 42
131 116
137 132
55 26
83 76
28 6
29 11
144 141
44 24
101 98
41 38
69 30
