141 104
127 124
131 115
69 30
142 104
131 116
62 12
31 23
147 143
96 92
147 9
152 132
148 145
26 16
24 18
62 27
66 28
103 30
62 14
124 119
100 9
110 102
134 131
62 28
138 133
140 135
94 91
28 6
28 12
28 7
113 101
63 3
148 97
157 96
65 57
103 69
63 7
148 141
152 97
119 116
62 59
127 119
98 73
100 96
104 10
140 113
98 62
66 3
31 21
132 116
141 31
145 141
104 21
149 138
57 27
129 20
153 150
31 25
55 16
135 113
139 136
59 12
118 115
99 27
79 75
100 87
148 100
123 60
143 123
121 88
135 105
65 56
70 33
65 61
46 42
148 142
113 109
121 114
145 138
105 101
34 31
65 26
147 94
121 90
62 57
126 122
136 73
154 105
103 19
138 94
140 101
103 9
103 73
146 133
98 32
48 40
25 21
120 58
61 51
121 89
140 116
146 59
132 97
148 104
47 44
155 117
136 131
118 72
105 66
56 15
94 77
57 26
100 19
71 4
140 104
133 124
80 2
61 58
146 120
153 149
64 33
151 147
145 140
62 6
135 101
95 62
107 7
130 108
149 133
131 119
48 45
79 58
43 39
126 70
121 75
147 11
90 65
32 23
99 70
70 32
65 48
131 127
12 7
73 69
74 70
125 120
57 14
145 142
73 63
122 64
159 156
122 118
142 137
151 104
145 100
152 148
121 118
45 41
123 78
117 105
142 135
47 40
