141 104
127 124
131 115
69 30
142 104
131 116
62 12
31 23
147 143
96 92
147 9
152 132
148 145
26 16
24 18
62 27
66 28
103 30
62 14
124 119
100 9
110 102
134 131
62 28
138 133
140 135
94 91
28 6
28 12
28 7
113 101
63 3
148 97
157 96
65 57
103 69
63 7
148 141
152 97
119 116
62 59
127 119
98 73
100 96
104 10
140 113
98 62
66 3
31 21
132 116
141 31
145 141
104 21
149 138
57 27
129 20
153 150
31 25
55 16
135 113
139 136
59 12
118 115
99 27
79 75
100 87
148 100
123 60
143 123
121 88
135 105
65 56
70 33
65 61
46 42
148 142
113 109
121 114
145 138
105 101
34 31
104 141
124 127
115 131
30 69
104 142
116 131
12 62
23 31
143 147
92 96
9 147
132 152
145 148
16 26
18 24
27 62
28 66
30 103
14 62
119 124
9 100
102 110
131 134
28 62
133 138
135 140
91 94
6 28
12 28
7 28
101 113
3 63
97 148
96 157
57 65
69 103
7 63
141 148
97 152
116 119
59 62
119 127
73 98
96 100
10 104
113 140
62 98
3 66
21 31
116 132
31 141
141 145
21 104
138 149
27 57
20 129
150 153
25 31
16 55
113 135
136 139
12 59
115 118
27 99
75 79
87 100
100 148
60 123
123 143
88 121
105 135
56 65
33 70
61 65
42 46
142 148
109 113
114 121
138 145
101 105
31 34
