145 142
153 150
145 141
131 115
151 148
152 148
62 12
144 141
131 116
26 16
152 149
94 91
141 104
153 149
24 18
62 27
127 124
147 9
150 147
97 94
117 114
142 104
31 23
146 143
147 143
69 30
96 92
42 39
152 132
62 59
118 115
99 96
151 147
63 60
134 131
62 14
43 40
95 92
47 44
28 6
124 119
148 145
48 45
141 138
113 101
118 114
116 113
112 109
130 127
44 40
119 116
140 135
100 9
43 39
103 30
154 150
132 116
49 45
146 142
62 28
143 140
49 46
66 28
44 41
154 151
28 7
144 140
140 137
138 133
96 93
113 110
46 43
28 12
100 97
100 96
128 125
148 141
152 97
24 16
159 156
61 58
142 145
150 153
141 145
115 131
148 151
148 152
12 62
141 144
116 131
16 26
149 152
91 94
104 141
149 153
18 24
27 62
124 127
9 147
147 150
94 97
114 117
104 142
23 31
143 146
143 147
30 69
92 96
39 42
132 152
59 62
115 118
96 99
147 151
60 63
131 134
14 62
40 43
92 95
44 47
6 28
119 124
145 148
45 48
138 141
101 113
114 118
113 116
109 112
127 130
40 44
116 119
135 140
9 100
39 43
30 103
150 154
116 132
45 49
142 146
28 62
140 143
46 49
28 66
41 44
151 154
7 28
140 144
137 140
133 138
93 96
110 113
43 46
12 28
97 100
96 100
125 128
141 148
97 152
16 24
156 159
58 61
