77 62
116 81
12 9
78 63
101 30
124 43
113 110
109 105
53 22
100 30
127 46
32 22
91 87
65 20
29 3
127 123
65 19
93 89
117 83
17 13
75 70
77 65
61 24
16 13
60 54
49 36
129 125
65 42
31 26
110 106
121 115
53 50
30 2
9 5
97 25
114 77
94 60
13 10
49 19
76 64
121 116
44 39
61 23
123 46
75 65
107 103
52 49
60 55
111 66
126 121
63 23
127 114
53 49
77 64
110 107
94 61
13 9
121 114
15 12
90 59
104 100
100 97
81 61
87 57
38 18
112 78
122 114
31 3
113 80
111 75
10 7
79 64
81 54
105 2
49 20
90 82
123 119
96 92
44 40
130 114
96 93
122 116
112 77
74 66
35 32
50 20
94 59
28 25
127 124
62 53
116 79
16 12
48 44
44 41
35 22
60 53
93 59
76 66
15 11
95 82
60 22
130 112
75 66
51 48
101 97
110 102
109 73
35 21
94 80
104 6
64 50
46 42
38 16
130 127
111 76
102 78
53 34
129 126
109 76
77 66
34 22
38 19
81 62
65 18
104 7
76 65
63 22
91 88
105 10
32 9
74 67
74 14
39 36
110 78
104 2
90 58
81 59
93 90
123 47
118 83
45 36
9 6
30 3
117 82
36 20
11 7
10 6
14 11
119 51
78 62
17 12
91 86
109 72
32 21
125 120
35 18
67 42
103 100
39 19
92 89
94 91
121 118
8 4
110 77
62 50
126 123
36 18
113 78
97 94
124 46
110 105
65 13
73 70
105 63
45 41
49 46
93 25
45 39
14 10
33 23
83 54
50 46
123 51
119 54
62 21
76 14
128 125
86 83
114 79
101 61
104 10
10 2
62 22
21 9
105 102
122 54
98 94
102 99
7 2
126 122
102 98
91 82
58 55
105 78
49 45
104 30
45 40
73 69
86 59
60 24
86 58
74 16
113 77
66 42
124 47
31 6
64 19
94 90
62 23
98 80
127 112
30 25
124 50
111 70
64 20
83 57
101 23
6 2
116 82
62 20
83 56
67 41
79 63
115 80
21 10
79 61
79 62
83 59
86 82
21 13
105 101
115 79
128 124
81 60
45 38
31 23
103 99
118 84
122 50
97 93
121 117
122 115
98 61
33 22
74 65
82 59
35 9
83 55
79 50
83 58
111 77
50 47
117 84
109 70
32 23
95 91
51 47
94 25
62 54
86 57
123 50
109 106
127 122
63 20
115 82
73 14
23 6
78 61
63 13
29 26
100 2
65 14
113 102
64 42
45 42
7 3
12 8
98 95
80 61
53 20
30 24
63 21
123 120
35 13
108 72
64 46
92 88
127 77
110 76
8 5
104 101
18 9
52 48
76 63
111 68
61 22
109 14
95 92
107 102
105 76
126 120
65 38
36 19
37 19
116 80
37 18
11 8
45 19
75 69
18 12
48 45
85 57
74 69
91 59
114 80
85 56
95 80
108 70
122 62
109 74
122 119
7 4
35 20
90 86
122 81
90 87
106 102
122 79
30 6
97 30
101 2
60 23
54 51
106 103
101 98
101 78
29 25
54 50
110 75
77 63
74 68
31 25
34 20
130 126
33 24
30 23
109 75
31 24
65 16
42 19
6 3
21 18
34 21
37 17
114 78
126 114
64 49
94 82
45 20
32 6
75 68
18 13
46 43
