97 30
49 46
98 78
29 3
33 22
104 7
113 102
121 117
85 57
11 7
51 47
60 33
105 10
78 61
12 9
28 24
127 46
76 13
119 56
52 34
93 84
25 19
99 96
90 58
122 116
113 98
87 57
48 45
128 124
90 87
56 47
98 82
21 6
75 18
62 49
106 11
68 55
96 92
27 23
111 75
100 97
117 93
116 105
62 54
37 31
103 5
8 4
104 29
103 100
96 89
121 93
86 59
8 5
72 67
109 75
25 21
107 81
48 40
90 86
91 84
96 93
62 36
76 65
57 47
103 99
94 23
30 97
46 49
78 98
3 29
22 33
7 104
102 113
117 121
57 85
7 11
47 51
33 60
10 105
61 78
9 12
24 28
46 127
13 76
56 119
34 52
84 93
19 25
96 99
58 90
116 122
98 113
57 87
45 48
124 128
87 90
47 56
82 98
6 21
18 75
49 62
11 106
55 68
92 96
23 27
75 111
97 100
93 117
105 116
54 62
31 37
5 103
4 8
29 104
100 103
89 96
93 121
59 86
5 8
67 72
75 109
21 25
81 107
40 48
86 90
84 91
93 96
36 62
65 76
47 57
99 103
23 94
