12 9
13 9
13 10
11 8
10 7
12 8
100 97
14 11
102 99
50 47
101 98
11 7
49 46
9 6
51 48
121 118
28 25
129 126
130 127
14 10
103 100
101 97
10 6
90 87
27 24
121 117
130 126
96 93
99 96
8 5
28 24
48 45
15 12
51 47
102 98
91 88
128 125
26 23
27 23
103 99
100 96
97 94
92 89
8 4
127 124
95 92
29 26
129 125
122 117
98 95
40 37
58 55
90 86
25 22
128 124
39 36
7 4
104 101
120 117
92 88
52 49
96 92
50 46
93 90
97 93
33 22
15 11
25 21
122 119
122 116
24 21
43 40
52 48
29 25
41 38
6 3
116 113
89 86
126 123
85 57
16 13
98 82
22 19
49 45
42 39
99 95
105 10
9 5
98 78
37 34
25 19
86 83
46 43
98 94
41 37
16 12
25 20
91 87
97 30
93 84
92 84
91 86
93 89
123 120
104 7
40 36
73 70
122 118
47 44
104 100
88 85
68 55
119 116
97 82
121 116
30 27
72 69
29 3
117 114
97 83
118 115
26 22
113 80
23 20
94 91
96 89
31 22
112 109
94 90
53 50
35 32
53 49
7 3
9 12
9 13
10 13
8 11
7 10
8 12
97 100
11 14
99 102
47 50
98 101
7 11
46 49
6 9
48 51
118 121
25 28
126 129
127 130
10 14
100 103
97 101
6 10
87 90
24 27
117 121
126 130
93 96
96 99
5 8
24 28
45 48
12 15
47 51
98 102
88 91
125 128
23 26
23 27
99 103
96 100
94 97
89 92
4 8
124 127
92 95
26 29
125 129
117 122
95 98
37 40
55 58
86 90
22 25
124 128
36 39
4 7
101 104
117 120
88 92
49 52
92 96
46 50
90 93
93 97
22 33
11 15
21 25
119 122
116 122
21 24
40 43
48 52
25 29
38 41
3 6
113 116
86 89
123 126
57 85
13 16
82 98
19 22
45 49
39 42
95 99
10 105
5 9
78 98
34 37
19 25
83 86
43 46
94 98
37 41
12 16
20 25
87 91
30 97
84 93
84 92
86 91
89 93
120 123
7 104
36 40
70 73
118 122
44 47
100 104
85 88
55 68
116 119
82 97
116 121
27 30
69 72
3 29
114 117
83 97
115 118
22 26
80 113
20 23
91 94
89 96
22 31
109 112
90 94
50 53
32 35
49 53
3 7
