12 9
11 8
13 10
12 8
13 9
49 46
101 98
14 11
100 97
102 99
50 47
11 7
29 3
51 47
10 7
51 48
121 117
14 10
9 6
10 6
103 100
130 127
97 30
98 78
101 97
28 25
121 118
33 22
27 24
102 98
8 5
90 87
85 57
130 126
48 45
99 96
129 126
28 24
96 93
100 96
98 95
91 88
27 23
113 102
104 7
103 99
96 92
8 4
122 119
104 101
127 124
128 124
105 10
92 88
92 89
50 46
129 125
58 55
15 11
122 116
128 125
16 13
98 82
15 12
25 19
25 21
9 12
8 11
10 13
8 12
9 13
46 49
98 101
11 14
97 100
99 102
47 50
7 11
3 29
47 51
7 10
48 51
117 121
10 14
6 9
6 10
100 103
127 130
30 97
78 98
97 101
25 28
118 121
22 33
24 27
98 102
5 8
87 90
57 85
126 130
45 48
96 99
126 129
24 28
93 96
96 100
95 98
88 91
23 27
102 113
7 104
99 103
92 96
4 8
119 122
101 104
124 127
124 128
10 105
88 92
89 92
46 50
125 129
55 58
11 15
116 122
125 128
13 16
82 98
12 15
19 25
21 25
