97 30
49 46
98 78
29 3
33 22
104 7
113 102
121 117
85 57
11 7
51 47
60 33
105 10
78 61
12 9
28 24
127 46
76 13
119 56
52 34
93 84
25 19
99 96
90 58
122 116
113 98
87 57
48 45
128 124
90 87
56 47
98 82
21 6
75 18
62 49
106 11
68 55
96 92
27 23
111 75
100 97
117 93
116 105
62 54
37 31
103 5
8 4
104 29
103 100
96 89
121 93
86 59
8 5
72 67
109 75
25 21
107 81
48 40
90 86
91 84
96 93
62 36
76 65
57 47
103 99
94 23
113 99
37 25
130 127
91 81
117 113
114 102
79 41
102 99
63 18
95 2
124 45
113 80
58 55
116 113
114 93
78 64
53 40
71 36
79 46
12 8
113 82
100 61
121 38
100 30
122 79
117 80
100 96
79 51
65 46
86 83
124 66
102 81
60 20
99 30
73 69
50 26
121 66
97 93
93 89
95 88
59 16
89 83
72 49
96 84
122 5
101 33
92 88
121 113
97 83
29 24
65 6
31 5
105 87
121 118
68 54
87 4
27 4
123 96
43 33
129 61
80 23
85 79
94 61
101 8
91 76
92 83
13 6
118 84
120 47
13 9
71 15
117 86
18 13
54 10
113 106
49 32
45 35
99 65
89 2
99 3
127 79
101 97
86 26
28 25
47 34
103 71
69 19
109 33
95 92
127 27
85 56
64 17
21 18
130 126
129 45
72 59
75 36
94 80
115 91
31 22
57 3
98 13
90 9
97 92
125 43
46 30
115 98
126 123
79 15
122 86
75 62
62 59
59 23
101 6
24 21
26 23
14 10
91 30
83 76
60 22
88 85
120 84
125 114
119 79
123 117
92 31
89 74
114 47
47 43
32 9
45 5
121 75
8 3
30 97
46 49
78 98
3 29
22 33
7 104
102 113
117 121
57 85
7 11
47 51
33 60
10 105
61 78
9 12
24 28
46 127
13 76
56 119
34 52
84 93
19 25
96 99
58 90
116 122
98 113
57 87
45 48
124 128
87 90
47 56
82 98
6 21
18 75
49 62
11 106
55 68
92 96
23 27
75 111
97 100
93 117
105 116
54 62
31 37
5 103
4 8
29 104
100 103
89 96
93 121
59 86
5 8
67 72
75 109
21 25
81 107
40 48
86 90
84 91
93 96
36 62
65 76
47 57
99 103
23 94
99 113
25 37
127 130
81 91
113 117
102 114
41 79
99 102
18 63
2 95
45 124
80 113
55 58
113 116
93 114
64 78
40 53
36 71
46 79
8 12
82 113
61 100
38 121
30 100
79 122
80 117
96 100
51 79
46 65
83 86
66 124
81 102
20 60
30 99
69 73
26 50
66 121
93 97
89 93
88 95
16 59
83 89
49 72
84 96
5 122
33 101
88 92
113 121
83 97
24 29
6 65
5 31
87 105
118 121
54 68
4 87
4 27
96 123
33 43
61 129
23 80
79 85
61 94
8 101
76 91
83 92
6 13
84 118
47 120
9 13
15 71
86 117
13 18
10 54
106 113
32 49
35 45
65 99
2 89
3 99
79 127
97 101
26 86
25 28
34 47
71 103
19 69
33 109
92 95
27 127
56 85
17 64
18 21
126 130
45 129
59 72
36 75
80 94
91 115
22 31
3 57
13 98
9 90
92 97
43 125
30 46
98 115
123 126
15 79
86 122
62 75
59 62
23 59
6 101
21 24
23 26
10 14
30 91
76 83
22 60
85 88
84 120
114 125
79 119
117 123
31 92
74 89
47 114
43 47
9 32
5 45
75 121
3 8
