97 30
49 46
98 78
29 3
33 22
104 7
113 102
121 117
85 57
11 7
51 47
60 33
105 10
78 61
12 9
28 24
127 46
76 13
119 56
52 34
93 84
25 19
99 96
90 58
122 116
113 98
87 57
48 45
128 124
90 87
56 47
98 82
21 6
75 18
62 49
106 11
68 55
96 92
27 23
111 75
100 97
117 93
116 105
62 54
37 31
103 5
8 4
104 29
103 100
96 89
121 93
86 59
8 5
72 67
109 75
25 21
107 81
48 40
90 86
91 84
96 93
62 36
76 65
57 47
103 99
94 23
113 99
37 25
130 127
91 81
117 113
114 102
79 41
102 99
63 18
95 2
124 45
113 80
58 55
116 113
114 93
78 64
53 40
71 36
79 46
12 8
113 82
100 61
121 38
100 30
122 79
117 80
100 96
79 51
65 46
86 83
124 66
102 81
60 20
99 30
73 69
50 26
121 66
97 93
93 89
95 88
59 16
89 83
72 49
96 84
122 5
101 33
92 88
121 113
97 83
29 24
65 6
31 5
105 87
121 118
68 54
87 4
27 4
123 96
43 33
129 61
80 23
85 79
94 61
101 8
91 76
92 83
13 6
