56 53
58 55
53 50
54 51
57 53
44 34
57 54
58 54
54 15
55 52
55 51
30 23
33 19
56 52
53 49
54 12
48 45
46 32
34 18
54 50
30 5
45 7
45 5
41 35
35 17
28 23
21 18
29 23
51 18
30 22
58 17
46 5
52 49
57 47
41 25
15 12
28 25
34 17
51 48
32 19
16 13
31 21
32 20
51 32
27 24
34 19
33 18
14 11
58 18
40 36
29 3
28 24
15 11
13 9
53 12
31 22
56 35
17 14
49 46
29 21
11 8
42 36
31 19
57 15
31 18
13 10
30 21
21 17
12 9
29 5
31 20
35 19
32 22
43 34
18 15
19 16
57 49
48 44
36 16
56 14
39 26
40 35
31 5
45 42
36 15
20 17
33 22
42 35
57 16
44 18
33 20
