44 34
54 15
46 32
30 23
34 18
53 49
48 45
54 12
45 7
30 5
35 17
33 19
51 18
57 47
41 35
58 17
21 18
55 51
51 32
13 9
47 22
45 5
58 54
46 5
44 18
41 25
57 49
56 14
39 26
56 35
31 18
19 8
29 3
45 42
28 23
57 37
29 21
50 9
49 12
40 14
57 15
33 22
32 20
39 16
55 20
45 32
26 3
21 3
36 15
41 19
35 19
53 9
41 13
57 12
33 26
54 31
51 40
28 25
34 31
53 37
31 21
56 33
23 3
31 5
36 11
55 34
53 12
26 12
41 17
41 24
58 15
39 13
40 36
57 16
56 49
51 46
13 4
33 27
54 50
52 39
15 11
37 6
52 20
16 6
24 19
23 5
53 28
56 53
37 7
44 38
17 14
34 44
15 54
32 46
23 30
18 34
49 53
45 48
12 54
7 45
5 30
17 35
19 33
18 51
47 57
35 41
17 58
18 21
51 55
32 51
9 13
22 47
5 45
54 58
5 46
18 44
25 41
49 57
14 56
26 39
35 56
18 31
8 19
3 29
42 45
23 28
37 57
21 29
9 50
12 49
14 40
15 57
22 33
20 32
16 39
20 55
32 45
3 26
3 21
15 36
19 41
19 35
9 53
13 41
12 57
26 33
31 54
40 51
25 28
31 34
37 53
21 31
33 56
3 23
5 31
11 36
34 55
12 53
12 26
17 41
24 41
15 58
13 39
36 40
16 57
49 56
46 51
4 13
27 33
50 54
39 52
11 15
6 37
20 52
6 16
19 24
5 23
28 53
53 56
7 37
38 44
14 17
