45 5
42 8
52 49
44 5
25 21
58 54
30 20
55 52
56 53
28 3
42 35
34 15
46 32
32 20
57 12
43 33
41 36
45 32
29 4
5 2
56 52
51 44
33 2
51 10
29 21
29 2
51 45
54 10
15 12
54 12
43 5
58 17
42 33
26 23
40 36
29 3
54 18
31 20
42 6
29 23
54 50
39 36
41 35
36 15
15 11
36 16
31 2
53 49
57 54
45 31
30 22
21 2
18 15
46 31
27 21
43 2
58 16
51 47
54 34
41 33
32 18
55 51
27 22
55 32
14 11
50 10
51 48
54 15
37 14
44 33
58 18
33 19
43 31
35 17
35 16
34 18
35 18
55 18
48 45
31 5
10 6
34 17
33 20
25 22
52 46
58 55
35 19
44 6
33 21
41 34
43 6
43 21
57 53
15 10
27 23
51 32
28 23
33 18
32 19
43 32
30 21
39 35
48 44
58 15
32 21
46 30
51 46
37 16
53 50
43 4
42 34
31 4
34 10
36 14
40 35
44 32
30 23
31 27
44 34
54 51
44 31
44 10
35 15
52 48
27 2
42 10
31 21
43 3
