58 55
56 53
58 54
55 51
55 52
57 53
53 50
57 54
54 51
44 34
56 52
33 19
34 19
53 49
54 50
34 18
30 23
21 18
48 45
15 12
28 25
46 32
30 22
35 18
32 19
35 17
29 23
52 49
14 11
28 23
58 18
54 12
32 20
58 17
30 5
46 5
28 24
51 48
12 9
13 10
16 13
31 20
15 11
31 21
42 35
31 22
34 17
54 15
41 35
9 6
45 32
33 18
57 47
45 7
22 19
32 22
32 21
27 24
30 21
17 14
33 20
55 58
53 56
54 58
51 55
52 55
53 57
50 53
54 57
51 54
34 44
52 56
19 33
19 34
49 53
50 54
18 34
23 30
18 21
45 48
12 15
25 28
32 46
22 30
18 35
19 32
17 35
23 29
49 52
11 14
23 28
18 58
12 54
20 32
17 58
5 30
5 46
24 28
48 51
9 12
10 13
13 16
20 31
11 15
21 31
35 42
22 31
17 34
15 54
35 41
6 9
32 45
18 33
47 57
7 45
19 22
22 32
21 32
24 27
21 30
14 17
20 33
