31 28
79 75
32 28
77 74
48 45
50 46
87 84
49 46
33 30
32 29
50 47
48 44
49 45
78 75
30 27
76 73
33 29
80 77
88 85
34 31
36 33
73 70
86 83
77 73
79 76
29 26
78 74
87 83
72 69
80 76
30 26
47 44
46 43
31 27
81 78
56 8
73 69
38 35
39 34
54 10
72 68
35 31
34 30
55 52
35 32
74 18
51 47
74 71
28 31
75 79
28 32
74 77
45 48
46 50
84 87
46 49
30 33
29 32
47 50
44 48
45 49
75 78
27 30
73 76
29 33
77 80
85 88
31 34
33 36
70 73
83 86
73 77
76 79
26 29
74 78
83 87
69 72
76 80
26 30
44 47
43 46
27 31
78 81
8 56
69 73
35 38
34 39
10 54
68 72
31 35
30 34
52 55
32 35
18 74
47 51
71 74
