36 33
90 84
89 41
20 2
70 65
54 10
93 75
80 77
75 72
17 4
88 44
20 5
25 22
27 23
89 83
61 4
69 66
42 39
89 15
29 26
61 5
55 10
87 83
71 67
60 4
88 41
82 78
16 7
50 46
87 15
83 79
39 30
55 9
26 21
70 4
93 71
69 65
47 44
56 8
60 3
28 25
58 7
81 15
52 47
37 33
77 73
62 2
14 8
87 14
86 15
70 3
83 15
38 35
57 7
91 84
26 22
78 17
89 17
93 74
62 59
26 23
93 78
57 8
62 3
54 51
88 16
32 28
90 41
79 76
17 6
17 7
30 27
45 34
21 3
30 26
89 16
94 71
92 75
87 84
23 19
19 3
56 7
57 6
54 48
83 78
52 49
39 36
93 18
46 43
88 84
14 9
56 9
58 5
70 66
12 9
20 3
65 2
74 70
27 24
88 83
73 4
47 43
86 82
32 29
70 63
87 16
37 34
15 7
23 20
76 72
57 27
89 44
31 28
84 78
64 3
81 77
92 78
26 20
86 83
70 64
69 64
83 16
39 34
20 4
78 75
38 33
89 43
22 2
45 39
35 31
55 7
72 69
23 3
82 77
82 79
73 70
59 6
48 34
57 5
74 71
44 39
80 76
83 80
89 84
81 78
64 2
49 46
17 5
15 6
45 41
51 48
62 4
59 4
75 71
54 11
45 38
19 4
89 78
74 17
44 16
58 6
16 6
59 3
76 73
88 14
33 29
84 79
71 68
59 23
56 10
74 18
78 74
61 3
88 43
88 15
79 75
28 24
33 30
29 25
87 82
52 48
18 6
70 19
13 8
23 5
74 19
19 5
85 82
83 14
35 32
63 3
48 45
39 33
48 44
19 2
44 41
45 37
63 4
86 14
72 68
15 8
49 34
51 47
21 2
70 67
63 2
60 6
18 5
16 8
83 17
36 32
65 19
54 9
65 3
92 89
49 45
38 34
53 31
90 42
59 5
45 40
65 21
90 43
13 10
55 8
34 30
53 48
77 17
45 42
65 20
13 9
15 9
31 27
50 47
18 4
34 31
60 5
44 34
23 2
74 4
73 69
77 74
22 3
88 17
46 42
14 10
33 36
84 90
41 89
2 20
65 70
10 54
75 93
77 80
72 75
4 17
44 88
5 20
22 25
23 27
83 89
4 61
66 69
39 42
15 89
26 29
5 61
10 55
83 87
67 71
4 60
41 88
78 82
7 16
46 50
15 87
79 83
30 39
9 55
21 26
4 70
71 93
65 69
44 47
8 56
3 60
25 28
7 58
15 81
47 52
33 37
73 77
2 62
8 14
14 87
15 86
3 70
15 83
35 38
7 57
84 91
22 26
17 78
17 89
74 93
59 62
23 26
78 93
8 57
3 62
51 54
16 88
28 32
41 90
76 79
6 17
7 17
27 30
34 45
3 21
26 30
16 89
71 94
75 92
84 87
19 23
3 19
7 56
6 57
48 54
78 83
49 52
36 39
18 93
43 46
84 88
9 14
9 56
5 58
66 70
9 12
3 20
2 65
70 74
24 27
83 88
4 73
43 47
82 86
29 32
63 70
16 87
34 37
7 15
20 23
72 76
27 57
44 89
28 31
78 84
3 64
77 81
78 92
20 26
83 86
64 70
64 69
16 83
34 39
4 20
75 78
33 38
43 89
2 22
39 45
31 35
7 55
69 72
3 23
77 82
79 82
70 73
6 59
34 48
5 57
71 74
39 44
76 80
80 83
84 89
78 81
2 64
46 49
5 17
6 15
41 45
48 51
4 62
4 59
71 75
11 54
38 45
4 19
78 89
17 74
16 44
6 58
6 16
3 59
73 76
14 88
29 33
79 84
68 71
23 59
10 56
18 74
74 78
3 61
43 88
15 88
75 79
24 28
30 33
25 29
82 87
48 52
6 18
19 70
8 13
5 23
19 74
5 19
82 85
14 83
32 35
3 63
45 48
33 39
44 48
2 19
41 44
37 45
4 63
14 86
68 72
8 15
34 49
47 51
2 21
67 70
2 63
6 60
5 18
8 16
17 83
32 36
19 65
9 54
3 65
89 92
45 49
34 38
31 53
42 90
5 59
40 45
21 65
43 90
10 13
8 55
30 34
48 53
17 77
42 45
20 65
9 13
9 15
27 31
47 50
4 18
31 34
5 60
34 44
2 23
4 74
69 73
74 77
3 22
17 88
42 46
10 14
