76 73
73 61
77 61
79 75
71 19
74 18
81 17
48 45
80 77
46 42
58 6
86 83
15 6
88 12
39 34
48 44
12 9
74 19
30 26
89 18
18 5
54 10
19 4
57 44
26 5
82 12
76 4
32 28
26 18
56 10
50 46
55 52
26 16
49 45
29 26
23 3
72 50
71 21
61 52
33 29
57 7
45 34
67 14
39 30
87 83
30 18
48 31
56 8
72 68
93 87
80 8
81 78
89 26
20 5
30 16
82 53
47 14
58 28
55 10
83 9
60 40
73 59
40 33
48 34
60 24
23 17
20 3
65 2
63 2
33 5
73 69
35 6
39 35
74 26
88 10
80 76
55 47
83 78
51 11
25 4
69 2
62 22
76 61
88 14
89 74
45 39
49 37
17 6
56 9
57 48
81 40
81 60
44 7
45 14
47 16
90 43
67 10
