76 73
49 45
31 28
48 45
79 75
49 46
33 30
30 27
77 61
33 29
80 77
72 69
48 44
50 46
50 47
32 28
36 33
31 27
32 29
73 70
30 26
74 18
86 83
54 10
87 83
78 74
80 76
29 26
39 34
71 19
79 76
34 31
73 61
87 84
81 78
77 73
56 8
78 75
88 12
77 74
88 85
57 7
73 69
46 43
34 30
55 52
18 5
12 9
47 44
72 68
15 6
46 42
58 6
74 19
75 72
35 31
55 9
28 25
39 35
51 47
74 71
76 4
26 5
81 17
74 70
35 32
17 6
54 9
55 10
90 87
81 77
57 44
56 7
47 43
36 32
56 10
45 42
23 3
38 35
20 5
38 34
73 59
48 31
93 87
72 50
19 4
89 86
71 68
88 84
71 21
19 5
56 9
63 2
89 85
44 41
20 4
20 3
58 7
82 12
89 18
37 34
29 25
51 48
17 5
39 36
25 22
26 18
37 33
64 61
40 33
88 10
60 24
75 71
89 11
90 86
26 16
76 61
55 8
94 91
25 4
65 2
61 52
55 47
55 51
76 72
57 6
54 11
45 34
47 14
67 14
57 8
73 60
35 6
41 38
88 11
24 21
18 4
51 11
52 49
30 16
86 82
74 16
16 6
49 44
27 24
73 76
45 49
28 31
45 48
75 79
46 49
30 33
27 30
61 77
29 33
77 80
69 72
44 48
46 50
47 50
28 32
33 36
27 31
29 32
70 73
26 30
18 74
83 86
10 54
83 87
74 78
76 80
26 29
34 39
19 71
76 79
31 34
61 73
84 87
78 81
73 77
8 56
75 78
12 88
74 77
85 88
7 57
69 73
43 46
30 34
52 55
5 18
9 12
44 47
68 72
6 15
42 46
6 58
19 74
72 75
31 35
9 55
25 28
35 39
47 51
71 74
4 76
5 26
17 81
70 74
32 35
6 17
9 54
10 55
87 90
77 81
44 57
7 56
43 47
32 36
10 56
42 45
3 23
35 38
5 20
34 38
59 73
31 48
87 93
50 72
4 19
86 89
68 71
84 88
21 71
5 19
9 56
2 63
85 89
41 44
4 20
3 20
7 58
12 82
18 89
34 37
25 29
48 51
5 17
36 39
22 25
18 26
33 37
61 64
33 40
10 88
24 60
71 75
11 89
86 90
16 26
61 76
8 55
91 94
4 25
2 65
52 61
47 55
51 55
72 76
6 57
11 54
34 45
14 47
14 67
8 57
60 73
6 35
38 41
11 88
21 24
4 18
11 51
49 52
16 30
82 86
16 74
6 16
44 49
24 27
