31 28
79 75
32 28
77 74
48 45
50 46
87 84
49 46
33 30
32 29
50 47
48 44
49 45
78 75
30 27
76 73
33 29
80 77
88 85
34 31
36 33
73 70
86 83
77 73
79 76
29 26
78 74
87 83
72 69
80 76
30 26
47 44
46 43
31 27
81 78
56 8
73 69
38 35
39 34
54 10
72 68
35 31
34 30
55 52
35 32
74 18
51 47
74 71
89 86
88 84
57 7
55 9
57 8
75 72
89 85
90 87
73 61
46 42
58 7
45 42
54 9
56 7
81 77
12 9
88 12
77 61
55 10
37 34
25 22
19 4
51 48
56 9
44 41
39 35
28 25
74 70
18 5
47 43
39 36
38 34
56 10
37 33
58 6
29 25
74 19
71 68
71 19
17 6
88 11
64 61
20 4
19 5
75 71
36 32
90 86
76 72
86 82
28 31
75 79
28 32
74 77
45 48
46 50
84 87
46 49
30 33
29 32
47 50
44 48
45 49
75 78
27 30
73 76
29 33
77 80
85 88
31 34
33 36
70 73
83 86
73 77
76 79
26 29
74 78
83 87
69 72
76 80
26 30
44 47
43 46
27 31
78 81
8 56
69 73
35 38
34 39
10 54
68 72
31 35
30 34
52 55
32 35
18 74
47 51
71 74
86 89
84 88
7 57
9 55
8 57
72 75
85 89
87 90
61 73
42 46
7 58
42 45
9 54
7 56
77 81
9 12
12 88
61 77
10 55
34 37
22 25
4 19
48 51
9 56
41 44
35 39
25 28
70 74
5 18
43 47
36 39
34 38
10 56
33 37
6 58
25 29
19 74
68 71
19 71
6 17
11 88
61 64
4 20
5 19
71 75
32 36
86 90
72 76
82 86
