76 73
73 61
77 61
79 75
71 19
74 18
81 17
48 45
80 77
46 42
58 6
86 83
15 6
88 12
39 34
48 44
12 9
74 19
30 26
89 18
18 5
54 10
19 4
57 44
26 5
82 12
76 4
32 28
26 18
56 10
50 46
55 52
26 16
49 45
29 26
23 3
72 50
71 21
61 52
33 29
57 7
45 34
67 14
39 30
87 83
30 18
48 31
56 8
73 76
61 73
61 77
75 79
19 71
18 74
17 81
45 48
77 80
42 46
6 58
83 86
6 15
12 88
34 39
44 48
9 12
19 74
26 30
18 89
5 18
10 54
4 19
44 57
5 26
12 82
4 76
28 32
18 26
10 56
46 50
52 55
16 26
45 49
26 29
3 23
50 72
21 71
52 61
29 33
7 57
34 45
14 67
30 39
83 87
18 30
31 48
8 56
