96 93
95 92
94 91
152 149
150 147
151 148
112 109
24 21
96 92
97 93
95 91
153 150
155 152
113 110
113 109
97 94
9 6
98 94
152 148
159 156
98 95
154 151
160 157
158 155
56 52
55 52
99 96
56 53
94 90
153 149
25 21
156 153
161 158
150 146
151 147
157 154
93 90
157 153
161 157
158 154
23 20
90 87
89 86
57 54
160 156
54 51
159 155
22 19
26 23
25 22
49 46
82 79
99 95
60 57
24 20
79 76
155 151
156 152
154 150
111 108
114 111
83 80
59 56
72 17
61 58
81 78
55 51
83 79
90 86
9 5
23 19
84 81
58 55
112 108
64 9
135 104
91 88
114 110
57 53
50 47
92 89
82 78
93 96
92 95
91 94
149 152
147 150
148 151
109 112
21 24
92 96
93 97
91 95
150 153
152 155
110 113
109 113
94 97
6 9
94 98
148 152
156 159
95 98
151 154
157 160
155 158
52 56
52 55
96 99
53 56
90 94
149 153
21 25
153 156
158 161
146 150
147 151
154 157
90 93
153 157
157 161
154 158
20 23
87 90
86 89
54 57
156 160
51 54
155 159
19 22
23 26
22 25
46 49
79 82
95 99
57 60
20 24
76 79
151 155
152 156
150 154
108 111
111 114
80 83
56 59
17 72
58 61
78 81
51 55
79 83
86 90
5 9
19 23
81 84
55 58
108 112
9 64
104 135
88 91
110 114
53 57
47 50
89 92
78 82
