64 9
112 109
151 35
152 148
12 5
72 17
155 106
136 111
38 33
103 14
150 147
24 21
136 108
30 25
153 150
55 27
94 90
103 95
76 20
25 21
94 91
148 42
142 33
60 57
134 105
110 105
135 102
133 102
158 11
151 144
151 39
150 146
82 79
106 29
139 29
95 91
95 12
83 73
140 39
94 5
96 92
31 21
140 106
54 48
155 19
160 156
98 94
9 6
157 153
81 78
157 60
155 13
79 76
67 28
106 76
152 42
144 35
127 117
83 79
137 104
93 90
151 146
155 76
89 68
140 107
83 71
9 5
54 51
156 153
101 8
113 69
55 52
22 19
139 106
82 78
63 13
23 19
104 100
101 10
69 17
145 142
155 39
