96 93
95 92
94 91
152 149
150 147
151 148
112 109
24 21
96 92
97 93
95 91
153 150
155 152
113 110
113 109
97 94
9 6
98 94
152 148
159 156
98 95
154 151
160 157
158 155
56 52
55 52
99 96
56 53
94 90
153 149
25 21
156 153
161 158
150 146
151 147
157 154
93 90
157 153
161 157
158 154
23 20
90 87
89 86
57 54
160 156
54 51
159 155
22 19
26 23
25 22
49 46
82 79
99 95
60 57
24 20
79 76
155 151
156 152
154 150
111 108
114 111
83 80
59 56
72 17
61 58
81 78
55 51
83 79
90 86
9 5
23 19
84 81
58 55
112 108
64 9
135 104
91 88
114 110
57 53
50 47
92 89
82 78
151 146
141 138
78 75
27 24
27 23
12 5
108 105
131 128
84 80
88 85
142 33
30 25
26 22
28 25
162 159
38 33
49 45
133 102
48 45
18 15
92 88
80 76
140 106
110 105
142 139
100 96
87 84
137 104
34 31
60 56
10 7
139 34
47 44
136 104
115 112
72 69
37 34
135 105
46 43
133 103
144 35
85 82
80 77
139 29
61 57
69 66
70 67
140 107
59 55
89 85
100 97
58 54
103 14
33 30
134 104
62 59
10 6
136 111
149 146
77 74
93 89
151 144
36 33
140 137
79 75
135 102
91 87
54 50
11 8
148 42
135 103
139 106
86 83
132 129
110 107
72 18
45 41
103 95
106 29
46 41
81 77
100 95
119 116
93 96
92 95
91 94
149 152
147 150
148 151
109 112
21 24
92 96
93 97
91 95
150 153
152 155
110 113
109 113
94 97
6 9
94 98
148 152
156 159
95 98
151 154
157 160
155 158
52 56
52 55
96 99
53 56
90 94
149 153
21 25
153 156
158 161
146 150
147 151
154 157
90 93
153 157
157 161
154 158
20 23
87 90
86 89
54 57
156 160
51 54
155 159
19 22
23 26
22 25
46 49
79 82
95 99
57 60
20 24
76 79
151 155
152 156
150 154
108 111
111 114
80 83
56 59
17 72
58 61
78 81
51 55
79 83
86 90
5 9
19 23
81 84
55 58
108 112
9 64
104 135
88 91
110 114
53 57
47 50
89 92
78 82
146 151
138 141
75 78
24 27
23 27
5 12
105 108
128 131
80 84
85 88
33 142
25 30
22 26
25 28
159 162
33 38
45 49
102 133
45 48
15 18
88 92
76 80
106 140
105 110
139 142
96 100
84 87
104 137
31 34
56 60
7 10
34 139
44 47
104 136
112 115
69 72
34 37
105 135
43 46
103 133
35 144
82 85
77 80
29 139
57 61
66 69
67 70
107 140
55 59
85 89
97 100
54 58
14 103
30 33
104 134
59 62
6 10
111 136
146 149
74 77
89 93
144 151
33 36
137 140
75 79
102 135
87 91
50 54
8 11
42 148
103 135
106 139
83 86
129 132
107 110
18 72
41 45
95 103
29 106
41 46
77 81
95 100
116 119
