112 109
96 92
95 92
153 150
96 93
24 21
95 91
94 91
113 110
97 93
98 94
151 148
97 94
150 147
152 148
98 95
94 90
151 35
154 151
64 9
156 153
152 149
72 17
113 109
12 5
9 6
136 111
151 147
159 156
155 152
99 96
160 157
54 51
159 155
25 21
150 146
157 154
157 153
103 14
55 52
93 90
160 156
90 87
30 25
158 155
161 158
89 86
153 149
155 151
142 33
60 57
23 20
136 108
38 33
161 157
114 111
56 52
156 152
135 102
56 53
158 154
79 76
76 20
25 22
155 106
59 56
151 146
57 54
9 5
55 51
111 108
99 95
114 110
148 42
22 19
140 39
140 106
110 105
154 150
151 144
139 29
133 102
135 104
26 23
58 55
55 27
23 19
91 88
24 20
82 79
134 105
127 117
140 107
57 53
103 95
106 29
83 79
27 23
92 88
90 86
83 80
106 76
151 39
139 106
92 89
112 108
54 48
137 104
49 46
139 34
81 78
94 5
108 105
61 58
84 80
144 35
31 21
158 11
82 78
58 54
84 81
83 73
131 128
59 55
80 77
78 75
141 138
95 12
83 71
100 96
67 28
48 45
10 7
88 85
139 28
111 105
61 57
28 25
60 56
11 8
54 50
93 89
62 59
30 19
89 68
91 87
85 82
72 69
107 16
115 112
157 60
152 42
104 100
111 107
69 66
66 28
11 5
27 24
46 43
162 159
115 111
136 105
18 15
80 76
101 8
36 23
133 103
46 41
50 47
10 6
26 22
87 84
135 103
29 16
104 13
142 35
62 10
69 16
49 45
149 42
37 34
113 68
100 97
151 145
69 17
79 75
136 104
38 31
33 30
63 13
34 31
101 10
45 41
141 34
36 33
162 158
63 9
140 35
89 85
135 105
35 30
110 107
142 32
37 33
109 105
132 102
70 67
138 34
85 81
66 22
86 83
143 35
96 86
155 13
140 34
103 100
38 34
142 139
97 7
145 142
91 69
155 19
107 76
30 27
142 138
120 117
47 44
137 106
140 137
137 105
12 6
100 95
121 118
155 76
142 34
28 22
10 5
50 46
109 106
113 69
28 24
53 48
134 103
69 65
140 29
44 41
100 9
