64 9
112 109
151 35
152 148
12 5
72 17
155 106
136 111
38 33
103 14
150 147
24 21
136 108
30 25
153 150
55 27
94 90
103 95
76 20
25 21
94 91
148 42
142 33
60 57
134 105
110 105
135 102
133 102
158 11
151 144
151 39
150 146
82 79
106 29
139 29
95 91
95 12
83 73
140 39
94 5
96 92
31 21
140 106
54 48
155 19
160 156
98 94
9 6
157 153
81 78
157 60
155 13
79 76
67 28
106 76
152 42
144 35
127 117
83 79
137 104
93 90
151 146
155 76
89 68
140 107
83 71
9 5
54 51
156 153
101 8
113 69
55 52
22 19
139 106
82 78
63 13
23 19
104 100
101 10
69 17
145 142
155 39
30 19
135 104
113 109
151 74
78 75
72 69
56 52
151 148
157 154
91 69
133 124
62 10
111 105
142 64
27 23
59 56
152 39
139 34
90 86
49 46
149 42
74 68
38 31
46 41
97 93
100 95
113 68
108 33
158 104
160 157
153 7
139 28
35 30
158 150
107 16
96 86
115 111
29 16
122 108
36 22
106 13
155 20
106 20
83 80
89 86
134 114
107 18
89 66
97 7
134 88
130 114
59 4
107 76
124 85
37 11
153 97
110 16
27 9
159 156
72 20
100 64
153 49
136 105
106 23
72 67
74 23
60 40
148 39
96 90
131 128
36 23
69 16
104 13
63 47
96 93
105 91
69 64
155 26
101 93
89 74
28 22
156 152
45 38
142 32
138 110
117 114
145 109
90 70
39 35
157 149
148 35
144 138
56 4
143 67
137 106
160 97
147 96
152 31
58 46
152 101
154 68
85 7
66 23
121 118
151 110
39 29
50 45
67 22
104 70
133 32
102 31
147 33
110 68
66 28
18 15
64 5
66 14
112 82
52 27
72 24
156 7
93 57
129 8
110 64
63 6
53 47
52 30
131 62
111 17
68 14
73 43
88 44
99 96
158 102
96 50
140 35
142 106
76 17
101 53
117 92
58 27
121 99
57 38
88 75
65 14
105 84
144 65
153 102
151 23
59 8
153 149
133 8
49 41
68 47
68 22
91 64
143 78
79 23
48 11
84 80
35 19
66 22
76 16
136 25
132 103
