65 29
83 17
157 123
131 101
137 123
72 20
61 47
154 150
45 10
114 88
136 107
100 10
142 34
58 54
76 19
46 41
36 13
155 39
29 22
55 28
135 102
134 127
133 124
144 139
36 29
142 31
144 138
94 66
26 23
125 111
140 35
49 37
141 33
98 8
25 22
113 85
53 27
62 10
153 150
67 14
30 26
117 111
151 35
158 135
140 29
115 88
68 17
9 5
66 15
143 33
30 25
105 68
101 11
59 56
129 103
86 83
55 27
61 10
72 23
136 111
92 88
58 46
152 39
59 4
52 28
154 122
83 80
49 46
45 41
139 107
72 17
151 39
133 128
100 12
63 11
61 46
159 44
65 58
156 43
151 138
142 33
68 15
70 67
103 100
136 125
31 20
46 40
45 11
79 69
73 20
156 153
87 68
132 95
158 123
59 9
84 16
162 102
106 36
157 154
106 13
65 5
66 5
51 37
94 3
111 107
104 11
143 75
91 68
98 94
114 110
54 51
102 12
153 149
50 46
37 29
12 9
49 41
90 87
84 69
148 35
116 112
23 19
64 59
42 38
120 108
100 64
55 29
87 83
154 137
84 79
161 158
22 18
130 99
93 89
137 104
98 7
49 38
64 4
155 137
103 12
63 13
119 112
110 14
115 112
63 59
157 153
100 9
39 36
86 82
110 106
53 25
120 117
64 5
69 16
97 94
74 19
99 8
134 124
114 87
62 11
63 12
71 18
136 123
133 102
74 20
158 155
140 36
151 146
79 17
148 38
135 103
110 105
95 92
75 19
44 40
113 81
59 6
130 96
160 156
103 95
134 103
65 3
72 18
100 95
114 84
31 19
112 108
99 96
117 112
97 93
154 151
159 43
84 81
141 76
110 76
40 13
136 105
83 69
140 106
98 6
34 31
103 11
158 124
132 100
114 111
94 91
92 89
155 43
52 22
110 16
52 25
64 9
84 68
22 19
101 8
104 14
129 92
158 154
65 13
151 147
85 81
136 120
146 138
88 68
132 103
131 99
99 7
120 111
156 152
156 42
122 108
135 104
65 4
61 57
139 110
48 41
137 106
138 106
151 148
114 85
159 156
78 74
67 17
95 91
110 84
43 40
134 129
30 22
91 88
65 28
31 22
132 99
106 15
134 105
135 124
91 66
141 31
27 22
141 34
127 117
146 140
131 128
88 85
152 42
105 14
104 13
161 124
159 155
55 52
150 146
73 19
40 37
66 12
23 20
94 5
64 12
158 11
70 17
109 16
96 92
50 37
102 10
89 86
98 5
70 18
56 4
138 122
47 41
67 28
109 84
95 12
98 9
54 50
94 90
37 34
34 30
58 55
150 147
138 107
38 35
30 21
58 4
160 157
134 115
62 59
9 6
43 39
142 35
63 40
67 16
90 86
118 112
45 40
135 123
105 15
69 17
132 129
73 18
64 3
139 76
52 37
66 4
136 121
60 57
87 84
151 140
150 138
152 149
79 16
159 45
135 125
42 39
64 13
79 73
66 14
158 43
103 14
133 103
111 108
156 44
116 113
25 21
161 102
100 11
114 68
101 9
55 50
106 16
28 22
102 11
162 159
144 141
72 24
133 101
129 96
155 40
129 95
99 95
152 43
101 10
158 102
137 107
66 3
139 16
154 138
136 108
65 14
152 148
78 75
63 58
134 128
41 37
93 90
113 84
72 19
61 58
98 12
146 139
158 104
26 2
144 140
30 24
134 102
47 44
115 111
57 50
83 79
85 82
136 104
52 27
116 85
63 9
110 15
64 11
155 151
136 122
28 4
76 73
117 114
31 21
40 36
72 22
71 17
127 115
63 46
110 107
79 71
52 30
134 125
107 15
64 6
110 68
23 18
162 158
65 55
137 105
65 12
103 91
32 21
140 39
88 84
61 45
113 109
73 17
66 13
50 41
62 8
114 91
139 15
52 29
120 112
106 14
155 152
104 12
161 157
98 95
67 18
125 120
64 58
128 125
84 80
68 14
63 45
76 16
132 101
83 71
41 38
143 76
107 16
113 110
78 73
65 15
79 76
158 137
24 20
44 41
155 45
140 34
148 39
91 87
24 21
36 28
133 125
39 35
155 104
141 35
125 121
137 122
67 15
57 54
30 27
162 10
28 18
62 9
135 105
134 111
162 11
34 29
55 4
26 22
112 109
139 106
100 8
132 128
154 123
87 69
96 93
12 5
162 101
63 10
76 17
94 12
91 14
132 102
111 105
161 133
68 16
58 50
29 65
17 83
123 157
101 131
123 137
20 72
47 61
150 154
10 45
88 114
107 136
10 100
34 142
54 58
19 76
41 46
13 36
39 155
22 29
28 55
102 135
127 134
124 133
139 144
29 36
31 142
138 144
66 94
23 26
111 125
35 140
37 49
33 141
8 98
22 25
85 113
27 53
10 62
150 153
14 67
26 30
111 117
35 151
135 158
29 140
88 115
17 68
5 9
15 66
33 143
25 30
68 105
11 101
56 59
103 129
83 86
27 55
10 61
23 72
111 136
88 92
46 58
39 152
4 59
28 52
122 154
80 83
46 49
41 45
107 139
17 72
39 151
128 133
12 100
11 63
46 61
44 159
58 65
43 156
138 151
33 142
15 68
67 70
100 103
125 136
20 31
40 46
11 45
69 79
20 73
153 156
68 87
95 132
123 158
9 59
16 84
102 162
36 106
154 157
13 106
5 65
5 66
37 51
3 94
107 111
11 104
75 143
68 91
94 98
110 114
51 54
12 102
149 153
46 50
29 37
9 12
41 49
87 90
69 84
35 148
112 116
19 23
59 64
38 42
108 120
64 100
29 55
83 87
137 154
79 84
158 161
18 22
99 130
89 93
104 137
7 98
38 49
4 64
137 155
12 103
13 63
112 119
14 110
112 115
59 63
153 157
9 100
36 39
82 86
106 110
25 53
117 120
5 64
16 69
94 97
19 74
8 99
124 134
87 114
11 62
12 63
18 71
123 136
102 133
20 74
155 158
36 140
146 151
17 79
38 148
103 135
105 110
92 95
19 75
40 44
81 113
6 59
96 130
156 160
95 103
103 134
3 65
18 72
95 100
84 114
19 31
108 112
96 99
112 117
93 97
151 154
43 159
81 84
76 141
76 110
13 40
105 136
69 83
106 140
6 98
31 34
11 103
124 158
100 132
111 114
91 94
89 92
43 155
22 52
16 110
25 52
9 64
68 84
19 22
8 101
14 104
92 129
154 158
13 65
147 151
81 85
120 136
138 146
68 88
103 132
99 131
7 99
111 120
152 156
42 156
108 122
104 135
4 65
57 61
110 139
41 48
106 137
106 138
148 151
85 114
156 159
74 78
17 67
91 95
84 110
40 43
129 134
22 30
88 91
28 65
22 31
99 132
15 106
105 134
124 135
66 91
31 141
22 27
34 141
117 127
140 146
128 131
85 88
42 152
14 105
13 104
124 161
155 159
52 55
146 150
19 73
37 40
12 66
20 23
5 94
12 64
11 158
17 70
16 109
92 96
37 50
10 102
86 89
5 98
18 70
4 56
122 138
41 47
28 67
84 109
12 95
9 98
50 54
90 94
34 37
30 34
55 58
147 150
107 138
35 38
21 30
4 58
157 160
115 134
59 62
6 9
39 43
35 142
40 63
16 67
86 90
112 118
40 45
123 135
15 105
17 69
129 132
18 73
3 64
76 139
37 52
4 66
121 136
57 60
84 87
140 151
138 150
149 152
16 79
45 159
125 135
39 42
13 64
73 79
14 66
43 158
14 103
103 133
108 111
44 156
113 116
21 25
102 161
11 100
68 114
9 101
50 55
16 106
22 28
11 102
159 162
141 144
24 72
101 133
96 129
40 155
95 129
95 99
43 152
10 101
102 158
107 137
3 66
16 139
138 154
108 136
14 65
148 152
75 78
58 63
128 134
37 41
90 93
84 113
19 72
58 61
12 98
139 146
104 158
2 26
140 144
24 30
102 134
44 47
111 115
50 57
79 83
82 85
104 136
27 52
85 116
9 63
15 110
11 64
151 155
122 136
4 28
73 76
114 117
21 31
36 40
22 72
17 71
115 127
46 63
107 110
71 79
30 52
125 134
15 107
6 64
68 110
18 23
158 162
55 65
105 137
12 65
91 103
21 32
39 140
84 88
45 61
109 113
17 73
13 66
41 50
8 62
91 114
15 139
29 52
112 120
14 106
152 155
12 104
157 161
95 98
18 67
120 125
58 64
125 128
80 84
14 68
45 63
16 76
101 132
71 83
38 41
76 143
16 107
110 113
73 78
15 65
76 79
137 158
20 24
41 44
45 155
34 140
39 148
87 91
21 24
28 36
125 133
35 39
104 155
35 141
121 125
122 137
15 67
54 57
27 30
10 162
18 28
9 62
105 135
111 134
11 162
29 34
4 55
22 26
109 112
106 139
8 100
128 132
123 154
69 87
93 96
5 12
101 162
10 63
17 76
12 94
14 91
102 132
105 111
133 161
16 68
50 58
