61 47
15 12
103 100
69 16
104 62
112 108
78 47
124 60
117 60
93 49
59 47
125 83
78 61
59 49
121 60
75 14
125 121
80 49
123 101
118 114
127 46
66 14
91 52
124 101
88 26
58 48
121 117
96 48
62 44
93 26
112 109
94 5
94 7
121 23
78 59
92 7
128 98
18 15
75 66
110 69
104 67
121 118
122 119
97 47
98 46
28 8
125 81
67 62
116 107
97 61
120 116
119 116
127 99
80 57
76 61
118 23
74 42
126 122
88 84
66 62
128 48
96 5
19 15
127 98
124 81
95 78
121 79
98 48
81 59
93 10
78 28
96 3
76 63
47 61
12 15
100 103
16 69
62 104
108 112
47 78
60 124
60 117
49 93
47 59
83 125
61 78
49 59
60 121
14 75
121 125
49 80
101 123
114 118
46 127
14 66
52 91
101 124
26 88
48 58
117 121
48 96
44 62
26 93
109 112
5 94
7 94
23 121
59 78
7 92
98 128
15 18
66 75
69 110
67 104
118 121
119 122
47 97
46 98
8 28
81 125
62 67
107 116
61 97
116 120
116 119
99 127
57 80
61 76
23 118
42 74
122 126
84 88
62 66
48 128
5 96
15 19
98 127
81 124
78 95
79 121
48 98
59 81
10 93
28 78
3 96
63 76
