119 116
119 115
125 122
120 117
121 118
118 115
125 121
124 121
126 122
118 114
120 116
126 123
121 117
114 111
115 112
122 119
127 124
117 114
59 47
117 113
112 109
78 59
92 7
123 120
58 48
78 61
127 123
96 48
116 112
116 113
123 119
112 108
59 49
78 47
18 15
94 5
69 16
113 110
124 60
96 5
122 118
94 7
114 110
115 111
104 62
76 61
61 47
117 60
124 120
19 15
80 49
96 3
93 49
79 60
15 12
75 14
128 124
94 50
121 60
79 59
57 49
103 100
62 44
98 46
88 26
78 60
97 47
91 52
77 61
57 48
129 126
76 63
66 14
58 47
81 59
66 62
92 8
20 16
123 101
93 7
128 125
125 83
127 98
93 26
98 48
67 62
92 9
127 99
104 67
60 46
128 98
121 23
127 46
69 14
28 8
94 6
124 101
19 16
59 48
56 48
125 81
60 47
17 14
93 10
93 28
113 109
58 49
95 5
80 59
96 47
136 133
118 23
84 81
80 57
80 58
110 69
40 37
74 42
121 79
124 81
138 135
20 17
78 28
96 4
91 88
134 131
75 66
98 47
97 6
81 58
104 65
128 48
88 84
116 107
97 46
74 65
125 82
143 140
20 15
139 136
91 51
57 51
95 47
104 66
56 50
76 62
18 14
100 38
97 48
77 62
142 139
71 66
135 132
90 9
79 61
121 81
97 61
93 8
95 48
105 62
45 41
140 137
128 58
75 63
106 68
110 16
137 134
95 6
75 11
84 57
62 23
80 60
110 21
56 49
34 31
93 50
96 50
95 78
79 62
26 10
129 125
96 6
35 32
97 4
69 66
88 80
141 138
59 46
71 14
78 62
36 33
81 60
117 18
89 10
98 3
97 5
89 86
144 141
67 64
128 46
94 49
87 84
25 22
57 50
65 42
87 10
139 135
94 8
104 68
104 60
21 16
130 127
123 99
135 131
116 105
34 4
133 130
71 65
41 37
35 4
116 119
115 119
122 125
117 120
118 121
115 118
121 125
121 124
122 126
114 118
116 120
123 126
117 121
111 114
112 115
119 122
124 127
114 117
47 59
113 117
109 112
59 78
7 92
120 123
48 58
61 78
123 127
48 96
112 116
113 116
119 123
108 112
49 59
47 78
15 18
5 94
16 69
110 113
60 124
5 96
118 122
7 94
110 114
111 115
62 104
61 76
47 61
60 117
120 124
15 19
49 80
3 96
49 93
60 79
12 15
14 75
124 128
50 94
60 121
59 79
49 57
100 103
44 62
46 98
26 88
60 78
47 97
52 91
61 77
48 57
126 129
63 76
14 66
47 58
59 81
62 66
8 92
16 20
101 123
7 93
125 128
83 125
98 127
26 93
48 98
62 67
9 92
99 127
67 104
46 60
98 128
23 121
46 127
14 69
8 28
6 94
101 124
16 19
48 59
48 56
81 125
47 60
14 17
10 93
28 93
109 113
49 58
5 95
59 80
47 96
133 136
23 118
81 84
57 80
58 80
69 110
37 40
42 74
79 121
81 124
135 138
17 20
28 78
4 96
88 91
131 134
66 75
47 98
6 97
58 81
65 104
48 128
84 88
107 116
46 97
65 74
82 125
140 143
15 20
136 139
51 91
51 57
47 95
66 104
50 56
62 76
14 18
38 100
48 97
62 77
139 142
66 71
132 135
9 90
61 79
81 121
61 97
8 93
48 95
62 105
41 45
137 140
58 128
63 75
68 106
16 110
134 137
6 95
11 75
57 84
23 62
60 80
21 110
49 56
31 34
50 93
50 96
78 95
62 79
10 26
125 129
6 96
32 35
4 97
66 69
80 88
138 141
46 59
14 71
62 78
33 36
60 81
18 117
10 89
3 98
5 97
86 89
141 144
64 67
46 128
49 94
84 87
22 25
50 57
42 65
10 87
135 139
8 94
68 104
60 104
16 21
127 130
99 123
131 135
105 116
4 34
130 133
65 71
37 41
4 35
