119 116
119 115
125 122
120 117
121 118
118 115
125 121
124 121
126 122
118 114
120 116
126 123
121 117
114 111
115 112
122 119
127 124
117 114
59 47
117 113
112 109
78 59
92 7
123 120
58 48
78 61
127 123
96 48
116 112
116 113
123 119
112 108
59 49
78 47
18 15
94 5
69 16
113 110
124 60
96 5
122 118
94 7
114 110
115 111
104 62
76 61
61 47
117 60
124 120
19 15
80 49
96 3
93 49
79 60
15 12
75 14
128 124
94 50
121 60
79 59
57 49
103 100
62 44
98 46
88 26
78 60
97 47
91 52
77 61
57 48
129 126
76 63
66 14
116 119
115 119
122 125
117 120
118 121
115 118
121 125
121 124
122 126
114 118
116 120
123 126
117 121
111 114
112 115
119 122
124 127
114 117
47 59
113 117
109 112
59 78
7 92
120 123
48 58
61 78
123 127
48 96
112 116
113 116
119 123
108 112
49 59
47 78
15 18
5 94
16 69
110 113
60 124
5 96
118 122
7 94
110 114
111 115
62 104
61 76
47 61
60 117
120 124
15 19
49 80
3 96
49 93
60 79
12 15
14 75
124 128
50 94
60 121
59 79
49 57
100 103
44 62
46 98
26 88
60 78
47 97
52 91
61 77
48 57
126 129
63 76
14 66
