57 50
74 63
81 59
142 56
77 27
136 98
133 98
63 41
92 8
75 62
136 3
126 123
143 138
137 56
59 49
62 43
120 102
40 37
103 42
94 8
97 4
127 99
75 66
64 43
59 46
80 51
104 42
98 3
134 129
142 50
139 136
20 17
94 51
98 46
128 46
60 44
74 65
121 117
34 31
130 127
22 19
120 46
114 111
96 5
33 30
120 117
119 115
58 48
95 48
92 52
133 130
133 47
129 125
138 135
125 122
56 50
137 134
139 96
76 62
80 57
79 24
124 46
97 47
88 52
28 11
97 6
81 57
84 51
32 8
95 6
121 81
90 10
104 44
27 12
60 47
92 10
27 10
118 115
73 65
54 51
96 47
93 88
100 44
95 5
78 59
23 19
58 47
142 138
63 43
32 29
78 60
17 13
77 25
27 11
127 46
28 9
56 48
26 10
77 61
121 60
74 36
65 42
141 5
75 64
134 131
100 43
124 59
51 10
80 24
80 49
57 49
62 44
81 60
120 44
53 50
128 124
125 58
97 3
77 18
31 28
21 18
128 98
92 7
94 7
91 51
95 61
115 112
61 44
112 108
93 50
76 28
124 81
133 129
136 47
90 11
63 45
75 63
35 31
120 60
113 107
120 101
127 124
76 63
133 99
128 125
64 42
92 9
96 4
74 42
97 61
142 139
76 36
79 62
81 58
62 25
79 61
136 96
129 126
121 79
98 2
113 109
28 8
62 45
79 59
142 94
73 66
121 23
88 10
93 28
137 48
59 48
104 43
63 36
103 41
95 47
123 120
23 18
57 48
75 33
134 130
95 7
124 58
76 27
119 116
78 61
97 46
100 2
27 13
103 44
99 45
97 2
22 18
114 21
94 52
101 43
29 8
101 46
141 94
112 107
91 88
72 65
89 10
105 102
24 19
32 7
60 45
102 43
143 139
101 44
101 60
24 18
36 6
117 79
124 121
73 34
82 57
92 51
99 2
117 23
121 118
117 113
124 120
116 107
74 66
93 10
93 52
61 47
100 45
74 34
114 110
78 26
78 25
63 42
116 105
40 2
136 133
25 17
91 10
128 48
95 78
136 48
99 3
98 47
124 60
80 58
104 62
139 5
82 58
35 32
58 46
73 33
116 112
93 7
36 32
93 49
127 123
79 18
139 3
123 46
74 64
93 78
116 113
58 49
122 119
54 50
79 23
90 9
135 132
45 40
40 36
97 40
95 59
101 45
91 52
29 9
128 58
36 33
35 6
141 96
33 28
123 101
91 9
133 128
24 17
123 119
126 122
79 25
80 26
69 66
20 16
124 47
88 51
75 27
98 45
142 137
61 45
112 109
37 4
25 18
36 4
63 40
73 69
80 59
93 26
135 131
32 6
113 110
96 3
28 6
99 47
128 47
99 46
77 26
125 81
94 49
40 4
122 118
93 9
93 8
120 116
69 30
73 30
78 49
77 62
79 60
96 48
117 114
118 114
97 45
88 26
75 65
76 61
61 46
114 23
95 49
76 64
104 64
68 14
76 33
144 141
125 121
142 96
88 84
84 80
55 50
59 47
144 140
56 49
117 21
115 111
143 140
142 48
93 51
103 43
133 127
74 33
94 50
98 48
139 135
29 11
102 44
89 12
89 11
28 10
76 32
32 28
124 101
87 84
60 46
97 5
34 30
110 107
63 44
134 128
96 49
118 23
79 26
50 57
63 74
59 81
56 142
27 77
98 136
98 133
41 63
8 92
62 75
3 136
123 126
138 143
56 137
49 59
43 62
102 120
37 40
42 103
8 94
4 97
99 127
66 75
43 64
46 59
51 80
42 104
3 98
129 134
50 142
136 139
17 20
51 94
46 98
46 128
44 60
65 74
117 121
31 34
127 130
19 22
46 120
111 114
5 96
30 33
117 120
115 119
48 58
48 95
52 92
130 133
47 133
125 129
135 138
122 125
50 56
134 137
96 139
62 76
57 80
24 79
46 124
47 97
52 88
11 28
6 97
57 81
51 84
8 32
6 95
81 121
10 90
44 104
12 27
47 60
10 92
10 27
115 118
65 73
51 54
47 96
88 93
44 100
5 95
59 78
19 23
47 58
138 142
43 63
29 32
60 78
13 17
25 77
11 27
46 127
9 28
48 56
10 26
61 77
60 121
36 74
42 65
5 141
64 75
131 134
43 100
59 124
10 51
24 80
49 80
49 57
44 62
60 81
44 120
50 53
124 128
58 125
3 97
18 77
28 31
18 21
98 128
7 92
7 94
51 91
61 95
112 115
44 61
108 112
50 93
28 76
81 124
129 133
47 136
11 90
45 63
63 75
31 35
60 120
107 113
101 120
124 127
63 76
99 133
125 128
42 64
9 92
4 96
42 74
61 97
139 142
36 76
62 79
58 81
25 62
61 79
96 136
126 129
79 121
2 98
109 113
8 28
45 62
59 79
94 142
66 73
23 121
10 88
28 93
48 137
48 59
43 104
36 63
41 103
47 95
120 123
18 23
48 57
33 75
130 134
7 95
58 124
27 76
116 119
61 78
46 97
2 100
13 27
44 103
45 99
2 97
18 22
21 114
52 94
43 101
8 29
46 101
94 141
107 112
88 91
65 72
10 89
102 105
19 24
7 32
45 60
43 102
139 143
44 101
60 101
18 24
6 36
79 117
121 124
34 73
57 82
51 92
2 99
23 117
118 121
113 117
120 124
107 116
66 74
10 93
52 93
47 61
45 100
34 74
110 114
26 78
25 78
42 63
105 116
2 40
133 136
17 25
10 91
48 128
78 95
48 136
3 99
47 98
60 124
58 80
62 104
5 139
58 82
32 35
46 58
33 73
112 116
7 93
32 36
49 93
123 127
18 79
3 139
46 123
64 74
78 93
113 116
49 58
119 122
50 54
23 79
9 90
132 135
40 45
36 40
40 97
59 95
45 101
52 91
9 29
58 128
33 36
6 35
96 141
28 33
101 123
9 91
128 133
17 24
119 123
122 126
25 79
26 80
66 69
16 20
47 124
51 88
27 75
45 98
137 142
45 61
109 112
4 37
18 25
4 36
40 63
69 73
59 80
26 93
131 135
6 32
110 113
3 96
6 28
47 99
47 128
46 99
26 77
81 125
49 94
4 40
118 122
9 93
8 93
116 120
30 69
30 73
49 78
62 77
60 79
48 96
114 117
114 118
45 97
26 88
65 75
61 76
46 61
23 114
49 95
64 76
64 104
14 68
33 76
141 144
121 125
96 142
84 88
80 84
50 55
47 59
140 144
49 56
21 117
111 115
140 143
48 142
51 93
43 103
127 133
33 74
50 94
48 98
135 139
11 29
44 102
12 89
11 89
10 28
32 76
28 32
101 124
84 87
46 60
5 97
30 34
107 110
44 63
128 134
49 96
23 118
26 79
