119 116
119 115
120 117
121 118
125 122
118 115
120 116
126 123
121 117
124 121
122 119
125 121
118 114
126 122
127 124
123 120
116 113
117 114
58 48
115 112
127 123
117 113
116 112
59 48
112 109
114 111
78 61
123 119
122 118
96 48
114 110
58 49
18 15
112 108
94 7
113 110
124 120
92 7
78 59
59 47
79 59
128 124
128 125
60 47
78 60
19 15
79 60
59 49
19 16
115 111
94 5
77 61
58 47
92 8
76 61
97 48
20 17
96 5
139 136
138 135
78 62
61 47
60 46
143 140
57 48
81 59
20 16
94 6
113 109
15 12
80 60
69 16
92 9
129 126
95 48
93 7
93 49
79 61
96 3
96 6
80 59
94 50
17 14
103 100
98 46
80 58
140 137
96 47
96 4
57 50
97 47
84 81
69 66
34 31
135 132
76 62
57 49
76 63
95 5
95 7
75 14
137 134
142 139
91 88
87 84
88 85
78 47
94 49
98 47
93 9
56 50
80 57
134 131
94 8
81 58
40 37
75 66
104 67
96 49
136 133
93 50
67 64
97 46
66 62
127 98
127 99
141 138
88 84
67 62
104 66
88 26
97 5
80 49
35 32
41 38
129 125
123 101
95 6
91 52
144 141
93 10
104 62
125 82
56 48
59 46
77 62
56 49
116 119
115 119
117 120
118 121
122 125
115 118
116 120
123 126
117 121
121 124
119 122
121 125
114 118
122 126
124 127
120 123
113 116
114 117
48 58
112 115
123 127
113 117
112 116
48 59
109 112
111 114
61 78
119 123
118 122
48 96
110 114
49 58
15 18
108 112
7 94
110 113
120 124
7 92
59 78
47 59
59 79
124 128
125 128
47 60
60 78
15 19
60 79
49 59
16 19
111 115
5 94
61 77
47 58
8 92
61 76
48 97
17 20
5 96
136 139
135 138
62 78
47 61
46 60
140 143
48 57
59 81
16 20
6 94
109 113
12 15
60 80
16 69
9 92
126 129
48 95
7 93
49 93
61 79
3 96
6 96
59 80
50 94
14 17
100 103
46 98
58 80
137 140
47 96
4 96
50 57
47 97
81 84
66 69
31 34
132 135
62 76
49 57
63 76
5 95
7 95
14 75
134 137
139 142
88 91
84 87
85 88
47 78
49 94
47 98
9 93
50 56
57 80
131 134
8 94
58 81
37 40
66 75
67 104
49 96
133 136
50 93
64 67
46 97
62 66
98 127
99 127
138 141
84 88
62 67
66 104
26 88
5 97
49 80
32 35
38 41
125 129
101 123
6 95
52 91
141 144
10 93
62 104
82 125
48 56
46 59
62 77
49 56
