61 47
15 12
103 100
69 16
104 62
112 108
78 47
124 60
117 60
93 49
59 47
125 83
78 61
59 49
121 60
75 14
125 121
80 49
123 101
118 114
127 46
66 14
91 52
124 101
88 26
58 48
121 117
96 48
62 44
93 26
112 109
94 5
94 7
121 23
78 59
92 7
128 98
18 15
75 66
110 69
104 67
121 118
122 119
97 47
98 46
28 8
125 81
67 62
116 107
97 61
120 116
119 116
127 99
80 57
76 61
118 23
74 42
126 122
88 84
66 62
128 48
96 5
19 15
127 98
124 81
95 78
121 79
98 48
81 59
93 10
78 28
96 3
76 63
97 6
125 122
119 115
121 81
106 68
93 28
94 50
125 82
69 14
105 62
114 110
128 58
56 48
81 60
100 38
65 42
79 60
92 9
110 21
71 66
88 80
114 111
117 79
75 11
91 51
110 16
81 58
98 3
118 115
20 16
124 46
84 57
104 66
100 45
128 46
123 99
116 102
129 126
117 18
123 119
127 123
26 10
45 41
62 23
97 63
138 135
120 102
87 10
104 60
75 29
49 26
57 51
113 77
135 132
104 65
90 9
88 51
138 134
60 46
74 65
29 11
35 4
95 47
115 112
96 56
89 10
20 15
76 6
107 102
96 70
135 131
116 105
116 46
71 14
91 86
140 134
40 37
80 26
52 9
63 36
143 140
115 111
126 123
137 134
96 50
84 80
100 32
89 26
66 26
114 16
96 65
71 65
120 117
133 130
117 114
88 85
41 37
103 97
63 30
76 36
107 62
75 61
80 59
77 64
122 115
16 4
36 4
138 133
37 34
114 22
107 80
91 32
55 50
56 50
91 88
30 26
31 5
34 4
89 12
73 70
116 112
77 17
75 63
117 113
110 20
84 81
124 117
108 79
136 133
140 135
21 16
143 138
134 131
142 139
73 29
100 41
139 134
133 107
75 15
68 62
97 76
113 69
101 60
104 44
90 3
61 34
63 3
