61 47
15 12
103 100
69 16
104 62
112 108
78 47
124 60
117 60
93 49
59 47
125 83
78 61
59 49
121 60
75 14
125 121
80 49
123 101
118 114
127 46
66 14
91 52
124 101
88 26
58 48
121 117
96 48
62 44
93 26
112 109
94 5
94 7
121 23
78 59
92 7
128 98
18 15
75 66
110 69
104 67
121 118
122 119
97 47
98 46
28 8
125 81
67 62
116 107
97 61
120 116
119 116
127 99
80 57
76 61
118 23
74 42
126 122
88 84
66 62
128 48
96 5
19 15
127 98
124 81
95 78
121 79
98 48
81 59
93 10
78 28
96 3
76 63
97 6
125 122
119 115
121 81
106 68
93 28
94 50
125 82
69 14
105 62
114 110
128 58
56 48
81 60
100 38
65 42
79 60
92 9
110 21
71 66
88 80
114 111
117 79
75 11
91 51
110 16
81 58
98 3
118 115
20 16
124 46
84 57
104 66
100 45
128 46
123 99
116 102
129 126
117 18
123 119
127 123
26 10
45 41
62 23
97 63
138 135
120 102
87 10
104 60
75 29
49 26
57 51
113 77
135 132
104 65
90 9
88 51
138 134
60 46
74 65
29 11
35 4
95 47
115 112
96 56
89 10
20 15
76 6
107 102
96 70
135 131
116 105
116 46
71 14
47 61
12 15
100 103
16 69
62 104
108 112
47 78
60 124
60 117
49 93
47 59
83 125
61 78
49 59
60 121
14 75
121 125
49 80
101 123
114 118
46 127
14 66
52 91
101 124
26 88
48 58
117 121
48 96
44 62
26 93
109 112
5 94
7 94
23 121
59 78
7 92
98 128
15 18
66 75
69 110
67 104
118 121
119 122
47 97
46 98
8 28
81 125
62 67
107 116
61 97
116 120
116 119
99 127
57 80
61 76
23 118
42 74
122 126
84 88
62 66
48 128
5 96
15 19
98 127
81 124
78 95
79 121
48 98
59 81
10 93
28 78
3 96
63 76
6 97
122 125
115 119
81 121
68 106
28 93
50 94
82 125
14 69
62 105
110 114
58 128
48 56
60 81
38 100
42 65
60 79
9 92
21 110
66 71
80 88
111 114
79 117
11 75
51 91
16 110
58 81
3 98
115 118
16 20
46 124
57 84
66 104
45 100
46 128
99 123
102 116
126 129
18 117
119 123
123 127
10 26
41 45
23 62
63 97
135 138
102 120
10 87
60 104
29 75
26 49
51 57
77 113
132 135
65 104
9 90
51 88
134 138
46 60
65 74
11 29
4 35
47 95
112 115
56 96
10 89
15 20
6 76
102 107
70 96
131 135
105 116
46 116
14 71
