41 37
169 124
73 16
50 17
74 48
123 102
13 10
141 138
69 51
92 68
22 13
120 44
55 10
25 22
123 104
169 122
102 99
120 100
103 54
83 80
171 144
29 25
58 54
63 42
54 48
139 123
114 110
84 58
25 20
61 40
88 66
75 72
163 152
164 151
82 58
140 137
163 129
170 147
85 57
26 23
131 127
103 45
148 132
122 102
104 47
170 146
23 7
120 98
111 93
82 54
165 150
168 125
9 5
79 75
119 97
115 112
36 32
152 24
61 57
159 156
168 139
56 9
31 28
121 100
168 135
101 38
26 4
112 46
172 117
63 39
59 56
170 123
81 77
169 146
138 113
128 108
12 8
48 45
105 53
165 129
30 26
135 108
30 2
78 54
116 112
69 47
5 2
62 58
143 140
137 133
52 48
66 54
53 45
127 107
77 14
25 7
136 133
147 31
70 47
128 107
85 55
65 58
172 143
81 50
170 145
102 46
170 124
68 47
125 106
59 9
86 64
71 49
57 43
6 2
36 33
81 52
99 43
60 6
134 108
62 42
95 46
55 13
78 49
87 68
101 57
103 53
30 6
65 45
87 83
138 110
82 51
173 143
85 58
142 138
150 129
12 9
162 154
166 131
125 105
75 68
154 23
67 45
87 54
167 126
118 115
171 123
37 33
167 28
92 47
173 144
67 53
56 25
75 71
140 136
26 7
43 38
167 127
60 33
54 51
8 5
165 128
145 140
22 11
99 42
142 117
32 29
153 18
82 55
41 36
35 32
141 137
53 25
95 68
53 29
89 75
172 122
100 37
120 117
33 30
67 51
137 134
84 65
65 44
122 37
89 70
78 50
99 44
59 6
167 150
54 43
82 59
77 50
39 36
74 71
125 104
62 43
167 147
62 39
153 21
163 153
145 139
78 55
86 66
169 35
122 101
171 146
127 106
123 117
162 152
80 76
153 127
161 155
166 150
143 139
114 111
119 95
121 99
52 22
52 20
124 32
154 24
135 113
172 123
117 113
169 125
164 152
22 10
74 50
74 49
166 135
65 54
88 75
164 128
164 130
138 135
52 25
8 4
25 10
124 102
38 32
57 45
95 92
123 116
119 115
34 31
66 43
94 91
126 20
172 120
124 37
28 20
100 41
78 69
86 65
116 104
102 43
38 33
124 103
170 125
50 19
11 8
92 46
166 148
26 10
65 42
154 21
76 72
78 74
126 104
167 149
56 10
109 106
81 14
122 35
167 151
60 39
151 24
66 45
100 43
134 131
90 69
87 48
67 47
166 126
95 44
87 67
119 99
139 136
165 127
56 53
112 104
85 65
88 68
75 48
78 51
77 73
121 37
170 139
87 75
165 153
168 147
68 48
165 24
159 155
51 48
131 128
77 15
101 43
38 29
139 125
68 45
127 105
124 28
55 51
115 46
81 13
101 44
69 49
120 102
81 55
82 79
27 3
122 100
63 41
26 3
64 43
60 38
74 17
28 25
131 106
115 95
91 70
55 52
127 20
155 18
77 51
60 56
168 145
87 78
89 69
64 41
29 26
120 116
80 14
116 113
25 21
67 54
65 57
77 74
62 38
85 54
115 93
35 31
11 7
124 104
10 7
103 32
66 44
89 71
85 45
22 7
59 55
67 44
50 16
77 16
102 44
166 132
143 117
155 21
163 128
151 27
168 136
9 6
123 120
60 30
162 153
135 131
64 42
168 126
115 92
66 42
163 18
88 67
173 142
112 47
161 154
57 54
33 29
53 20
172 121
118 114
103 46
101 37
112 106
135 125
80 77
74 16
57 38
51 13
22 8
19 15
151 28
131 108
170 122
113 109
127 108
60 29
165 151
167 148
166 151
89 68
65 43
62 40
169 145
59 10
90 70
148 136
143 123
99 66
63 40
53 28
128 18
119 102
69 48
82 56
68 46
57 29
168 123
58 55
7 4
126 28
77 17
117 114
50 13
100 42
171 143
169 123
68 44
173 117
160 157
111 92
43 37
86 67
165 126
162 155
169 148
57 53
168 148
54 45
52 19
170 143
165 152
56 52
139 135
39 33
56 26
62 57
52 49
151 126
171 122
71 17
119 116
89 72
125 103
119 98
75 69
34 30
7 3
27 24
78 67
94 90
167 31
76 73
57 32
145 136
119 44
74 51
53 48
30 3
50 15
132 129
26 6
103 57
101 32
61 39
170 144
161 156
139 113
78 75
85 78
26 22
121 101
82 13
166 127
119 96
105 20
123 101
101 41
138 134
153 24
82 78
120 101
24 21
81 51
85 82
168 124
61 58
73 17
163 155
166 129
52 10
113 110
144 140
85 67
142 139
122 32
87 69
104 45
24 20
153 20
41 38
61 38
90 68
101 42
148 145
115 111
116 102
112 92
112 109
135 132
13 9
77 49
6 3
56 29
126 105
105 47
67 48
30 27
52 13
169 147
164 150
171 121
161 157
104 46
85 79
10 6
78 48
164 129
74 69
136 132
60 57
124 101
87 79
51 45
49 17
126 24
103 44
95 90
79 76
167 125
135 106
27 23
62 41
87 51
67 46
103 43
85 51
50 14
85 66
29 6
116 46
31 27
83 79
37 32
120 99
28 24
81 78
166 128
65 62
75 49
172 142
56 6
166 149
167 124
32 28
169 139
