10 7
11 8
169 166
13 10
8 5
132 129
9 6
12 9
30 27
167 164
168 165
118 115
11 7
143 140
5 2
7 4
69 48
166 163
131 128
19 16
170 166
10 6
22 19
142 139
12 8
141 138
20 17
77 74
91 88
76 73
169 165
9 5
63 60
31 28
166 130
97 94
35 32
56 29
168 164
108 105
143 139
127 109
6 3
75 70
20 16
152 149
36 33
94 91
81 78
78 75
167 163
166 132
23 20
142 138
43 40
78 74
154 151
13 9
166 131
108 104
131 127
109 106
59 56
107 104
166 129
170 139
165 162
87 78
75 72
98 95
79 76
8 4
54 43
96 93
170 167
57 54
128 109
53 25
131 126
58 55
109 105
95 92
154 21
87 75
92 89
21 15
14 11
67 48
21 17
144 140
130 127
60 29
23 7
7 3
21 16
127 108
164 161
22 7
165 161
36 32
57 29
82 79
56 28
79 75
76 72
132 128
144 141
80 77
153 150
116 113
112 47
127 110
158 155
99 44
19 15
56 53
128 110
95 68
147 128
41 38
60 57
155 152
44 41
106 103
133 130
88 75
6 2
71 68
14 10
101 37
85 77
21 18
103 73
31 27
167 149
104 53
103 53
90 87
123 120
62 59
93 90
83 80
63 59
151 148
7 2
29 26
80 14
94 68
124 121
88 66
84 81
167 148
42 39
75 69
166 162
76 70
88 68
61 58
66 42
20 15
78 69
106 18
112 56
134 131
117 114
161 157
94 90
161 158
18 15
110 107
126 108
24 21
64 61
23 19
89 75
77 73
166 149
39 36
22 18
34 31
115 93
44 40
68 44
141 137
32 29
133 129
102 44
87 82
85 76
86 75
24 17
171 168
126 109
168 135
125 122
150 147
151 128
105 102
94 69
63 40
91 87
162 152
89 86
147 129
68 48
30 26
111 108
86 74
25 17
88 67
85 79
133 128
153 147
35 31
168 163
93 69
78 32
43 39
50 28
166 148
167 131
33 30
30 3
53 45
140 137
167 132
28 25
168 145
86 77
115 92
65 57
103 29
84 76
107 18
169 127
24 18
119 116
11 5
66 43
89 68
25 10
166 147
118 114
22 12
155 21
66 63
147 130
106 17
37 33
40 37
87 84
163 129
147 35
95 91
159 136
59 55
87 68
134 128
119 115
25 18
86 78
80 76
101 44
52 36
7 10
8 11
166 169
10 13
5 8
129 132
6 9
9 12
27 30
164 167
165 168
115 118
7 11
140 143
2 5
4 7
48 69
163 166
128 131
16 19
166 170
6 10
19 22
139 142
8 12
138 141
17 20
74 77
88 91
73 76
165 169
5 9
60 63
28 31
130 166
94 97
32 35
29 56
164 168
105 108
139 143
109 127
3 6
70 75
16 20
149 152
33 36
91 94
78 81
75 78
163 167
132 166
20 23
138 142
40 43
74 78
151 154
9 13
131 166
104 108
127 131
106 109
56 59
104 107
129 166
139 170
162 165
78 87
72 75
95 98
76 79
4 8
43 54
93 96
167 170
54 57
109 128
25 53
126 131
55 58
105 109
92 95
21 154
75 87
89 92
15 21
11 14
48 67
17 21
140 144
127 130
29 60
7 23
3 7
16 21
108 127
161 164
7 22
161 165
32 36
29 57
79 82
28 56
75 79
72 76
128 132
141 144
77 80
150 153
113 116
47 112
110 127
155 158
44 99
15 19
53 56
110 128
68 95
128 147
38 41
57 60
152 155
41 44
103 106
130 133
75 88
2 6
68 71
10 14
37 101
77 85
18 21
73 103
27 31
149 167
53 104
53 103
87 90
120 123
59 62
90 93
80 83
59 63
148 151
2 7
26 29
14 80
68 94
121 124
66 88
81 84
148 167
39 42
69 75
162 166
70 76
68 88
58 61
42 66
15 20
69 78
18 106
56 112
131 134
114 117
157 161
90 94
158 161
15 18
107 110
108 126
21 24
61 64
19 23
75 89
73 77
149 166
36 39
18 22
31 34
93 115
40 44
44 68
137 141
29 32
129 133
44 102
82 87
76 85
75 86
17 24
168 171
109 126
135 168
122 125
147 150
128 151
102 105
69 94
40 63
87 91
152 162
86 89
129 147
48 68
26 30
108 111
74 86
17 25
67 88
79 85
128 133
147 153
31 35
163 168
69 93
32 78
39 43
28 50
148 166
131 167
30 33
3 30
45 53
137 140
132 167
25 28
145 168
77 86
92 115
57 65
29 103
76 84
18 107
127 169
18 24
116 119
5 11
43 66
68 89
10 25
147 166
114 118
12 22
21 155
63 66
130 147
17 106
33 37
37 40
84 87
129 163
35 147
91 95
136 159
55 59
68 87
128 134
115 119
18 25
78 86
76 80
44 101
36 52
