69 48
56 29
53 25
118 115
112 47
87 78
170 139
132 129
80 14
67 48
78 32
75 69
101 37
65 54
103 73
166 129
50 28
68 44
54 43
22 7
27 3
166 132
169 37
87 82
60 29
99 44
69 21
78 69
156 11
74 26
52 13
163 155
170 166
151 24
25 10
73 66
89 75
13 10
21 15
171 133
75 70
88 66
56 28
136 133
168 135
67 30
52 36
147 35
95 68
76 72
154 21
127 113
56 25
115 76
23 7
81 53
131 126
158 15
127 109
60 33
128 110
87 69
22 11
55 2
19 15
167 126
69 24
114 40
134 128
104 53
63 40
69 15
141 138
171 141
166 131
27 13
153 126
153 147
163 126
85 8
119 44
162 152
112 56
57 29
151 88
103 56
167 50
65 57
42 4
115 92
159 131
30 3
160 3
158 155
85 79
168 145
93 55
157 54
158 19
88 68
54 48
159 136
143 95
141 75
53 45
88 31
139 127
116 109
8 5
81 67
81 10
112 71
81 30
163 129
163 81
122 37
166 130
144 54
90 68
115 93
125 104
5 2
101 41
23 3
87 75
147 128
169 127
18 10
166 128
103 53
101 73
80 70
71 47
166 157
124 46
37 32
103 29
98 28
167 149
59 43
124 37
166 81
171 44
172 102
85 77
73 68
134 110
81 14
109 106
56 38
94 69
83 66
158 65
159 71
145 115
169 2
91 88
119 113
152 137
168 21
11 7
81 74
96 76
118 103
110 10
139 113
91 30
102 44
163 15
44 40
74 34
150 77
170 128
89 80
92 13
167 23
90 2
105 47
84 14
46 40
75 48
75 28
73 26
54 8
166 53
30 26
155 61
113 102
119 63
125 113
167 148
20 17
168 111
12 9
159 134
72 54
116 6
164 19
149 126
149 114
92 57
35 31
66 24
62 29
36 33
135 60
134 55
165 4
156 68
77 42
112 107
113 66
170 44
84 24
163 96
58 42
96 40
98 68
105 71
122 28
163 134
167 27
85 35
85 14
7 2
89 39
138 122
100 39
51 10
123 70
172 164
91 87
67 25
81 52
57 54
90 70
143 21
41 37
20 16
78 54
112 106
168 162
139 128
83 58
163 72
86 74
32 7
122 35
114 68
121 40
134 8
55 13
96 72
169 124
116 106
107 104
128 81
25 17
80 73
155 94
166 163
166 149
161 99
131 128
48 69
29 56
25 53
115 118
47 112
78 87
139 170
129 132
14 80
48 67
32 78
69 75
37 101
54 65
73 103
129 166
28 50
44 68
43 54
7 22
3 27
132 166
37 169
82 87
29 60
44 99
21 69
69 78
11 156
26 74
13 52
155 163
166 170
24 151
10 25
66 73
75 89
10 13
15 21
133 171
70 75
66 88
28 56
133 136
135 168
30 67
36 52
35 147
68 95
72 76
21 154
113 127
25 56
76 115
7 23
53 81
126 131
15 158
109 127
33 60
110 128
69 87
11 22
2 55
15 19
126 167
24 69
40 114
128 134
53 104
40 63
15 69
138 141
141 171
131 166
13 27
126 153
147 153
126 163
8 85
44 119
152 162
56 112
29 57
88 151
56 103
50 167
57 65
4 42
92 115
131 159
3 30
3 160
155 158
79 85
145 168
55 93
54 157
19 158
68 88
48 54
136 159
95 143
75 141
45 53
31 88
127 139
109 116
5 8
67 81
10 81
71 112
30 81
129 163
81 163
37 122
130 166
54 144
68 90
93 115
104 125
2 5
41 101
3 23
75 87
128 147
127 169
10 18
128 166
53 103
73 101
70 80
47 71
157 166
46 124
32 37
29 103
28 98
149 167
43 59
37 124
81 166
44 171
102 172
77 85
68 73
110 134
14 81
106 109
38 56
69 94
66 83
65 158
71 159
115 145
2 169
88 91
113 119
137 152
21 168
7 11
74 81
76 96
103 118
10 110
113 139
30 91
44 102
15 163
40 44
34 74
77 150
128 170
80 89
13 92
23 167
2 90
47 105
14 84
40 46
48 75
28 75
26 73
8 54
53 166
26 30
61 155
102 113
63 119
113 125
148 167
17 20
111 168
9 12
134 159
54 72
6 116
19 164
126 149
114 149
57 92
31 35
24 66
29 62
33 36
60 135
55 134
4 165
68 156
42 77
107 112
66 113
44 170
24 84
96 163
42 58
40 96
68 98
71 105
28 122
134 163
27 167
35 85
14 85
2 7
39 89
122 138
39 100
10 51
70 123
164 172
87 91
25 67
52 81
54 57
70 90
21 143
37 41
16 20
54 78
106 112
162 168
128 139
58 83
72 163
74 86
7 32
35 122
68 114
40 121
8 134
13 55
72 96
124 169
106 116
104 107
81 128
17 25
73 80
94 155
163 166
149 166
99 161
128 131
