69 48
56 29
53 25
118 115
112 47
87 78
170 139
132 129
80 14
67 48
78 32
75 69
101 37
65 54
103 73
166 129
50 28
68 44
54 43
22 7
27 3
166 132
169 37
87 82
60 29
99 44
69 21
78 69
156 11
74 26
52 13
163 155
170 166
151 24
25 10
73 66
89 75
13 10
21 15
171 133
75 70
88 66
56 28
136 133
168 135
67 30
52 36
147 35
95 68
76 72
154 21
127 113
56 25
115 76
23 7
81 53
131 126
158 15
127 109
60 33
128 110
87 69
22 11
55 2
19 15
167 126
69 24
114 40
134 128
104 53
63 40
69 15
141 138
171 141
166 131
27 13
153 126
153 147
163 126
85 8
119 44
162 152
112 56
57 29
151 88
103 56
167 50
65 57
