11 8
112 47
118 115
56 29
69 48
10 7
8 5
13 10
169 166
132 129
78 32
53 25
9 6
11 7
12 9
22 7
127 109
168 165
170 139
60 29
68 44
141 138
166 132
10 6
87 78
170 166
75 69
50 28
80 14
166 129
67 48
167 164
75 70
91 88
142 139
54 43
77 74
7 4
103 73
87 82
12 8
21 15
156 11
109 106
166 130
143 140
166 131
5 2
131 128
56 28
20 16
13 9
99 44
65 54
154 21
166 163
131 126
76 73
73 66
57 29
101 37
169 165
87 75
76 72
30 27
27 3
19 16
9 5
23 7
166 128
20 17
19 15
31 28
128 110
127 108
89 75
132 128
165 162
147 128
78 69
88 66
136 133
103 53
142 138
36 33
131 127
94 91
52 13
21 18
147 35
168 164
7 3
43 40
78 75
25 10
52 36
144 141
169 37
63 60
143 139
35 32
158 155
30 26
104 53
95 92
170 167
115 92
159 136
85 79
160 3
153 150
69 21
112 56
75 72
154 151
167 163
22 19
78 74
88 68
96 93
97 94
31 27
163 155
79 75
95 68
168 135
83 80
63 40
108 105
6 2
8 4
153 147
85 77
103 56
81 78
92 89
153 126
22 11
66 42
94 69
68 48
60 33
115 93
79 76
41 38
168 145
6 3
21 17
81 53
152 149
166 147
107 104
128 109
82 79
52 25
171 141
127 113
144 140
163 129
57 54
125 113
162 152
34 31
151 88
171 133
98 95
101 73
105 47
134 128
102 44
23 20
167 148
161 157
27 13
91 87
134 110
8 11
47 112
115 118
29 56
48 69
7 10
5 8
10 13
166 169
129 132
32 78
25 53
6 9
7 11
9 12
7 22
109 127
165 168
139 170
29 60
44 68
138 141
132 166
6 10
78 87
166 170
69 75
28 50
14 80
129 166
48 67
164 167
70 75
88 91
139 142
43 54
74 77
4 7
73 103
82 87
8 12
15 21
11 156
106 109
130 166
140 143
131 166
2 5
128 131
28 56
16 20
9 13
44 99
54 65
21 154
163 166
126 131
73 76
66 73
29 57
37 101
165 169
75 87
72 76
27 30
3 27
16 19
5 9
7 23
128 166
17 20
15 19
28 31
110 128
108 127
75 89
128 132
162 165
128 147
69 78
66 88
133 136
53 103
138 142
33 36
127 131
91 94
13 52
18 21
35 147
164 168
3 7
40 43
75 78
10 25
36 52
141 144
37 169
60 63
139 143
32 35
155 158
26 30
53 104
92 95
167 170
92 115
136 159
79 85
3 160
150 153
21 69
56 112
72 75
151 154
163 167
19 22
74 78
68 88
93 96
94 97
27 31
155 163
75 79
68 95
135 168
80 83
40 63
105 108
2 6
4 8
147 153
77 85
56 103
78 81
89 92
126 153
11 22
42 66
69 94
48 68
33 60
93 115
76 79
38 41
145 168
3 6
17 21
53 81
149 152
147 166
104 107
109 128
79 82
25 52
141 171
113 127
140 144
129 163
54 57
113 125
152 162
31 34
88 151
133 171
95 98
73 101
47 105
128 134
44 102
20 23
148 167
157 161
13 27
87 91
110 134
