11 8
112 47
118 115
56 29
69 48
10 7
8 5
13 10
169 166
132 129
78 32
53 25
9 6
11 7
12 9
22 7
127 109
168 165
170 139
60 29
68 44
141 138
166 132
10 6
87 78
170 166
75 69
50 28
80 14
166 129
67 48
167 164
75 70
91 88
142 139
54 43
77 74
7 4
103 73
87 82
12 8
21 15
156 11
109 106
166 130
143 140
166 131
5 2
131 128
56 28
20 16
13 9
99 44
65 54
154 21
166 163
131 126
76 73
73 66
57 29
101 37
169 165
87 75
76 72
30 27
27 3
19 16
9 5
23 7
166 128
20 17
19 15
31 28
128 110
127 108
89 75
132 128
165 162
147 128
78 69
88 66
136 133
103 53
142 138
36 33
131 127
94 91
52 13
