26 23
27 24
69 8
26 22
46 43
27 23
36 33
45 42
72 69
68 8
55 26
25 22
76 73
44 41
54 25
72 51
54 23
53 35
52 35
64 61
83 49
46 42
75 59
62 49
45 41
66 63
8 5
49 10
28 24
43 40
29 26
7 4
60 49
26 21
55 23
82 32
61 49
28 25
63 60
78 75
55 25
81 49
77 61
62 50
23 26
24 27
8 69
22 26
43 46
23 27
33 36
42 45
69 72
8 68
26 55
22 25
73 76
41 44
25 54
51 72
23 54
35 53
35 52
61 64
49 83
42 46
59 75
49 62
41 45
63 66
5 8
10 49
24 28
40 43
26 29
4 7
49 60
21 26
23 55
32 82
49 61
25 28
60 63
75 78
25 55
49 81
61 77
50 62
