26 23
69 8
82 32
27 24
60 49
49 10
54 23
35 24
82 4
26 22
83 49
62 49
73 61
42 37
46 43
68 8
53 35
56 20
26 21
72 51
54 25
25 22
51 6
82 56
53 34
77 50
66 14
27 23
75 59
45 42
68 17
28 24
52 35
36 33
46 42
44 25
55 26
28 25
32 4
41 3
66 41
50 34
51 7
61 49
43 40
81 49
44 41
83 42
81 11
46 10
40 7
81 77
72 69
56 18
82 19
51 29
76 73
8 5
64 61
78 34
45 39
75 7
29 26
22 17
42 35
81 21
57 54
71 59
46 9
45 41
78 75
72 50
61 50
55 23
76 59
30 4
55 25
77 73
63 60
9 6
67 8
44 35
36 24
77 61
68 7
65 23
27 6
36 13
23 26
8 69
32 82
24 27
49 60
10 49
23 54
24 35
4 82
22 26
49 83
49 62
61 73
37 42
43 46
8 68
35 53
20 56
21 26
51 72
25 54
22 25
6 51
56 82
34 53
50 77
14 66
23 27
59 75
42 45
17 68
24 28
35 52
33 36
42 46
25 44
26 55
25 28
4 32
3 41
41 66
34 50
7 51
49 61
40 43
49 81
41 44
42 83
11 81
10 46
7 40
77 81
69 72
18 56
19 82
29 51
73 76
5 8
61 64
34 78
39 45
7 75
26 29
17 22
35 42
21 81
54 57
59 71
9 46
41 45
75 78
50 72
50 61
23 55
59 76
4 30
25 55
73 77
60 63
6 9
8 67
35 44
24 36
61 77
7 68
23 65
6 27
13 36
