26 23
69 8
82 32
27 24
60 49
49 10
54 23
35 24
82 4
26 22
83 49
62 49
73 61
42 37
46 43
68 8
53 35
56 20
26 21
72 51
54 25
25 22
51 6
82 56
53 34
77 50
66 14
27 23
75 59
45 42
68 17
28 24
52 35
36 33
46 42
44 25
55 26
28 25
32 4
41 3
66 41
50 34
51 7
61 49
43 40
81 49
44 41
83 42
81 11
46 10
40 7
81 77
72 69
56 18
82 19
51 29
76 73
8 5
64 61
78 34
45 39
75 7
29 26
22 17
42 35
81 21
57 54
71 59
46 9
45 41
78 75
72 50
61 50
55 23
76 59
30 4
55 25
77 73
63 60
9 6
67 8
44 35
36 24
77 61
68 7
65 23
27 6
36 13
66 63
55 22
73 68
53 50
25 21
77 74
38 31
82 48
74 59
26 19
54 24
75 29
75 6
77 60
70 37
81 48
82 49
76 60
59 56
77 72
82 41
67 17
74 22
74 7
7 4
70 67
44 40
72 68
83 48
44 39
54 22
83 19
62 48
82 30
80 68
65 62
83 47
64 9
28 5
83 64
67 32
73 50
27 22
68 65
