69 8
82 32
54 23
83 49
49 10
82 4
35 24
73 61
77 50
66 41
52 35
26 23
40 7
53 34
72 51
60 49
42 37
53 35
41 3
56 20
81 21
82 56
82 19
68 17
44 25
51 6
22 17
66 14
50 34
75 59
62 49
32 4
75 7
54 25
43 40
26 21
71 59
29 26
51 7
81 11
46 43
36 13
78 34
33 21
8 69
32 82
23 54
49 83
10 49
4 82
24 35
61 73
50 77
41 66
35 52
23 26
7 40
34 53
51 72
49 60
37 42
35 53
3 41
20 56
21 81
56 82
19 82
17 68
25 44
6 51
17 22
14 66
34 50
59 75
49 62
4 32
7 75
25 54
40 43
21 26
59 71
26 29
7 51
11 81
43 46
13 36
34 78
21 33
