73 52
33 28
66 10
67 42
11 7
83 46
80 49
77 73
78 35
64 47
26 21
46 42
79 53
30 27
67 41
41 2
13 5
79 54
56 23
57 54
48 42
27 22
79 24
26 22
80 77
79 23
56 21
62 47
28 25
74 71
70 37
29 26
75 35
82 18
59 53
76 35
14 3
14 4
46 19
32 28
36 33
58 53
78 34
74 38
39 8
10 5
84 46
57 51
80 50
31 27
77 51
60 52
48 17
55 24
59 52
79 22
69 39
26 23
73 60
39 4
77 36
39 9
70 50
27 23
31 28
62 50
34 27
54 51
16 2
17 2
17 4
32 27
84 45
39 11
70 38
61 50
64 42
80 27
40 37
67 39
73 70
16 3
68 9
78 55
39 7
69 8
70 39
14 5
14 6
30 15
41 10
42 2
20 17
82 20
77 35
82 46
80 51
78 24
82 21
37 32
58 52
70 40
27 24
46 43
76 72
34 24
74 69
32 22
32 4
39 10
67 40
47 42
83 48
74 70
82 19
54 25
32 15
59 51
40 3
81 20
30 22
30 26
84 19
17 3
63 47
80 48
79 55
50 40
63 50
62 49
54 24
83 49
11 8
50 37
65 42
30 17
66 40
38 5
11 5
33 27
81 21
83 20
76 70
39 5
14 10
55 51
22 17
80 4
85 46
85 45
46 2
80 22
85 47
76 73
82 22
63 2
40 4
57 53
80 17
81 56
54 23
73 50
38 6
15 3
68 10
60 51
79 51
78 52
78 53
69 9
58 51
55 23
13 6
29 25
67 63
74 8
36 13
66 42
81 51
12 5
37 6
63 42
68 39
43 2
37 4
56 51
85 64
80 21
15 4
41 5
69 38
79 27
74 37
38 7
60 50
36 32
77 70
82 48
31 15
77 37
75 38
72 59
81 49
70 61
41 3
83 47
73 61
28 24
79 21
38 8
83 19
81 48
63 40
63 48
75 36
10 3
75 37
36 6
8 5
81 22
78 54
62 48
70 67
40 2
37 5
78 51
56 49
12 6
79 57
48 40
12 7
77 52
48 2
40 5
82 47
73 59
34 28
79 56
76 52
11 6
61 49
82 2
68 8
66 41
63 49
78 27
60 49
82 17
77 50
52 73
28 33
10 66
42 67
7 11
46 83
49 80
73 77
35 78
47 64
21 26
42 46
53 79
27 30
41 67
2 41
5 13
54 79
23 56
54 57
42 48
22 27
24 79
22 26
77 80
23 79
21 56
47 62
25 28
71 74
37 70
26 29
35 75
18 82
53 59
35 76
3 14
4 14
19 46
28 32
33 36
53 58
34 78
38 74
8 39
5 10
46 84
51 57
50 80
27 31
51 77
52 60
17 48
24 55
52 59
22 79
39 69
23 26
60 73
4 39
36 77
9 39
50 70
23 27
28 31
50 62
27 34
51 54
2 16
2 17
4 17
27 32
45 84
11 39
38 70
50 61
42 64
27 80
37 40
39 67
70 73
3 16
9 68
55 78
7 39
8 69
39 70
5 14
6 14
15 30
10 41
2 42
17 20
20 82
35 77
46 82
51 80
24 78
21 82
32 37
52 58
40 70
24 27
43 46
72 76
24 34
69 74
22 32
4 32
10 39
40 67
42 47
48 83
70 74
19 82
25 54
15 32
51 59
3 40
20 81
22 30
26 30
19 84
3 17
47 63
48 80
55 79
40 50
50 63
49 62
24 54
49 83
8 11
37 50
42 65
17 30
40 66
5 38
5 11
27 33
21 81
20 83
70 76
5 39
10 14
51 55
17 22
4 80
46 85
45 85
2 46
22 80
47 85
73 76
22 82
2 63
4 40
53 57
17 80
56 81
23 54
50 73
6 38
3 15
10 68
51 60
51 79
52 78
53 78
9 69
51 58
23 55
6 13
25 29
63 67
8 74
13 36
42 66
51 81
5 12
6 37
42 63
39 68
2 43
4 37
51 56
64 85
21 80
4 15
5 41
38 69
27 79
37 74
7 38
50 60
32 36
70 77
48 82
15 31
37 77
38 75
59 72
49 81
61 70
3 41
47 83
61 73
24 28
21 79
8 38
19 83
48 81
40 63
48 63
36 75
3 10
37 75
6 36
5 8
22 81
54 78
48 62
67 70
2 40
5 37
51 78
49 56
6 12
57 79
40 48
7 12
52 77
2 48
5 40
47 82
59 73
28 34
56 79
52 76
6 11
49 61
2 82
8 68
41 66
49 63
27 78
49 60
17 82
50 77
