69 8
82 32
54 23
83 49
49 10
82 4
35 24
73 61
77 50
66 41
52 35
26 23
40 7
53 34
72 51
60 49
42 37
53 35
41 3
56 20
81 21
82 56
82 19
68 17
44 25
51 6
22 17
66 14
50 34
75 59
62 49
32 4
75 7
54 25
43 40
26 21
71 59
29 26
51 7
81 11
46 43
36 13
78 34
33 21
70 37
83 64
80 68
81 77
45 39
64 9
46 10
83 42
51 29
74 22
76 52
77 73
66 40
48 29
72 28
75 29
72 6
63 40
56 18
65 23
44 35
67 32
28 24
27 13
55 6
73 68
74 27
46 9
38 8
53 2
36 33
80 50
70 40
69 43
62 19
63 16
75 6
63 30
77 72
57 54
68 65
36 6
9 3
30 4
57 30
39 35
82 15
82 53
27 6
83 47
40 21
19 15
48 40
55 26
84 53
68 7
38 31
74 38
60 15
74 59
63 50
77 14
64 5
53 4
38 26
38 23
60 10
41 15
82 41
50 37
48 12
36 24
46 3
78 53
26 19
69 38
14 3
46 42
64 47
63 59
53 50
45 12
71 67
37 4
42 31
76 59
52 13
32 17
