34 7
54 45
77 74
45 20
73 62
57 44
56 43
32 6
11 8
83 80
81 72
50 27
18 15
15 12
43 35
48 27
49 27
29 26
77 73
55 46
29 25
34 9
82 72
87 81
13 6
33 28
30 6
79 32
33 13
63 57
19 11
34 10
54 13
84 80
96 93
31 9
66 63
71 60
54 17
76 4
90 55
79 75
33 30
40 34
54 43
94 91
15 11
19 8
95 26
72 52
7 34
45 54
74 77
20 45
62 73
44 57
43 56
6 32
8 11
80 83
72 81
27 50
15 18
12 15
35 43
27 48
27 49
26 29
73 77
46 55
25 29
9 34
72 82
81 87
6 13
28 33
6 30
32 79
13 33
57 63
11 19
10 34
13 54
80 84
93 96
9 31
63 66
60 71
17 54
4 76
55 90
75 79
30 33
34 40
43 54
91 94
11 15
8 19
26 95
52 72
