77 74
78 75
83 80
15 12
18 15
80 77
79 75
79 76
16 13
77 73
17 14
81 78
78 74
82 79
15 11
84 81
54 45
19 16
95 92
82 78
85 82
66 63
83 79
17 13
55 45
56 43
16 12
20 17
76 73
73 62
84 80
29 26
18 14
56 44
96 93
43 35
22 19
75 72
29 25
33 30
19 15
68 65
11 8
34 7
96 92
67 64
55 43
23 20
53 47
80 76
54 43
30 6
20 16
85 81
55 46
34 9
32 6
69 66
64 58
41 38
94 91
97 94
57 44
34 31
70 67
73 63
34 10
30 7
63 57
95 91
31 8
30 27
72 62
54 46
49 27
71 63
40 37
63 58
81 77
81 72
21 18
42 35
50 27
31 9
36 10
34 8
72 64
53 46
31 6
33 7
23 19
68 64
54 44
71 64
35 10
70 66
22 18
82 72
51 48
36 11
40 34
14 11
90 87
58 55
91 88
52 47
72 63
53 45
48 27
24 21
56 42
74 63
32 7
55 44
31 28
92 89
65 55
33 28
97 91
69 65
33 29
19 11
97 93
39 36
66 62
28 25
87 81
34 30
45 20
67 63
71 62
89 86
38 35
13 6
86 82
52 48
65 62
86 83
34 11
31 7
35 11
57 54
11 7
93 90
25 22
64 57
71 65
76 72
71 61
52 46
74 77
75 78
80 83
12 15
15 18
77 80
75 79
76 79
13 16
73 77
14 17
78 81
74 78
79 82
11 15
81 84
45 54
16 19
92 95
78 82
82 85
63 66
79 83
13 17
45 55
43 56
12 16
17 20
73 76
62 73
80 84
26 29
14 18
44 56
93 96
35 43
19 22
72 75
25 29
30 33
15 19
65 68
8 11
7 34
92 96
64 67
43 55
20 23
47 53
76 80
43 54
6 30
16 20
81 85
46 55
9 34
6 32
66 69
58 64
38 41
91 94
94 97
44 57
31 34
67 70
63 73
10 34
7 30
57 63
91 95
8 31
27 30
62 72
46 54
27 49
63 71
37 40
58 63
77 81
72 81
18 21
35 42
27 50
9 31
10 36
8 34
64 72
46 53
6 31
7 33
19 23
64 68
44 54
64 71
10 35
66 70
18 22
72 82
48 51
11 36
34 40
11 14
87 90
55 58
88 91
47 52
63 72
45 53
27 48
21 24
42 56
63 74
7 32
44 55
28 31
89 92
55 65
28 33
91 97
65 69
29 33
11 19
93 97
36 39
62 66
25 28
81 87
30 34
20 45
63 67
62 71
86 89
35 38
6 13
82 86
48 52
62 65
83 86
11 34
7 31
11 35
54 57
7 11
90 93
22 25
57 64
65 71
72 76
61 71
46 52
