34 7
54 45
77 74
45 20
73 62
57 44
56 43
32 6
11 8
83 80
81 72
50 27
18 15
15 12
43 35
48 27
49 27
29 26
77 73
55 46
29 25
34 9
82 72
87 81
13 6
33 28
30 6
79 32
33 13
63 57
19 11
34 10
54 13
84 80
96 93
31 9
66 63
71 60
54 17
76 4
90 55
79 75
33 30
40 34
54 43
94 91
15 11
19 8
95 26
72 52
20 16
53 48
64 58
37 34
65 55
51 48
72 65
68 64
51 27
36 10
80 77
34 8
57 32
37 14
65 44
31 8
47 24
31 16
23 18
64 53
79 27
96 91
78 75
86 51
47 29
37 11
35 28
22 19
17 13
25 8
28 13
97 29
67 64
69 66
42 13
34 31
59 41
56 38
89 86
68 53
39 34
56 41
41 9
45 33
19 15
50 44
88 55
41 38
58 14
74 63
7 34
45 54
74 77
20 45
62 73
44 57
43 56
6 32
8 11
80 83
72 81
27 50
15 18
12 15
35 43
27 48
27 49
26 29
73 77
46 55
25 29
9 34
72 82
81 87
6 13
28 33
6 30
32 79
13 33
57 63
11 19
10 34
13 54
80 84
93 96
9 31
63 66
60 71
17 54
4 76
55 90
75 79
30 33
34 40
43 54
91 94
11 15
8 19
26 95
52 72
16 20
48 53
58 64
34 37
55 65
48 51
65 72
64 68
27 51
10 36
77 80
8 34
32 57
14 37
44 65
8 31
24 47
16 31
18 23
53 64
27 79
91 96
75 78
51 86
29 47
11 37
28 35
19 22
13 17
8 25
13 28
29 97
64 67
66 69
13 42
31 34
41 59
38 56
86 89
53 68
34 39
41 56
9 41
33 45
15 19
44 50
55 88
38 41
14 58
63 74
