77 74
78 75
83 80
15 12
18 15
80 77
79 75
79 76
16 13
77 73
17 14
81 78
78 74
82 79
15 11
84 81
54 45
19 16
95 92
82 78
85 82
66 63
83 79
17 13
55 45
56 43
16 12
20 17
76 73
73 62
84 80
29 26
18 14
56 44
96 93
43 35
22 19
75 72
29 25
33 30
19 15
68 65
11 8
34 7
96 92
67 64
55 43
23 20
53 47
80 76
74 77
75 78
80 83
12 15
15 18
77 80
75 79
76 79
13 16
73 77
14 17
78 81
74 78
79 82
11 15
81 84
45 54
16 19
92 95
78 82
82 85
63 66
79 83
13 17
45 55
43 56
12 16
17 20
73 76
62 73
80 84
26 29
14 18
44 56
93 96
35 43
19 22
72 75
25 29
30 33
15 19
65 68
8 11
7 34
92 96
64 67
43 55
20 23
47 53
76 80
