84 80
30 6
77 73
24 20
40 34
85 81
95 28
44 30
72 64
33 12
68 65
67 64
73 62
54 43
43 35
33 9
89 86
33 11
68 63
43 33
97 20
74 62
64 59
70 66
41 35
93 84
55 43
65 58
45 17
34 9
50 47
48 25
29 25
84 81
22 18
58 40
53 45
57 42
65 56
41 38
21 18
31 7
15 11
93 29
73 61
17 14
44 33
34 11
92 89
50 26
20 17
56 43
7 2
67 58
39 34
78 75
69 64
82 79
93 46
71 62
48 29
33 8
43 34
32 8
94 28
49 26
47 25
73 63
80 77
97 5
25 22
96 30
65 55
92 85
79 76
19 15
35 10
36 10
71 63
83 80
97 29
78 72
96 6
51 25
53 47
71 64
81 77
30 20
39 36
63 60
96 29
32 6
78 64
15 12
93 82
47 30
92 86
91 48
42 33
81 78
29 20
93 86
79 75
91 27
97 19
93 79
97 23
21 17
7 3
58 41
22 19
32 7
18 14
96 93
96 5
94 83
95 29
36 12
72 62
82 78
29 26
50 25
68 60
94 30
59 40
42 32
95 30
93 28
78 74
47 27
33 10
34 10
9 2
44 32
8 5
57 44
52 48
87 82
49 27
44 31
40 35
43 32
39 35
85 82
78 73
93 83
56 44
92 83
57 43
53 46
68 64
92 28
71 68
32 9
94 29
92 82
46 31
97 31
52 46
56 41
45 31
64 57
69 66
42 35
59 41
88 66
55 44
94 27
52 45
47 28
8 2
72 63
52 25
25 20
91 86
18 15
51 47
46 20
33 7
75 63
16 13
83 79
63 59
51 48
80 76
46 28
25 21
96 31
54 44
48 28
86 82
23 20
58 42
45 32
11 8
92 84
97 6
90 86
86 83
16 12
70 64
70 65
75 72
48 27
63 58
77 74
7 4
64 58
17 13
24 21
47 26
90 48
77 72
54 46
34 8
50 27
16 11
46 29
19 16
26 23
52 17
47 20
70 67
55 45
52 47
91 28
93 30
56 42
62 59
31 8
20 16
23 19
54 45
47 29
45 16
46 30
45 30
57 41
48 26
41 34
74 63
42 34
97 30
63 57
65 57
38 35
31 6
78 63
31 16
80 84
6 30
73 77
20 24
34 40
81 85
28 95
30 44
64 72
12 33
65 68
64 67
62 73
43 54
35 43
9 33
86 89
11 33
63 68
33 43
20 97
62 74
59 64
66 70
35 41
84 93
43 55
58 65
17 45
9 34
47 50
25 48
25 29
81 84
18 22
40 58
45 53
42 57
56 65
38 41
18 21
7 31
11 15
29 93
61 73
14 17
33 44
11 34
89 92
26 50
17 20
43 56
2 7
58 67
34 39
75 78
64 69
79 82
46 93
62 71
29 48
8 33
34 43
8 32
28 94
26 49
25 47
63 73
77 80
5 97
22 25
30 96
55 65
85 92
76 79
15 19
10 35
10 36
63 71
80 83
29 97
72 78
6 96
25 51
47 53
64 71
77 81
20 30
36 39
60 63
29 96
6 32
64 78
12 15
82 93
30 47
86 92
48 91
33 42
78 81
20 29
86 93
75 79
27 91
19 97
79 93
23 97
17 21
3 7
41 58
19 22
7 32
14 18
93 96
5 96
83 94
29 95
12 36
62 72
78 82
26 29
25 50
60 68
30 94
40 59
32 42
30 95
28 93
74 78
27 47
10 33
10 34
2 9
32 44
5 8
44 57
48 52
82 87
27 49
31 44
35 40
32 43
35 39
82 85
73 78
83 93
44 56
83 92
43 57
46 53
64 68
28 92
68 71
9 32
29 94
82 92
31 46
31 97
46 52
41 56
31 45
57 64
66 69
35 42
41 59
66 88
44 55
27 94
45 52
28 47
2 8
63 72
25 52
20 25
86 91
15 18
47 51
20 46
7 33
63 75
13 16
79 83
59 63
48 51
76 80
28 46
21 25
31 96
44 54
28 48
82 86
20 23
42 58
32 45
8 11
84 92
6 97
86 90
83 86
12 16
64 70
65 70
72 75
27 48
58 63
74 77
4 7
58 64
13 17
21 24
26 47
48 90
72 77
46 54
8 34
27 50
11 16
29 46
16 19
23 26
17 52
20 47
67 70
45 55
47 52
28 91
30 93
42 56
59 62
8 31
16 20
19 23
45 54
29 47
16 45
30 46
30 45
41 57
26 48
34 41
63 74
34 42
30 97
57 63
57 65
35 38
6 31
63 78
16 31
