215 211
200 53
192 38
61 58
159 33
224 69
72 46
148 108
57 53
201 172
204 60
162 35
208 205
144 107
194 47
224 72
138 98
144 108
149 108
94 90
202 56
190 17
194 46
193 35
138 101
94 91
192 17
141 104
126 122
204 181
163 34
72 47
181 176
145 6
100 74
192 42
188 15
96 70
162 143
86 83
162 33
126 123
191 15
149 145
191 42
157 136
108 2
76 50
192 44
174 171
197 49
181 169
225 96
150 145
211 186
205 59
39 17
198 170
142 104
201 54
231 227
187 184
204 169
164 11
131 127
143 7
197 166
192 39
61 57
229 226
212 208
218 215
80 77
197 48
149 107
218 214
191 39
190 16
42 39
32 28
189 185
141 105
80 76
159 32
163 36
224 70
187 183
121 118
196 47
215 186
118 114
145 4
161 35
155 151
193 190
149 146
225 45
200 169
34 28
92 89
138 99
142 106
79 75
206 178
153 150
194 44
63 60
117 114
201 177
146 108
191 38
202 178
32 29
144 106
76 51
192 41
205 57
37 34
118 115
86 58
185 182
210 206
217 213
161 138
66 63
212 209
121 102
159 153
190 12
133 123
217 214
121 101
143 6
171 168
229 225
154 31
162 34
96 73
103 76
199 170
211 185
25 22
153 115
188 165
96 71
140 106
67 63
193 164
71 46
208 181
160 34
133 127
79 53
181 177
216 213
192 45
143 5
71 48
18 10
140 107
202 176
131 126
62 58
17 13
193 163
82 79
29 25
123 119
198 169
188 12
199 54
160 154
232 229
119 115
219 215
155 152
141 101
87 84
220 216
165 12
160 138
25 20
114 111
158 138
119 116
31 28
223 70
18 11
157 153
156 116
104 76
26 23
160 32
200 52
223 46
104 77
204 177
211 207
150 146
114 110
202 177
141 100
192 36
196 48
191 16
78 52
184 167
165 11
70 46
228 37
17 12
223 44
187 15
53 50
208 182
83 53
60 56
222 44
150 33
25 21
192 37
208 204
29 26
57 54
222 45
75 51
133 126
118 102
220 217
79 51
94 70
212 67
150 147
228 45
220 44
210 207
163 35
151 148
18 9
193 44
103 78
192 43
166 163
147 27
26 22
199 53
188 13
145 7
27 24
138 100
196 163
190 44
159 154
228 225
97 90
75 50
214 210
118 103
197 46
197 47
194 162
191 43
19 10
156 153
67 64
68 65
86 57
56 53
216 212
99 76
193 45
68 64
97 91
205 60
164 18
160 137
197 167
144 140
164 17
95 90
41 38
160 140
95 91
100 75
79 50
223 45
179 176
225 72
157 154
190 43
151 31
74 48
98 72
190 39
65 62
27 23
95 72
97 73
160 139
221 44
91 87
69 64
138 74
195 47
129 126
201 170
119 102
45 37
146 5
188 184
145 140
232 38
83 79
122 101
69 65
150 28
127 123
180 177
186 183
220 215
33 30
207 181
89 86
90 61
89 61
175 169
108 3
141 107
221 43
39 36
129 88
130 91
129 125
64 61
200 172
159 138
181 178
202 175
161 33
97 74
134 96
220 43
151 147
152 112
88 84
193 37
100 76
33 29
189 15
70 64
97 87
175 171
110 107
149 2
160 150
101 76
150 31
184 180
194 36
119 99
220 42
189 165
226 135
139 100
189 12
134 97
162 7
101 77
24 20
195 48
154 150
79 76
89 85
204 198
146 3
93 90
127 124
183 180
16 12
84 80
194 163
208 63
195 45
198 50
137 99
126 87
20 10
59 56
175 172
185 165
83 80
28 25
193 36
145 108
195 44
201 169
195 165
115 110
125 80
97 75
70 65
180 176
24 21
137 98
74 49
98 73
199 60
101 75
28 24
195 166
77 51
184 181
164 12
84 81
204 199
125 77
20 8
123 99
125 81
69 66
20 9
63 59
148 145
203 56
161 139
130 87
224 46
116 112
195 46
115 111
146 2
194 37
16 13
75 49
64 60
198 49
95 92
122 77
204 200
93 65
162 36
119 100
104 101
199 57
65 61
186 182
108 4
136 98
194 45
210 182
96 91
159 137
66 62
209 63
145 106
128 124
81 77
117 113
124 121
190 42
144 141
189 44
231 228
164 35
164 9
160 153
132 126
115 107
97 72
188 185
139 99
145 107
197 169
161 137
141 106
34 29
58 55
145 5
189 186
122 75
199 56
203 177
204 201
128 125
159 136
103 77
222 70
120 117
88 85
209 206
205 56
222 46
124 120
109 106
227 224
105 101
80 75
183 179
92 88
158 154
190 15
153 149
123 120
224 71
78 51
154 151
93 89
110 106
208 60
120 116
224 45
222 43
196 46
181 167
121 77
115 112
132 127
195 164
15 12
213 67
81 78
30 26
148 2
96 90
113 110
201 56
228 223
198 48
222 69
122 102
193 39
158 153
188 11
139 98
125 121
74 50
122 99
126 80
98 74
193 189
71 45
201 175
136 99
122 76
146 4
30 27
71 64
95 73
125 122
158 155
211 182
207 178
121 117
192 40
206 203
221 42
98 75
221 216
134 98
199 169
194 35
130 88
161 34
96 72
72 48
119 101
116 113
219 216
164 36
100 77
33 28
100 49
200 170
209 205
104 100
232 228
201 171
102 77
91 88
43 39
223 43
95 71
87 83
204 56
19 9
71 47
73 49
129 84
191 41
140 101
129 87
193 165
130 126
122 80
102 78
182 178
162 139
43 38
195 163
199 48
214 211
209 64
219 42
73 50
230 227
191 17
74 47
73 48
139 74
160 33
90 87
191 44
152 148
194 165
193 43
213 209
223 69
144 4
152 149
143 139
158 137
99 74
60 57
193 17
196 166
199 50
95 70
130 127
90 86
144 6
191 40
215 212
144 5
213 210
147 2
144 7
18 13
82 52
156 152
122 119
131 128
18 12
207 182
73 47
142 6
228 224
205 63
196 165
158 136
99 75
204 178
201 198
200 56
207 179
185 181
228 38
205 199
79 52
118 101
44 37
87 80
31 27
133 130
82 78
62 59
122 118
143 140
207 204
227 223
196 164
207 203
182 179
200 55
102 76
200 54
43 37
194 164
196 49
211 208
200 57
230 226
140 100
203 178
226 96
199 49
147 3
211 215
53 200
38 192
58 61
33 159
69 224
46 72
108 148
53 57
172 201
60 204
35 162
205 208
107 144
47 194
72 224
98 138
108 144
108 149
90 94
56 202
17 190
46 194
35 193
101 138
91 94
17 192
104 141
122 126
181 204
34 163
47 72
176 181
6 145
74 100
42 192
15 188
70 96
143 162
83 86
33 162
123 126
15 191
145 149
42 191
136 157
2 108
50 76
44 192
171 174
49 197
169 181
96 225
145 150
186 211
59 205
17 39
170 198
104 142
54 201
227 231
184 187
169 204
11 164
127 131
7 143
166 197
39 192
57 61
226 229
208 212
215 218
77 80
48 197
107 149
214 218
39 191
16 190
39 42
28 32
185 189
105 141
76 80
32 159
36 163
70 224
183 187
118 121
47 196
186 215
114 118
4 145
35 161
151 155
190 193
146 149
45 225
169 200
28 34
89 92
99 138
106 142
75 79
178 206
150 153
44 194
60 63
114 117
177 201
108 146
38 191
178 202
29 32
106 144
51 76
41 192
57 205
34 37
115 118
58 86
182 185
206 210
213 217
138 161
63 66
209 212
102 121
153 159
12 190
123 133
214 217
101 121
6 143
168 171
225 229
31 154
34 162
73 96
76 103
170 199
185 211
22 25
115 153
165 188
71 96
106 140
63 67
164 193
46 71
181 208
34 160
127 133
53 79
177 181
213 216
45 192
5 143
48 71
10 18
107 140
176 202
126 131
58 62
13 17
163 193
79 82
25 29
119 123
169 198
12 188
54 199
154 160
229 232
115 119
215 219
152 155
101 141
84 87
216 220
12 165
138 160
20 25
111 114
138 158
116 119
28 31
70 223
11 18
153 157
116 156
76 104
23 26
32 160
52 200
46 223
77 104
177 204
207 211
146 150
110 114
177 202
100 141
36 192
48 196
16 191
52 78
167 184
11 165
46 70
37 228
12 17
44 223
15 187
50 53
182 208
53 83
56 60
44 222
33 150
21 25
37 192
204 208
26 29
54 57
45 222
51 75
126 133
102 118
217 220
51 79
70 94
67 212
147 150
45 228
44 220
207 210
35 163
148 151
9 18
44 193
78 103
43 192
163 166
27 147
22 26
53 199
13 188
7 145
24 27
100 138
163 196
44 190
154 159
225 228
90 97
50 75
210 214
103 118
46 197
47 197
162 194
43 191
10 19
153 156
64 67
65 68
57 86
53 56
212 216
76 99
45 193
64 68
91 97
60 205
18 164
137 160
167 197
140 144
17 164
90 95
38 41
140 160
91 95
75 100
50 79
45 223
176 179
72 225
154 157
43 190
31 151
48 74
72 98
39 190
62 65
23 27
72 95
73 97
139 160
44 221
87 91
64 69
74 138
47 195
126 129
170 201
102 119
37 45
5 146
184 188
140 145
38 232
79 83
101 122
65 69
28 150
123 127
177 180
183 186
215 220
30 33
181 207
86 89
61 90
61 89
169 175
3 108
107 141
43 221
36 39
88 129
91 130
125 129
61 64
172 200
138 159
178 181
175 202
33 161
74 97
96 134
43 220
147 151
112 152
84 88
37 193
76 100
29 33
15 189
64 70
87 97
171 175
107 110
2 149
150 160
76 101
31 150
180 184
36 194
99 119
42 220
165 189
135 226
100 139
12 189
97 134
7 162
77 101
20 24
48 195
150 154
76 79
85 89
198 204
3 146
90 93
124 127
180 183
12 16
80 84
163 194
63 208
45 195
50 198
99 137
87 126
10 20
56 59
172 175
165 185
80 83
25 28
36 193
108 145
44 195
169 201
165 195
110 115
80 125
75 97
65 70
176 180
21 24
98 137
49 74
73 98
60 199
75 101
24 28
166 195
51 77
181 184
12 164
81 84
199 204
77 125
8 20
99 123
81 125
66 69
9 20
59 63
145 148
56 203
139 161
87 130
46 224
112 116
46 195
111 115
2 146
37 194
13 16
49 75
60 64
49 198
92 95
77 122
200 204
65 93
36 162
100 119
101 104
57 199
61 65
182 186
4 108
98 136
45 194
182 210
91 96
137 159
62 66
63 209
106 145
124 128
77 81
113 117
121 124
42 190
141 144
44 189
228 231
35 164
9 164
153 160
126 132
107 115
72 97
185 188
99 139
107 145
169 197
137 161
106 141
29 34
55 58
5 145
186 189
75 122
56 199
177 203
201 204
125 128
136 159
77 103
70 222
117 120
85 88
206 209
56 205
46 222
120 124
106 109
224 227
101 105
75 80
179 183
88 92
154 158
15 190
149 153
120 123
71 224
51 78
151 154
89 93
106 110
60 208
116 120
45 224
43 222
46 196
167 181
77 121
112 115
127 132
164 195
12 15
67 213
78 81
26 30
2 148
90 96
110 113
56 201
223 228
48 198
69 222
102 122
39 193
153 158
11 188
98 139
121 125
50 74
99 122
80 126
74 98
189 193
45 71
175 201
99 136
76 122
4 146
27 30
64 71
73 95
122 125
155 158
182 211
178 207
117 121
40 192
203 206
42 221
75 98
216 221
98 134
169 199
35 194
88 130
34 161
72 96
48 72
101 119
113 116
216 219
36 164
77 100
28 33
49 100
170 200
205 209
100 104
228 232
171 201
77 102
88 91
39 43
43 223
71 95
83 87
56 204
9 19
47 71
49 73
84 129
41 191
101 140
87 129
165 193
126 130
80 122
78 102
178 182
139 162
38 43
163 195
48 199
211 214
64 209
42 219
50 73
227 230
17 191
47 74
48 73
74 139
33 160
87 90
44 191
148 152
165 194
43 193
209 213
69 223
4 144
149 152
139 143
137 158
74 99
57 60
17 193
166 196
50 199
70 95
127 130
86 90
6 144
40 191
212 215
5 144
210 213
2 147
7 144
13 18
52 82
152 156
119 122
128 131
12 18
182 207
47 73
6 142
224 228
63 205
165 196
136 158
75 99
178 204
198 201
56 200
179 207
181 185
38 228
199 205
52 79
101 118
37 44
80 87
27 31
130 133
78 82
59 62
118 122
140 143
204 207
223 227
164 196
203 207
179 182
55 200
76 102
54 200
37 43
164 194
49 196
208 211
57 200
226 230
100 140
178 203
96 226
49 199
3 147
