93 65
93 89
213 67
226 96
158 123
216 67
87 75
163 143
89 62
213 209
121 102
209 66
212 69
121 117
90 75
133 127
209 67
102 77
162 140
144 106
218 214
118 103
210 182
217 214
114 111
223 45
212 67
214 186
148 112
89 58
87 80
222 69
123 99
215 189
104 100
125 81
220 42
129 125
221 43
171 168
90 61
64 48
216 212
210 179
92 88
208 60
193 164
186 182
197 167
225 161
93 62
205 63
208 48
95 70
122 99
67 63
222 212
217 213
212 63
152 115
107 101
155 116
156 120
144 108
125 102
199 57
128 124
132 91
149 115
86 58
203 177
170 166
125 80
187 183
95 61
71 64
64 46
206 59
209 63
150 145
223 43
97 91
193 190
118 105
189 44
101 76
199 52
66 62
183 179
205 60
137 74
109 106
206 202
198 100
195 44
122 102
130 91
124 120
129 126
156 152
146 108
129 87
114 110
139 47
57 52
153 138
221 41
128 125
155 151
153 119
180 177
149 145
211 185
161 74
160 140
184 180
93 61
