93 65
93 89
213 67
226 96
158 123
216 67
87 75
163 143
89 62
213 209
121 102
209 66
212 69
121 117
90 75
133 127
209 67
102 77
162 140
144 106
218 214
118 103
210 182
217 214
114 111
223 45
212 67
214 186
148 112
89 58
87 80
222 69
123 99
215 189
104 100
125 81
220 42
129 125
221 43
171 168
90 61
64 48
216 212
210 179
92 88
208 60
193 164
186 182
197 167
225 161
93 62
205 63
208 48
95 70
122 99
67 63
222 212
217 213
212 63
152 115
107 101
155 116
156 120
144 108
125 102
199 57
128 124
132 91
149 115
86 58
203 177
170 166
125 80
187 183
95 61
71 64
64 46
206 59
209 63
150 145
223 43
97 91
193 190
118 105
189 44
101 76
199 52
66 62
183 179
205 60
137 74
109 106
206 202
198 100
195 44
122 102
130 91
124 120
129 126
156 152
146 108
129 87
114 110
139 47
57 52
153 138
221 41
128 125
155 151
153 119
180 177
149 145
211 185
161 74
160 140
184 180
93 61
92 89
222 44
198 104
76 50
224 45
215 44
88 85
214 210
216 69
115 107
138 107
100 50
129 80
182 178
127 124
120 116
43 39
138 119
139 49
199 50
208 63
212 208
218 42
193 165
156 116
123 120
57 51
151 147
203 176
79 52
116 112
62 59
224 96
117 114
90 87
58 53
118 110
89 61
70 65
59 56
95 73
227 224
95 65
227 223
100 49
142 106
214 182
185 167
69 63
196 163
105 101
102 81
149 146
185 181
211 197
90 86
158 99
138 101
166 144
211 207
130 126
166 142
79 50
204 169
160 153
207 181
79 76
98 74
141 101
86 57
72 45
189 165
213 210
206 203
62 58
220 215
125 122
137 96
124 121
117 113
122 77
122 76
171 166
89 65
162 143
196 104
60 48
225 72
71 48
225 45
126 75
145 140
63 59
133 123
119 99
225 194
199 76
104 49
152 116
96 72
207 182
130 87
225 74
139 74
216 213
151 112
149 108
196 170
61 57
211 195
110 107
218 186
118 104
126 122
97 90
76 52
130 97
133 124
196 143
138 99
84 80
222 215
58 55
84 81
110 105
195 165
120 117
149 107
57 50
182 179
71 46
210 178
119 115
212 46
118 114
191 41
152 112
220 191
86 61
219 42
139 52
137 98
205 56
104 101
207 178
220 193
199 75
225 47
228 45
208 204
222 46
141 104
60 56
227 70
121 103
196 166
216 68
211 189
228 223
200 79
80 75
93 58
83 54
88 84
199 86
215 211
73 64
90 73
166 150
155 112
153 140
206 178
118 102
154 150
161 140
118 101
135 131
195 185
224 70
127 123
97 75
143 49
135 126
194 161
121 81
218 215
196 107
221 42
152 149
192 140
155 152
163 104
156 153
70 67
93 90
148 115
101 50
213 186
126 123
185 165
194 47
198 49
160 145
181 175
68 65
89 86
197 48
43 37
158 153
115 110
226 137
36 33
187 109
20 17
103 78
125 77
161 137
198 50
56 53
205 201
90 57
149 140
186 183
130 127
152 120
222 219
67 60
126 80
129 91
190 164
140 119
224 69
21 17
219 212
87 84
