184 180
183 180
129 126
182 179
185 181
128 125
186 182
92 89
92 88
184 181
216 212
217 214
119 116
91 88
127 124
183 179
217 213
125 122
216 213
118 115
129 125
185 182
126 123
187 183
90 87
128 124
120 116
119 115
213 209
118 114
120 117
182 178
93 89
87 75
186 183
124 121
130 127
61 58
121 117
215 212
214 210
116 113
114 111
158 123
117 114
127 123
88 85
215 211
206 203
124 120
163 143
63 60
126 122
123 120
91 87
218 214
89 62
60 57
154 151
87 80
218 215
63 59
62 59
62 58
59 56
156 152
90 86
61 57
211 207
181 178
89 86
155 152
210 182
162 140
214 211
187 184
65 62
206 202
93 90
90 75
93 65
64 61
212 208
102 77
121 102
154 150
226 96
155 151
117 113
133 127
115 112
116 112
66 62
152 149
209 66
212 209
114 110
223 45
213 210
65 61
213 67
64 60
216 67
130 126
104 101
150 147
125 121
156 153
148 112
221 43
214 186
118 103
215 189
225 161
211 208
121 118
60 56
