184 180
183 180
129 126
182 179
185 181
128 125
186 182
92 89
92 88
184 181
216 212
217 214
119 116
91 88
127 124
183 179
217 213
125 122
216 213
118 115
129 125
185 182
126 123
187 183
90 87
128 124
120 116
119 115
213 209
118 114
120 117
182 178
93 89
87 75
186 183
124 121
130 127
61 58
121 117
215 212
214 210
116 113
114 111
158 123
117 114
127 123
88 85
215 211
206 203
124 120
163 143
63 60
126 122
123 120
91 87
218 214
89 62
60 57
154 151
87 80
218 215
63 59
62 59
62 58
59 56
156 152
90 86
61 57
211 207
181 178
89 86
155 152
210 182
162 140
214 211
187 184
65 62
206 202
93 90
90 75
93 65
64 61
212 208
102 77
121 102
154 150
226 96
155 151
117 113
133 127
115 112
116 112
66 62
152 149
209 66
212 209
114 110
223 45
213 210
65 61
213 67
64 60
216 67
130 126
104 101
150 147
125 121
156 153
148 112
221 43
214 186
118 103
215 189
225 161
211 208
121 118
60 56
212 67
115 111
197 167
193 164
180 177
153 150
149 145
104 100
144 106
66 63
151 148
227 224
153 149
220 42
58 55
222 44
24 21
123 99
122 119
205 202
89 58
212 69
67 63
205 63
122 118
222 69
95 70
209 67
101 76
188 184
144 108
93 62
122 99
137 74
21 18
20 17
89 85
149 115
125 80
64 48
132 91
109 106
19 16
171 168
222 212
208 48
155 116
156 120
17 14
71 64
149 146
90 61
100 50
14 11
86 58
25 22
151 147
15 12
210 179
210 207
152 115
205 60
209 63
125 81
203 177
212 63
123 119
227 223
204 201
16 13
26 23
130 91
88 84
188 185
64 46
76 50
219 216
199 57
18 15
208 60
107 101
87 84
30 27
146 108
23 20
57 52
31 28
22 19
150 145
129 87
181 177
208 204
153 138
105 101
199 50
89 61
122 102
93 61
221 42
160 140
206 59
208 63
142 106
219 42
152 148
13 10
221 44
224 96
189 44
27 24
215 44
228 225
221 41
82 79
98 74
153 119
139 47
115 107
