186 182
186 183
112 109
29 26
187 183
23 8
185 181
185 182
72 69
116 113
112 108
116 112
184 181
86 74
115 111
73 70
211 186
111 108
187 184
117 113
83 70
110 107
183 179
114 110
115 112
29 25
25 22
116 85
74 70
184 180
79 22
25 21
70 46
47 41
30 26
76 55
217 14
83 46
111 107
110 106
48 42
194 168
114 111
89 85
67 64
221 203
113 110
74 71
208 204
117 89
72 68
37 24
87 84
65 50
113 85
18 10
87 49
59 55
95 28
113 109
58 55
86 83
73 69
202 199
188 184
117 114
90 25
88 85
68 55
62 56
87 37
216 198
69 43
89 86
82 21
88 84
188 185
96 34
81 73
219 15
58 50
123 98
192 185
47 40
205 202
46 42
34 7
193 167
183 180
207 204
129 107
49 37
99 84
57 54
109 41
75 72
204 201
12 8
26 22
139 130
214 195
57 18
68 63
24 21
15 12
47 39
23 13
63 56
46 41
206 203
59 56
212 193
109 106
73 68
192 182
27 23
87 83
208 205
58 54
190 185
26 12
214 123
108 105
82 19
87 24
26 16
60 56
204 200
51 36
203 200
140 123
122 114
137 122
90 21
83 47
220 217
35 24
212 7
214 98
65 48
210 194
221 6
73 42
134 111
206 202
75 71
134 115
97 88
28 24
109 105
30 27
167 123
70 48
213 203
159 156
68 61
203 197
45 42
118 115
83 48
30 12
117 85
117 88
192 186
76 61
63 59
121 98
31 27
202 170
26 23
123 100
124 100
142 125
137 134
158 155
205 201
98 7
61 55
87 82
118 114
76 73
70 42
189 186
45 41
81 50
63 55
67 43
27 24
16 12
165 140
216 13
90 86
68 64
167 142
62 55
119 92
49 24
109 45
33 7
64 54
13 8
80 77
85 46
167 98
215 196
67 63
84 39
80 74
207 203
61 56
214 196
68 65
47 42
133 108
129 126
109 47
60 57
51 38
48 40
28 25
53 40
23 20
24 19
182 179
91 25
125 100
24 20
90 87
99 39
114 88
27 12
57 52
36 9
62 54
194 173
213 194
203 199
91 88
220 203
129 101
110 39
68 43
30 15
76 59
73 48
109 46
110 47
90 28
110 101
142 123
16 13
166 141
218 12
76 60
77 17
206 194
57 53
11 8
22 16
189 185
97 87
193 168
51 9
156 153
63 54
161 158
63 60
32 8
190 186
91 87
86 82
218 15
160 157
31 28
212 194
97 35
217 15
218 14
63 50
60 55
33 5
179 174
157 154
72 43
32 7
222 6
61 58
48 41
188 159
32 27
211 191
49 39
69 42
206 197
113 84
77 20
215 198
92 89
58 17
129 124
97 91
203 198
142 100
211 193
32 6
81 74
202 198
26 15
193 165
81 48
34 5
209 205
84 46
113 47
119 114
168 143
48 39
191 186
180 174
35 27
221 218
122 98
49 38
113 88
133 111
166 143
79 25
70 43
64 61
106 41
83 74
159 155
46 43
152 149
219 12
65 40
214 7
165 141
213 195
182 186
183 186
109 112
26 29
183 187
8 23
181 185
182 185
69 72
113 116
108 112
112 116
181 184
74 86
111 115
70 73
186 211
108 111
184 187
113 117
70 83
107 110
179 183
110 114
112 115
25 29
22 25
85 116
70 74
180 184
22 79
21 25
46 70
41 47
26 30
55 76
14 217
46 83
107 111
106 110
42 48
168 194
111 114
85 89
64 67
203 221
110 113
71 74
204 208
89 117
68 72
24 37
84 87
50 65
85 113
10 18
49 87
55 59
28 95
109 113
55 58
83 86
69 73
199 202
184 188
114 117
25 90
85 88
55 68
56 62
37 87
198 216
43 69
86 89
21 82
84 88
185 188
34 96
73 81
15 219
50 58
98 123
185 192
40 47
202 205
42 46
7 34
167 193
180 183
204 207
107 129
37 49
84 99
54 57
41 109
72 75
201 204
8 12
22 26
130 139
195 214
18 57
63 68
21 24
12 15
39 47
13 23
56 63
41 46
203 206
56 59
193 212
106 109
68 73
182 192
23 27
83 87
205 208
54 58
185 190
12 26
123 214
105 108
19 82
24 87
16 26
56 60
200 204
36 51
200 203
123 140
114 122
122 137
21 90
47 83
217 220
24 35
7 212
98 214
48 65
194 210
6 221
42 73
111 134
202 206
71 75
115 134
88 97
24 28
105 109
27 30
123 167
48 70
203 213
156 159
61 68
197 203
42 45
115 118
48 83
12 30
85 117
88 117
186 192
61 76
59 63
98 121
27 31
170 202
23 26
100 123
100 124
125 142
134 137
155 158
201 205
7 98
55 61
82 87
114 118
73 76
42 70
186 189
41 45
50 81
55 63
43 67
24 27
12 16
140 165
13 216
86 90
64 68
142 167
55 62
92 119
24 49
45 109
7 33
54 64
8 13
77 80
46 85
98 167
196 215
63 67
39 84
74 80
203 207
56 61
196 214
65 68
42 47
108 133
126 129
47 109
57 60
38 51
40 48
25 28
40 53
20 23
19 24
179 182
25 91
100 125
20 24
87 90
39 99
88 114
12 27
52 57
9 36
54 62
173 194
194 213
199 203
88 91
203 220
101 129
39 110
43 68
15 30
59 76
48 73
46 109
47 110
28 90
101 110
123 142
13 16
141 166
12 218
60 76
17 77
194 206
53 57
8 11
16 22
185 189
87 97
168 193
9 51
153 156
54 63
158 161
60 63
8 32
186 190
87 91
82 86
15 218
157 160
28 31
194 212
35 97
15 217
14 218
50 63
55 60
5 33
174 179
154 157
43 72
7 32
6 222
58 61
41 48
159 188
27 32
191 211
39 49
42 69
197 206
84 113
20 77
198 215
89 92
17 58
124 129
91 97
198 203
100 142
193 211
6 32
74 81
198 202
15 26
165 193
48 81
5 34
205 209
46 84
47 113
114 119
143 168
39 48
186 191
174 180
27 35
218 221
98 122
38 49
88 113
111 133
143 166
25 79
43 70
61 64
41 106
74 83
155 159
43 46
149 152
12 219
40 65
7 214
141 165
195 213
