36 9
53 40
62 54
81 20
109 106
87 83
68 65
147 143
48 40
190 162
120 96
194 167
142 123
130 127
142 125
131 128
166 163
122 101
23 12
66 53
214 193
51 39
141 126
77 73
106 45
105 41
16 11
26 11
79 73
84 47
20 16
35 8
81 19
158 154
134 129
117 93
50 38
188 184
213 210
67 64
195 169
133 130
107 103
95 33
13 8
91 88
208 205
82 74
209 192
60 56
102 40
82 49
195 168
190 166
82 79
160 157
60 55
206 203
103 39
89 86
81 48
32 27
181 178
209 206
51 38
186 182
130 124
81 49
180 177
163 139
218 30
96 93
141 127
120 117
158 155
32 7
96 35
222 6
186 183
178 173
100 39
213 196
167 141
69 65
68 43
221 217
121 96
35 7
216 10
178 175
134 130
31 27
153 149
216 8
64 54
102 39
156 153
121 99
20 11
66 42
100 36
129 104
214 9
140 124
191 186
124 101
38 19
141 124
137 121
82 48
87 82
18 13
212 191
72 69
66 43
163 141
112 109
24 11
68 63
37 11
58 55
19 10
203 200
70 42
47 39
139 134
194 170
37 19
26 12
212 7
23 18
23 19
222 219
92 88
106 101
30 27
164 140
206 202
28 24
140 122
103 40
179 175
98 37
203 199
197 194
73 68
106 41
196 170
184 181
176 173
88 85
70 48
207 203
216 198
13 9
91 28
121 98
138 135
154 149
180 176
192 168
24 8
24 21
23 16
61 55
72 68
211 191
83 46
75 71
214 36
191 166
84 39
183 179
211 3
101 40
192 167
27 24
63 56
210 192
164 139
216 12
218 27
212 4
98 34
88 84
109 45
179 174
84 49
211 193
155 152
69 43
214 7
86 83
222 31
147 127
69 44
212 192
120 98
195 167
151 148
71 68
47 40
17 13
26 16
17 12
35 9
74 70
102 38
76 73
49 37
139 121
98 35
190 163
117 113
66 41
162 158
129 126
91 25
18 9
47 41
17 14
221 200
35 24
66 44
114 110
45 42
73 65
184 180
95 34
81 77
110 47
216 197
110 107
80 74
99 37
23 15
188 185
217 12
117 88
50 39
135 132
99 38
55 52
20 17
174 171
62 55
66 40
12 9
118 93
18 10
131 127
138 134
112 108
67 63
129 124
216 11
153 148
181 177
120 97
33 7
65 43
219 31
87 84
12 8
219 30
148 144
24 12
96 7
221 6
218 8
26 23
93 88
137 134
130 123
133 107
95 92
157 153
168 142
64 53
29 25
163 158
218 14
114 111
148 143
38 10
212 6
51 19
31 28
191 165
123 98
18 11
217 198
97 36
95 28
221 215
210 4
25 11
208 2
162 157
194 169
37 9
44 41
36 10
214 197
48 42
194 168
133 129
223 219
178 174
82 21
223 220
78 75
213 194
197 170
65 41
61 57
172 169
216 13
132 129
65 54
35 28
213 6
24 10
73 70
218 12
211 5
196 9
53 50
138 121
70 43
192 165
37 10
65 55
63 54
34 6
48 39
119 94
91 24
187 184
121 97
97 37
84 48
210 191
27 23
166 143
210 194
211 207
204 200
213 193
11 8
91 87
202 199
27 8
70 46
104 101
19 13
65 42
213 5
124 102
107 101
75 72
22 17
124 100
100 37
190 186
35 10
211 4
161 157
51 37
59 55
23 13
207 204
144 125
51 40
217 8
135 130
157 154
49 38
18 12
214 194
218 7
47 42
149 146
193 166
214 6
30 26
67 43
183 180
81 78
153 150
68 64
97 34
46 41
120 99
210 207
217 14
16 12
215 6
74 71
161 131
83 48
154 150
46 43
27 11
190 165
83 49
147 144
109 46
185 181
122 99
142 127
165 140
147 126
64 55
193 167
167 140
166 141
27 7
210 193
219 32
32 8
111 107
106 40
22 16
205 201
26 22
113 110
49 40
107 104
140 121
34 7
96 33
110 106
213 195
173 170
215 9
13 10
155 151
25 22
135 131
24 20
122 98
90 87
222 32
179 173
97 35
211 192
123 101
34 28
27 12
85 47
220 217
111 108
23 20
81 73
159 156
119 93
50 37
182 178
134 131
162 159
23 17
49 19
95 35
165 139
73 69
25 21
99 36
187 183
119 97
79 75
15 12
32 6
80 21
130 126
191 164
167 143
100 38
222 218
172 168
120 114
99 39
218 6
117 114
169 143
216 9
212 194
189 185
77 74
113 85
29 26
115 112
163 138
87 24
166 142
156 152
106 103
82 20
178 172
57 54
142 124
118 114
92 89
87 21
28 25
175 172
134 122
139 123
35 27
214 196
67 42
165 138
32 5
130 122
215 196
36 7
195 170
59 56
122 100
32 28
102 51
209 183
20 10
81 74
141 125
108 105
65 40
61 56
143 125
179 172
215 7
182 179
106 102
45 41
19 11
154 148
23 11
98 36
216 196
33 6
192 166
95 91
132 128
69 66
61 54
210 206
222 30
159 155
168 143
217 13
33 28
185 182
24 19
203 197
141 130
60 57
33 5
138 122
193 165
103 41
101 39
213 197
206 173
65 53
123 100
213 4
36 11
204 201
82 19
215 8
34 27
50 19
160 156
221 218
169 144
123 99
34 8
83 47
179 176
78 74
48 41
139 122
167 142
163 140
168 144
207 4
90 25
140 123
90 21
213 7
205 202
113 109
161 158
193 168
116 113
16 13
80 77
218 215
189 186
192 182
96 34
214 195
142 126
115 111
11 7
68 44
106 47
212 5
35 32
76 72
148 145
216 14
212 193
137 122
138 120
139 130
165 141
215 198
154 151
192 186
35 11
70 44
141 123
63 55
218 32
119 96
119 95
215 197
164 138
36 8
215 195
106 39
79 74
46 42
190 187
127 124
50 40
190 185
190 164
23 10
181 155
80 20
32 29
69 42
86 82
81 50
62 56
68 42
89 85
77 59
101 38
196 169
166 140
214 8
219 27
109 47
49 39
79 76
90 86
147 125
218 31
9 36
40 53
54 62
20 81
106 109
83 87
65 68
143 147
40 48
162 190
96 120
167 194
123 142
127 130
125 142
128 131
163 166
101 122
12 23
53 66
193 214
39 51
126 141
73 77
45 106
41 105
11 16
11 26
73 79
47 84
16 20
8 35
19 81
154 158
129 134
93 117
38 50
184 188
210 213
64 67
169 195
130 133
103 107
33 95
8 13
88 91
205 208
74 82
192 209
56 60
40 102
49 82
168 195
166 190
79 82
157 160
55 60
203 206
39 103
86 89
48 81
27 32
178 181
206 209
38 51
182 186
124 130
49 81
177 180
139 163
30 218
93 96
127 141
117 120
155 158
7 32
35 96
6 222
183 186
173 178
39 100
196 213
141 167
65 69
43 68
217 221
96 121
7 35
10 216
175 178
130 134
27 31
149 153
8 216
54 64
39 102
153 156
99 121
11 20
42 66
36 100
104 129
9 214
124 140
186 191
101 124
19 38
124 141
121 137
48 82
82 87
13 18
191 212
69 72
43 66
141 163
109 112
11 24
63 68
11 37
55 58
10 19
200 203
42 70
39 47
134 139
170 194
19 37
12 26
7 212
18 23
19 23
219 222
88 92
101 106
27 30
140 164
202 206
24 28
122 140
40 103
175 179
37 98
199 203
194 197
68 73
41 106
170 196
181 184
173 176
85 88
48 70
203 207
198 216
9 13
28 91
98 121
135 138
149 154
176 180
168 192
8 24
21 24
16 23
55 61
68 72
191 211
46 83
71 75
36 214
166 191
39 84
179 183
3 211
40 101
167 192
24 27
56 63
192 210
139 164
12 216
27 218
4 212
34 98
84 88
45 109
174 179
49 84
193 211
152 155
43 69
7 214
83 86
31 222
127 147
44 69
192 212
98 120
167 195
148 151
68 71
40 47
13 17
16 26
12 17
9 35
70 74
38 102
73 76
37 49
121 139
35 98
163 190
113 117
41 66
158 162
126 129
25 91
9 18
41 47
14 17
200 221
24 35
44 66
110 114
42 45
65 73
180 184
34 95
77 81
47 110
197 216
107 110
74 80
37 99
15 23
185 188
12 217
88 117
39 50
132 135
38 99
52 55
17 20
171 174
55 62
40 66
9 12
93 118
10 18
127 131
134 138
108 112
63 67
124 129
11 216
148 153
177 181
97 120
7 33
43 65
31 219
84 87
8 12
30 219
144 148
12 24
7 96
6 221
8 218
23 26
88 93
134 137
123 130
107 133
92 95
153 157
142 168
53 64
25 29
158 163
14 218
111 114
143 148
10 38
6 212
19 51
28 31
165 191
98 123
11 18
198 217
36 97
28 95
215 221
4 210
11 25
2 208
157 162
169 194
9 37
41 44
10 36
197 214
42 48
168 194
129 133
219 223
174 178
21 82
220 223
75 78
194 213
170 197
41 65
57 61
169 172
13 216
129 132
54 65
28 35
6 213
10 24
70 73
12 218
5 211
9 196
50 53
121 138
43 70
165 192
10 37
55 65
54 63
6 34
39 48
94 119
24 91
184 187
97 121
37 97
48 84
191 210
23 27
143 166
194 210
207 211
200 204
193 213
8 11
87 91
199 202
8 27
46 70
101 104
13 19
42 65
5 213
102 124
101 107
72 75
17 22
100 124
37 100
186 190
10 35
4 211
157 161
37 51
55 59
13 23
204 207
125 144
40 51
8 217
130 135
154 157
38 49
12 18
194 214
7 218
42 47
146 149
166 193
6 214
26 30
43 67
180 183
78 81
150 153
64 68
34 97
41 46
99 120
207 210
14 217
12 16
6 215
71 74
131 161
48 83
150 154
43 46
11 27
165 190
49 83
144 147
46 109
181 185
99 122
127 142
140 165
126 147
55 64
167 193
140 167
141 166
7 27
193 210
32 219
8 32
107 111
40 106
16 22
201 205
22 26
110 113
40 49
104 107
121 140
7 34
33 96
106 110
195 213
170 173
9 215
10 13
151 155
22 25
131 135
20 24
98 122
87 90
32 222
173 179
35 97
192 211
101 123
28 34
12 27
47 85
217 220
108 111
20 23
73 81
156 159
93 119
37 50
178 182
131 134
159 162
17 23
19 49
35 95
139 165
69 73
21 25
36 99
183 187
97 119
75 79
12 15
6 32
21 80
126 130
164 191
143 167
38 100
218 222
168 172
114 120
39 99
6 218
114 117
143 169
9 216
194 212
185 189
74 77
85 113
26 29
112 115
138 163
24 87
142 166
152 156
103 106
20 82
172 178
54 57
124 142
114 118
89 92
21 87
25 28
172 175
122 134
123 139
27 35
196 214
42 67
138 165
5 32
122 130
196 215
7 36
170 195
56 59
100 122
28 32
51 102
183 209
10 20
74 81
125 141
105 108
40 65
56 61
125 143
172 179
7 215
179 182
102 106
41 45
11 19
148 154
11 23
36 98
196 216
6 33
166 192
91 95
128 132
66 69
54 61
206 210
30 222
155 159
143 168
13 217
28 33
182 185
19 24
197 203
130 141
57 60
5 33
122 138
165 193
41 103
39 101
197 213
173 206
53 65
100 123
4 213
11 36
201 204
19 82
8 215
27 34
19 50
156 160
218 221
144 169
99 123
8 34
47 83
176 179
74 78
41 48
122 139
142 167
140 163
144 168
4 207
25 90
123 140
21 90
7 213
202 205
109 113
158 161
168 193
113 116
13 16
77 80
215 218
186 189
182 192
34 96
195 214
126 142
111 115
7 11
44 68
47 106
5 212
32 35
72 76
145 148
14 216
193 212
122 137
120 138
130 139
141 165
198 215
151 154
186 192
11 35
44 70
123 141
55 63
32 218
96 119
95 119
197 215
138 164
8 36
195 215
39 106
74 79
42 46
187 190
124 127
40 50
185 190
164 190
10 23
155 181
20 80
29 32
42 69
82 86
50 81
56 62
42 68
85 89
59 77
38 101
169 196
140 166
8 214
27 219
47 109
39 49
76 79
86 90
125 147
31 218
