211 186
79 22
216 198
37 24
86 74
72 69
29 26
83 70
217 14
116 85
123 98
23 8
219 15
117 89
65 50
74 70
113 85
76 55
67 64
221 203
82 21
29 25
87 49
90 25
49 37
48 42
87 37
18 10
69 43
70 46
58 50
109 41
34 7
86 83
83 46
63 56
202 199
23 13
112 108
30 26
212 193
129 107
99 84
112 109
117 85
95 28
122 114
96 34
62 56
192 185
68 55
15 12
81 73
70 48
220 217
183 179
68 63
214 123
26 16
117 113
194 168
63 59
12 8
167 123
73 68
210 194
186 182
47 41
76 61
203 197
192 182
73 42
70 42
57 18
137 122
51 36
46 42
90 21
109 45
116 112
26 12
84 39
87 24
98 7
214 98
61 55
65 48
139 130
208 204
165 140
214 195
25 21
72 68
221 6
190 185
110 47
134 115
49 24
81 50
202 170
35 24
64 54
57 52
82 19
89 85
97 88
212 7
193 167
134 111
213 203
87 82
99 39
13 8
60 56
205 202
140 123
192 186
142 125
85 46
24 19
167 98
75 72
80 77
116 113
119 92
114 88
30 12
129 101
47 39
110 101
88 84
124 100
216 13
110 39
117 88
97 91
133 108
194 173
68 61
53 40
204 200
67 43
125 100
206 194
185 181
218 12
187 183
73 48
22 16
90 28
193 98
32 8
33 5
206 197
36 9
79 25
113 47
57 54
142 123
142 100
137 134
221 207
30 15
91 25
63 60
77 17
51 9
188 184
51 38
62 54
109 105
59 55
109 46
119 114
106 41
16 12
222 6
63 55
188 159
80 74
211 191
83 74
121 98
32 27
97 87
76 59
72 43
179 174
76 68
91 35
193 165
73 55
27 12
45 41
186 183
89 86
83 48
58 54
113 84
24 11
26 22
65 40
123 100
215 196
59 50
77 20
130 124
180 174
219 12
166 143
35 27
66 40
184 180
220 203
214 100
105 45
26 15
207 4
113 109
102 51
109 47
110 84
58 17
221 213
136 115
32 12
186 211
22 79
198 216
24 37
74 86
69 72
26 29
70 83
14 217
85 116
98 123
8 23
15 219
89 117
50 65
70 74
85 113
55 76
64 67
203 221
21 82
25 29
49 87
25 90
37 49
42 48
37 87
10 18
43 69
46 70
50 58
41 109
7 34
83 86
46 83
56 63
199 202
13 23
108 112
26 30
193 212
107 129
84 99
109 112
85 117
28 95
114 122
34 96
56 62
185 192
55 68
12 15
73 81
48 70
217 220
179 183
63 68
123 214
16 26
113 117
168 194
59 63
8 12
123 167
68 73
194 210
182 186
41 47
61 76
197 203
182 192
42 73
42 70
18 57
122 137
36 51
42 46
21 90
45 109
112 116
12 26
39 84
24 87
7 98
98 214
55 61
48 65
130 139
204 208
140 165
195 214
21 25
68 72
6 221
185 190
47 110
115 134
24 49
50 81
170 202
24 35
54 64
52 57
19 82
85 89
88 97
7 212
167 193
111 134
203 213
82 87
39 99
8 13
56 60
202 205
123 140
186 192
125 142
46 85
19 24
98 167
72 75
77 80
113 116
92 119
88 114
12 30
101 129
39 47
101 110
84 88
100 124
13 216
39 110
88 117
91 97
108 133
173 194
61 68
40 53
200 204
43 67
100 125
194 206
181 185
12 218
183 187
48 73
16 22
28 90
98 193
8 32
5 33
197 206
9 36
25 79
47 113
54 57
123 142
100 142
134 137
207 221
15 30
25 91
60 63
17 77
9 51
184 188
38 51
54 62
105 109
55 59
46 109
114 119
41 106
12 16
6 222
55 63
159 188
74 80
191 211
74 83
98 121
27 32
87 97
59 76
43 72
174 179
68 76
35 91
165 193
55 73
12 27
41 45
183 186
86 89
48 83
54 58
84 113
11 24
22 26
40 65
100 123
196 215
50 59
20 77
124 130
174 180
12 219
143 166
27 35
40 66
180 184
203 220
100 214
45 105
15 26
4 207
109 113
51 102
47 109
84 110
17 58
213 221
115 136
12 32
