186 182
186 183
185 182
116 113
112 109
72 69
185 181
110 107
116 112
184 181
187 184
114 110
187 183
111 108
115 111
112 108
29 26
73 70
117 113
115 112
113 109
47 42
73 69
58 55
59 56
184 180
47 41
57 54
89 85
114 111
74 70
113 110
188 184
74 71
86 83
111 107
25 21
88 85
72 68
88 84
109 106
202 199
29 25
87 84
30 26
117 114
217 14
25 22
183 180
46 42
110 106
183 179
83 46
62 56
207 204
75 72
46 41
67 64
89 86
108 105
27 23
30 27
47 40
45 42
15 12
204 201
212 193
118 115
214 195
26 22
24 21
118 114
75 71
48 41
188 185
63 56
194 168
73 68
205 202
45 41
60 57
59 55
62 55
58 54
206 203
61 56
123 98
31 27
216 198
28 24
34 7
48 42
208 204
208 205
87 83
96 34
61 55
193 167
63 55
60 56
158 155
69 43
203 200
91 87
159 156
47 39
221 203
83 47
18 10
68 64
12 8
220 217
204 200
206 202
189 186
190 185
68 63
129 126
67 63
124 100
214 196
63 60
192 186
137 134
81 73
189 185
190 186
90 86
79 22
203 199
219 15
211 186
46 43
213 195
26 23
61 58
28 25
37 24
83 70
31 28
210 194
109 105
16 12
58 50
191 186
64 54
24 20
76 61
27 24
70 43
122 98
222 219
216 13
86 82
215 196
70 46
48 39
182 179
85 46
49 37
167 142
160 157
70 42
203 198
26 16
65 50
165 140
64 55
76 60
48 40
82 21
207 203
125 100
91 88
205 201
68 65
76 73
218 15
63 54
67 43
134 115
62 54
63 59
60 55
23 20
202 198
113 85
213 194
76 72
121 98
57 53
193 168
84 46
159 155
16 13
166 163
33 7
68 55
116 85
192 185
123 99
140 123
73 42
83 48
90 87
123 100
117 89
192 167
217 13
218 12
11 8
166 142
80 77
214 123
32 7
191 185
157 154
51 38
57 18
190 187
117 85
33 6
49 38
110 47
87 82
215 198
182 186
183 186
182 185
113 116
109 112
69 72
181 185
107 110
112 116
181 184
184 187
110 114
183 187
108 111
111 115
108 112
26 29
70 73
113 117
112 115
109 113
42 47
69 73
55 58
56 59
180 184
41 47
54 57
85 89
111 114
70 74
110 113
184 188
71 74
83 86
107 111
21 25
85 88
68 72
84 88
106 109
199 202
25 29
84 87
26 30
114 117
14 217
22 25
180 183
42 46
106 110
179 183
46 83
56 62
204 207
72 75
41 46
64 67
86 89
105 108
23 27
27 30
40 47
42 45
12 15
201 204
193 212
115 118
195 214
22 26
21 24
114 118
71 75
41 48
185 188
56 63
168 194
68 73
202 205
41 45
57 60
55 59
55 62
54 58
203 206
56 61
98 123
27 31
198 216
24 28
7 34
42 48
204 208
205 208
83 87
34 96
55 61
167 193
55 63
56 60
155 158
43 69
200 203
87 91
156 159
39 47
203 221
47 83
10 18
64 68
8 12
217 220
200 204
202 206
186 189
185 190
63 68
126 129
63 67
100 124
196 214
60 63
186 192
134 137
73 81
185 189
186 190
86 90
22 79
199 203
15 219
186 211
43 46
195 213
23 26
58 61
25 28
24 37
70 83
28 31
194 210
105 109
12 16
50 58
186 191
54 64
20 24
61 76
24 27
43 70
98 122
219 222
13 216
82 86
196 215
46 70
39 48
179 182
46 85
37 49
142 167
157 160
42 70
198 203
16 26
50 65
140 165
55 64
60 76
40 48
21 82
203 207
100 125
88 91
201 205
65 68
73 76
15 218
54 63
43 67
115 134
54 62
59 63
55 60
20 23
198 202
85 113
194 213
72 76
98 121
53 57
168 193
46 84
155 159
13 16
163 166
7 33
55 68
85 116
185 192
99 123
123 140
42 73
48 83
87 90
100 123
89 117
167 192
13 217
12 218
8 11
142 166
77 80
123 214
7 32
185 191
154 157
38 51
18 57
187 190
85 117
6 33
38 49
47 110
82 87
198 215
