211 186
79 22
216 198
37 24
86 74
72 69
29 26
83 70
217 14
116 85
123 98
23 8
219 15
117 89
65 50
74 70
113 85
76 55
67 64
221 203
82 21
29 25
87 49
90 25
49 37
48 42
87 37
18 10
69 43
70 46
58 50
109 41
34 7
86 83
83 46
63 56
202 199
23 13
112 108
30 26
212 193
129 107
99 84
112 109
117 85
95 28
122 114
96 34
62 56
192 185
68 55
15 12
81 73
70 48
220 217
183 179
68 63
214 123
26 16
117 113
194 168
63 59
12 8
167 123
73 68
210 194
186 182
47 41
76 61
203 197
192 182
73 42
70 42
57 18
137 122
51 36
46 42
90 21
109 45
116 112
26 12
84 39
87 24
98 7
214 98
61 55
65 48
139 130
208 204
165 140
214 195
25 21
72 68
221 6
190 185
110 47
134 115
49 24
81 50
202 170
35 24
64 54
57 52
82 19
89 85
97 88
212 7
193 167
134 111
213 203
87 82
99 39
13 8
186 211
22 79
198 216
24 37
74 86
69 72
26 29
70 83
14 217
85 116
98 123
8 23
15 219
89 117
50 65
70 74
85 113
55 76
64 67
203 221
21 82
25 29
49 87
25 90
37 49
42 48
37 87
10 18
43 69
46 70
50 58
41 109
7 34
83 86
46 83
56 63
199 202
13 23
108 112
26 30
193 212
107 129
84 99
109 112
85 117
28 95
114 122
34 96
56 62
185 192
55 68
12 15
73 81
48 70
217 220
179 183
63 68
123 214
16 26
113 117
168 194
59 63
8 12
123 167
68 73
194 210
182 186
41 47
61 76
197 203
182 192
42 73
42 70
18 57
122 137
36 51
42 46
21 90
45 109
112 116
12 26
39 84
24 87
7 98
98 214
55 61
48 65
130 139
204 208
140 165
195 214
21 25
68 72
6 221
185 190
47 110
115 134
24 49
50 81
170 202
24 35
54 64
52 57
19 82
85 89
88 97
7 212
167 193
111 134
203 213
82 87
39 99
8 13
