186 182
186 183
112 109
29 26
187 183
23 8
185 181
185 182
72 69
116 113
112 108
116 112
184 181
86 74
115 111
73 70
211 186
111 108
187 184
117 113
83 70
110 107
183 179
114 110
115 112
29 25
25 22
116 85
74 70
184 180
79 22
25 21
70 46
47 41
30 26
76 55
217 14
83 46
111 107
110 106
48 42
194 168
114 111
89 85
67 64
221 203
113 110
74 71
208 204
117 89
72 68
37 24
87 84
65 50
113 85
18 10
87 49
59 55
95 28
113 109
58 55
86 83
73 69
202 199
188 184
117 114
90 25
88 85
68 55
62 56
87 37
216 198
69 43
89 86
82 21
88 84
188 185
96 34
81 73
219 15
58 50
123 98
192 185
47 40
205 202
46 42
34 7
193 167
183 180
207 204
129 107
49 37
99 84
57 54
109 41
75 72
204 201
12 8
26 22
139 130
214 195
57 18
68 63
24 21
15 12
47 39
23 13
63 56
46 41
206 203
59 56
212 193
109 106
