33 8
30 13
72 12
101 98
75 72
61 57
99 30
91 69
66 45
83 70
64 61
71 11
111 104
58 55
104 100
97 93
44 30
103 32
113 105
81 77
99 13
110 103
76 24
20 14
89 84
62 59
89 68
57 53
106 9
79 23
114 71
40 35
36 33
97 79
42 8
78 52
58 54
67 31
44 28
103 11
29 12
84 81
55 52
43 8
39 36
67 10
90 12
60 57
84 77
26 20
20 13
84 80
101 97
82 78
114 109
73 26
59 56
70 12
64 60
37 32
80 21
18 15
67 64
92 80
78 22
31 8
78 25
102 91
110 34
64 45
45 16
82 61
72 26
65 31
20 12
95 14
29 23
102 11
100 32
76 22
98 18
79 73
90 80
103 9
102 93
19 11
59 55
70 59
34 9
105 101
104 101
109 91
79 25
66 8
80 77
73 24
116 89
40 33
90 84
74 22
102 71
85 81
90 75
104 38
111 18
28 17
82 58
87 11
16 13
83 75
72 22
73 12
63 48
82 75
75 26
96 93
21 13
43 18
109 71
44 41
104 84
86 62
86 82
107 9
108 104
74 60
65 43
47 29
83 78
110 9
67 45
50 47
41 32
67 39
109 69
58 53
83 27
69 31
74 52
57 54
103 39
25 22
78 55
91 31
75 23
70 36
61 58
95 71
102 38
85 26
61 56
38 35
30 16
67 62
102 92
48 27
78 56
27 20
22 12
103 99
22 15
106 71
74 21
32 27
46 28
105 39
47 23
39 34
27 19
101 5
70 29
88 59
101 40
75 22
88 85
104 43
102 66
61 43
64 19
79 76
92 74
77 25
82 53
64 10
8 33
13 30
12 72
98 101
72 75
57 61
30 99
69 91
45 66
70 83
61 64
11 71
104 111
55 58
100 104
93 97
30 44
32 103
105 113
77 81
13 99
103 110
24 76
14 20
84 89
59 62
68 89
53 57
9 106
23 79
71 114
35 40
33 36
79 97
8 42
52 78
54 58
31 67
28 44
11 103
12 29
81 84
52 55
8 43
36 39
10 67
12 90
57 60
77 84
20 26
13 20
80 84
97 101
78 82
109 114
26 73
56 59
12 70
60 64
32 37
21 80
15 18
64 67
80 92
22 78
8 31
25 78
91 102
34 110
45 64
16 45
61 82
26 72
31 65
12 20
14 95
23 29
11 102
32 100
22 76
18 98
73 79
80 90
9 103
93 102
11 19
55 59
59 70
9 34
101 105
101 104
91 109
25 79
8 66
77 80
24 73
89 116
33 40
84 90
22 74
71 102
81 85
75 90
38 104
18 111
17 28
58 82
11 87
13 16
75 83
22 72
12 73
48 63
75 82
26 75
93 96
13 21
18 43
71 109
41 44
84 104
62 86
82 86
9 107
104 108
60 74
43 65
29 47
78 83
9 110
45 67
47 50
32 41
39 67
69 109
53 58
27 83
31 69
52 74
54 57
39 103
22 25
55 78
31 91
23 75
36 70
58 61
71 95
38 102
26 85
56 61
35 38
16 30
62 67
92 102
27 48
56 78
20 27
12 22
99 103
15 22
71 106
21 74
27 32
28 46
39 105
23 47
34 39
19 27
5 101
29 70
59 88
40 101
22 75
85 88
43 104
66 102
43 61
19 64
76 79
74 92
25 77
53 82
10 64
