33 8
30 13
72 12
101 98
75 72
61 57
99 30
91 69
66 45
83 70
64 61
71 11
111 104
58 55
104 100
97 93
44 30
103 32
113 105
81 77
99 13
110 103
76 24
20 14
89 84
62 59
89 68
57 53
106 9
79 23
114 71
40 35
36 33
97 79
42 8
78 52
58 54
67 31
44 28
103 11
29 12
84 81
55 52
43 8
39 36
67 10
90 12
60 57
84 77
26 20
20 13
84 80
101 97
82 78
114 109
73 26
59 56
70 12
64 60
37 32
80 21
8 33
13 30
12 72
98 101
72 75
57 61
30 99
69 91
45 66
70 83
61 64
11 71
104 111
55 58
100 104
93 97
30 44
32 103
105 113
77 81
13 99
103 110
24 76
14 20
84 89
59 62
68 89
53 57
9 106
23 79
71 114
35 40
33 36
79 97
8 42
52 78
54 58
31 67
28 44
11 103
12 29
81 84
52 55
8 43
36 39
10 67
12 90
57 60
77 84
20 26
13 20
80 84
97 101
78 82
109 114
26 73
56 59
12 70
60 64
32 37
21 80
