105 102
84 81
103 100
101 98
81 78
103 99
104 101
105 101
82 79
104 100
102 99
106 103
59 55
58 55
85 82
83 80
85 81
59 56
60 57
86 83
80 77
84 80
81 77
57 54
82 78
106 102
102 98
62 59
61 58
57 53
75 72
58 54
83 79
64 61
33 8
79 76
108 105
18 15
56 53
55 52
86 82
61 57
60 56
30 13
80 76
120 117
39 35
116 113
39 36
72 12
107 104
44 30
101 97
38 35
63 60
119 116
89 84
40 35
63 59
78 23
76 24
102 105
81 84
100 103
98 101
78 81
99 103
101 104
101 105
79 82
100 104
99 102
103 106
55 59
55 58
82 85
80 83
81 85
56 59
57 60
83 86
77 80
80 84
77 81
54 57
78 82
102 106
98 102
59 62
58 61
53 57
72 75
54 58
79 83
61 64
8 33
76 79
105 108
15 18
53 56
52 55
82 86
57 61
56 60
13 30
76 80
117 120
35 39
113 116
36 39
12 72
104 107
30 44
97 101
35 38
60 63
116 119
84 89
35 40
59 63
23 78
24 76
