82 78
69 8
82 79
89 70
105 101
16 13
56 53
34 9
99 11
33 8
63 47
45 31
26 21
73 22
48 27
108 105
90 69
112 108
53 50
101 97
20 14
68 9
109 106
59 50
72 12
92 71
86 82
73 19
110 36
30 11
30 12
119 115
57 24
39 32
56 50
44 31
33 7
90 80
81 77
73 12
76 23
96 19
97 93
79 75
103 99
60 56
21 13
99 19
79 24
28 13
88 83
45 28
59 56
67 9
72 23
86 65
46 29
47 27
32 10
7 2
43 31
107 37
47 28
30 9
92 73
75 22
63 59
90 71
47 26
102 99
19 12
74 22
93 19
50 47
107 34
70 67
26 12
79 57
49 46
76 24
83 61
41 33
42 32
83 80
25 22
61 57
103 39
18 15
26 23
31 11
88 68
51 48
72 21
80 76
110 106
71 9
118 110
67 64
88 70
70 10
91 70
32 8
17 13
95 73
36 5
110 35
23 12
22 13
83 79
75 23
100 17
94 74
69 10
19 13
90 72
119 116
35 7
18 14
26 13
20 12
30 17
91 71
104 101
20 15
90 70
60 57
68 8
82 58
43 32
63 45
44 30
32 9
107 36
41 32
113 109
72 20
29 26
63 29
85 82
45 29
67 7
25 21
72 13
43 30
80 75
70 11
88 69
92 72
26 14
96 18
64 60
73 23
7 3
46 28
108 104
59 53
88 85
74 23
71 12
114 111
120 117
97 19
31 10
94 72
93 71
21 12
19 14
30 10
93 72
71 10
103 34
111 107
65 61
36 6
94 73
75 24
31 9
84 81
105 102
27 21
98 19
40 34
33 2
27 14
67 8
64 10
30 13
28 12
111 36
39 35
71 19
107 35
38 34
56 51
48 28
44 28
82 57
34 6
27 13
86 83
114 110
96 93
90 84
114 109
107 104
90 83
88 65
70 12
91 72
46 27
82 61
85 81
119 110
53 49
68 7
21 14
64 61
96 73
102 98
89 69
112 109
42 31
38 35
59 55
70 9
26 22
81 78
41 30
97 20
73 21
93 74
33 6
111 108
67 10
45 30
35 5
40 32
84 80
64 29
69 9
110 107
98 18
102 71
35 6
21 11
96 20
89 68
40 33
111 37
118 114
89 83
72 19
39 33
88 84
28 14
89 84
52 49
102 19
107 103
72 11
29 11
80 77
29 10
74 21
88 67
72 22
106 102
37 34
71 11
34 8
66 8
119 114
120 116
42 33
31 8
6 3
33 9
117 114
104 100
99 18
62 59
108 36
39 34
34 7
44 29
58 55
97 18
102 97
79 23
87 84
65 62
7 4
91 69
60 50
101 98
98 17
79 76
61 58
87 83
20 13
119 113
99 17
41 31
109 105
22 12
106 103
118 115
75 72
32 11
29 12
63 60
29 13
73 20
86 61
62 58
47 29
92 74
93 73
27 12
87 68
8 2
6 2
103 100
18 13
60 47
19 11
67 31
113 110
78 82
8 69
79 82
70 89
101 105
13 16
53 56
9 34
11 99
8 33
47 63
31 45
21 26
22 73
27 48
105 108
69 90
108 112
50 53
97 101
14 20
9 68
106 109
50 59
12 72
71 92
82 86
19 73
36 110
11 30
12 30
115 119
24 57
32 39
50 56
31 44
7 33
80 90
77 81
12 73
23 76
19 96
93 97
75 79
99 103
56 60
13 21
19 99
24 79
13 28
83 88
28 45
56 59
9 67
23 72
65 86
29 46
27 47
10 32
2 7
31 43
37 107
28 47
9 30
73 92
22 75
59 63
71 90
26 47
99 102
12 19
22 74
19 93
47 50
34 107
67 70
12 26
57 79
46 49
24 76
61 83
33 41
32 42
80 83
22 25
57 61
39 103
15 18
23 26
11 31
68 88
48 51
21 72
76 80
106 110
9 71
110 118
64 67
70 88
10 70
70 91
8 32
13 17
73 95
5 36
35 110
12 23
13 22
79 83
23 75
17 100
74 94
10 69
13 19
72 90
116 119
7 35
14 18
13 26
12 20
17 30
71 91
101 104
15 20
70 90
57 60
8 68
58 82
32 43
45 63
30 44
9 32
36 107
32 41
109 113
20 72
26 29
29 63
82 85
29 45
7 67
21 25
13 72
30 43
75 80
11 70
69 88
72 92
14 26
18 96
60 64
23 73
3 7
28 46
104 108
53 59
85 88
23 74
12 71
111 114
117 120
19 97
10 31
72 94
71 93
12 21
14 19
10 30
72 93
10 71
34 103
107 111
61 65
6 36
73 94
24 75
9 31
81 84
102 105
21 27
19 98
34 40
2 33
14 27
8 67
10 64
13 30
12 28
36 111
35 39
19 71
35 107
34 38
51 56
28 48
28 44
57 82
6 34
13 27
83 86
110 114
93 96
84 90
109 114
104 107
83 90
65 88
12 70
72 91
27 46
61 82
81 85
110 119
49 53
7 68
14 21
61 64
73 96
98 102
69 89
109 112
31 42
35 38
55 59
9 70
22 26
78 81
30 41
20 97
21 73
74 93
6 33
108 111
10 67
30 45
5 35
32 40
80 84
29 64
9 69
107 110
18 98
71 102
6 35
11 21
20 96
68 89
33 40
37 111
114 118
83 89
19 72
33 39
84 88
14 28
84 89
49 52
19 102
103 107
11 72
11 29
77 80
10 29
21 74
67 88
22 72
102 106
34 37
11 71
8 34
8 66
114 119
116 120
33 42
8 31
3 6
9 33
114 117
100 104
18 99
59 62
36 108
34 39
7 34
29 44
55 58
18 97
97 102
23 79
84 87
62 65
4 7
69 91
50 60
98 101
17 98
76 79
58 61
83 87
13 20
113 119
17 99
31 41
105 109
12 22
103 106
115 118
72 75
11 32
12 29
60 63
13 29
20 73
61 86
58 62
29 47
74 92
73 93
12 27
68 87
2 8
2 6
100 103
13 18
47 60
11 19
31 67
110 113
