84 81
33 8
103 100
30 13
104 101
101 98
102 99
105 102
104 100
81 78
106 103
82 79
105 101
84 80
103 99
86 83
83 80
85 82
81 77
75 72
106 102
58 55
72 12
58 54
80 77
82 78
57 53
57 54
85 81
61 57
83 79
59 56
102 98
79 76
83 70
99 30
59 55
66 45
44 30
101 97
71 11
64 61
62 59
60 56
60 57
91 69
111 104
110 103
40 35
76 24
18 15
61 58
86 82
20 13
107 104
107 103
29 12
44 28
79 23
56 53
97 93
20 14
89 84
99 13
78 52
73 26
78 22
76 73
62 58
39 36
55 52
108 105
106 9
74 22
42 8
80 76
36 33
120 116
89 68
31 8
64 60
114 71
63 60
120 117
71 12
116 113
77 74
26 20
20 12
39 35
113 105
67 64
117 114
96 93
76 22
97 79
18 14
108 104
63 59
72 26
88 85
75 23
100 97
88 84
56 52
77 25
43 8
55 51
50 47
103 32
40 33
8 5
112 109
78 25
118 115
110 104
80 21
29 13
119 116
87 83
78 23
103 11
76 72
