84 81
33 8
103 100
30 13
104 101
101 98
102 99
105 102
104 100
81 78
106 103
82 79
105 101
84 80
103 99
86 83
83 80
85 82
81 77
75 72
106 102
58 55
72 12
58 54
80 77
82 78
57 53
57 54
85 81
61 57
83 79
59 56
102 98
79 76
83 70
99 30
59 55
66 45
44 30
101 97
71 11
64 61
62 59
60 56
60 57
91 69
111 104
110 103
40 35
76 24
18 15
61 58
86 82
20 13
107 104
107 103
29 12
44 28
79 23
56 53
97 93
20 14
89 84
99 13
78 52
73 26
78 22
76 73
62 58
39 36
55 52
108 105
106 9
74 22
42 8
80 76
36 33
120 116
89 68
31 8
64 60
114 71
63 60
120 117
71 12
116 113
77 74
26 20
20 12
39 35
113 105
67 64
117 114
96 93
76 22
97 79
18 14
108 104
63 59
72 26
88 85
75 23
100 97
88 84
56 52
77 25
43 8
55 51
50 47
103 32
40 33
8 5
112 109
78 25
118 115
110 104
80 21
29 13
119 116
87 83
78 23
103 11
76 72
44 29
67 31
67 10
21 13
75 24
19 16
65 31
25 22
64 45
90 84
87 84
79 25
38 35
34 9
76 23
37 32
21 14
75 22
104 38
115 112
28 13
28 25
39 34
65 62
114 111
37 34
40 34
16 13
90 12
98 18
84 77
67 45
32 8
109 69
73 24
103 39
72 22
20 15
33 7
73 22
111 105
54 51
89 83
114 109
74 23
78 55
106 7
70 12
77 24
30 12
19 11
74 21
108 103
9 6
45 29
102 93
90 80
82 61
78 53
78 56
19 15
81 84
8 33
100 103
13 30
101 104
98 101
99 102
102 105
100 104
78 81
103 106
79 82
101 105
80 84
99 103
83 86
80 83
82 85
77 81
72 75
102 106
55 58
12 72
54 58
77 80
78 82
53 57
54 57
81 85
57 61
79 83
56 59
98 102
76 79
70 83
30 99
55 59
45 66
30 44
97 101
11 71
61 64
59 62
56 60
57 60
69 91
104 111
103 110
35 40
24 76
15 18
58 61
82 86
13 20
104 107
103 107
12 29
28 44
23 79
53 56
93 97
14 20
84 89
13 99
52 78
26 73
22 78
73 76
58 62
36 39
52 55
105 108
9 106
22 74
8 42
76 80
33 36
116 120
68 89
8 31
60 64
71 114
60 63
117 120
12 71
113 116
74 77
20 26
12 20
35 39
105 113
64 67
114 117
93 96
22 76
79 97
14 18
104 108
59 63
26 72
85 88
23 75
97 100
84 88
52 56
25 77
8 43
51 55
47 50
32 103
33 40
5 8
109 112
25 78
115 118
104 110
21 80
13 29
116 119
83 87
23 78
11 103
72 76
29 44
31 67
10 67
13 21
24 75
16 19
31 65
22 25
45 64
84 90
84 87
25 79
35 38
9 34
23 76
32 37
14 21
22 75
38 104
112 115
13 28
25 28
34 39
62 65
111 114
34 37
34 40
13 16
12 90
18 98
77 84
45 67
8 32
69 109
24 73
39 103
22 72
15 20
7 33
22 73
105 111
51 54
83 89
109 114
23 74
55 78
7 106
12 70
24 77
12 30
11 19
21 74
103 108
6 9
29 45
93 102
80 90
61 82
53 78
56 78
15 19
