58 3
67 29
72 63
75 20
76 2
26 23
66 28
74 27
57 35
67 28
82 77
76 4
39 32
85 82
60 34
71 27
74 23
39 34
62 34
42 20
81 76
60 3
59 53
73 69
58 5
73 2
37 34
74 70
51 40
64 30
53 6
73 70
62 39
33 20
75 24
55 9
50 46
71 31
46 40
20 12
57 54
63 29
70 67
84 79
22 19
77 73
83 7
84 8
15 11
22 18
41 30
45 21
71 24
81 7
48 21
50 40
79 19
44 41
53 35
23 19
49 46
16 13
79 23
43 24
61 20
75 61
43 29
49 45
62 32
31 24
52 14
71 29
16 10
65 29
48 33
17 11
45 14
79 8
46 41
43 30
14 11
49 18
43 27
77 23
76 72
67 27
47 40
42 31
68 63
68 29
63 31
80 4
53 50
61 4
68 65
81 66
80 20
59 4
25 22
80 61
72 2
72 61
50 18
47 41
46 25
40 34
61 2
42 24
71 65
71 67
68 64
47 25
56 31
80 59
19 16
57 36
80 8
55 7
50 47
59 6
53 45
47 44
53 10
84 80
47 17
17 13
79 72
81 2
13 8
77 74
42 4
57 52
