58 3
67 29
72 63
75 20
76 2
26 23
66 28
74 27
57 35
67 28
82 77
76 4
39 32
85 82
60 34
71 27
74 23
39 34
62 34
42 20
81 76
60 3
59 53
73 69
58 5
73 2
37 34
74 70
51 40
64 30
53 6
73 70
62 39
33 20
75 24
55 9
50 46
71 31
46 40
20 12
57 54
63 29
70 67
84 79
3 58
29 67
63 72
20 75
2 76
23 26
28 66
27 74
35 57
28 67
77 82
4 76
32 39
82 85
34 60
27 71
23 74
34 39
34 62
20 42
76 81
3 60
53 59
69 73
5 58
2 73
34 37
70 74
40 51
30 64
6 53
70 73
39 62
20 33
24 75
9 55
46 50
31 71
40 46
12 20
54 57
29 63
67 70
79 84
