60 3
73 70
73 69
58 3
72 69
74 71
26 23
75 72
60 2
74 70
59 3
57 35
76 73
76 2
67 29
50 46
72 63
58 5
49 46
39 34
75 71
39 32
16 13
50 47
76 4
82 77
81 76
68 65
76 72
37 34
74 27
64 30
72 68
71 27
77 74
22 19
77 73
67 28
66 28
23 19
61 2
75 20
60 34
62 34
3 60
70 73
69 73
3 58
69 72
71 74
23 26
72 75
2 60
70 74
3 59
35 57
73 76
2 76
29 67
46 50
63 72
5 58
46 49
34 39
71 75
32 39
13 16
47 50
4 76
77 82
76 81
65 68
72 76
34 37
27 74
30 64
68 72
27 71
74 77
19 22
73 77
28 67
28 66
19 23
2 61
20 75
34 60
34 62
