60 3
73 70
73 69
58 3
72 69
74 71
26 23
75 72
60 2
74 70
59 3
57 35
76 73
76 2
67 29
50 46
72 63
58 5
49 46
39 34
75 71
39 32
16 13
50 47
76 4
82 77
81 76
68 65
76 72
37 34
74 27
64 30
72 68
71 27
77 74
22 19
77 73
67 28
66 28
23 19
61 2
75 20
60 34
62 34
42 20
58 4
74 23
23 20
64 29
70 67
59 4
73 2
84 8
65 29
71 68
24 21
63 29
49 45
51 48
41 30
57 54
85 82
62 32
71 67
22 18
63 31
84 79
69 66
17 14
51 47
48 45
46 40
15 11
55 9
59 53
51 40
83 7
25 22
81 7
27 24
21 18
53 6
50 40
62 39
71 31
66 29
69 65
63 30
68 64
71 24
84 80
44 41
41 32
78 74
52 48
65 28
18 14
38 34
61 3
81 77
16 12
70 66
24 20
78 75
60 4
75 24
20 12
57 53
18 15
48 21
33 20
83 8
14 11
17 13
45 21
59 5
67 27
15 12
46 41
17 11
48 44
41 31
83 79
72 2
26 22
83 80
16 10
83 78
65 30
84 81
71 29
53 50
3 60
70 73
69 73
3 58
69 72
71 74
23 26
72 75
2 60
70 74
3 59
35 57
73 76
2 76
29 67
46 50
63 72
5 58
46 49
34 39
71 75
32 39
13 16
47 50
4 76
77 82
76 81
65 68
72 76
34 37
27 74
30 64
68 72
27 71
74 77
19 22
73 77
28 67
28 66
19 23
2 61
20 75
34 60
34 62
20 42
4 58
23 74
20 23
29 64
67 70
4 59
2 73
8 84
29 65
68 71
21 24
29 63
45 49
48 51
30 41
54 57
82 85
32 62
67 71
18 22
31 63
79 84
66 69
14 17
47 51
45 48
40 46
11 15
9 55
53 59
40 51
7 83
22 25
7 81
24 27
18 21
6 53
40 50
39 62
31 71
29 66
65 69
30 63
64 68
24 71
80 84
41 44
32 41
74 78
48 52
28 65
14 18
34 38
3 61
77 81
12 16
66 70
20 24
75 78
4 60
24 75
12 20
53 57
15 18
21 48
20 33
8 83
11 14
13 17
21 45
5 59
27 67
12 15
41 46
11 17
44 48
31 41
79 83
2 72
22 26
80 83
10 16
78 83
30 65
81 84
29 71
50 53
