84 80
52 12
12 6
48 40
39 32
85 79
44 21
43 20
47 41
17 14
62 30
38 34
77 73
61 34
26 22
43 31
40 34
61 32
24 20
57 54
53 49
71 27
58 36
85 4
48 45
67 64
31 24
62 32
61 3
51 35
41 33
72 68
63 31
18 15
40 32
60 35
78 19
51 47
83 8
79 75
22 18
45 17
84 81
64 30
52 11
53 12
50 47
21 18
75 71
55 10
56 5
42 33
55 7
60 2
81 78
82 79
71 63
84 6
59 35
78 23
54 12
43 22
72 61
39 34
78 75
78 20
48 42
67 27
71 67
85 7
49 13
80 77
76 2
85 6
83 80
68 65
60 33
79 20
73 70
68 63
49 12
59 4
49 46
20 17
44 40
48 12
57 36
85 8
52 49
81 77
37 34
27 24
43 24
61 31
57 35
41 31
56 7
58 5
72 63
67 29
54 10
49 17
49 14
52 13
71 68
60 34
18 14
55 6
21 17
59 5
45 42
72 62
53 11
22 19
55 9
82 78
64 31
85 5
82 16
60 3
59 34
63 30
68 27
42 24
48 41
56 6
78 74
43 25
69 63
48 44
44 41
55 5
83 7
52 48
71 29
84 79
53 48
58 4
57 53
12 8
61 33
74 23
55 12
58 3
68 64
43 23
85 82
39 35
11 7
50 46
51 38
23 20
11 8
16 12
72 2
65 29
75 23
47 42
84 7
59 6
74 71
57 5
63 29
75 72
65 28
16 13
28 25
69 66
51 40
63 32
11 6
84 8
55 8
83 79
66 28
80 76
66 29
60 4
45 18
72 69
41 32
54 11
57 6
42 32
74 70
45 21
84 16
25 21
17 12
75 24
51 48
58 35
59 33
45 14
51 39
76 72
42 21
54 6
47 44
77 74
84 12
53 35
59 36
42 20
62 2
19 15
13 10
39 33
76 73
84 11
48 33
62 34
58 6
40 33
54 9
70 67
30 27
48 17
62 31
55 11
64 29
27 23
53 13
62 33
38 35
75 20
41 30
65 30
67 28
59 3
79 76
49 45
61 2
73 69
19 16
24 21
43 21
20 16
79 16
42 31
23 19
17 13
68 29
47 40
85 80
26 23
25 22
71 24
80 84
12 52
6 12
40 48
32 39
79 85
21 44
20 43
41 47
14 17
30 62
34 38
73 77
34 61
22 26
31 43
34 40
32 61
20 24
54 57
49 53
27 71
36 58
4 85
45 48
64 67
24 31
32 62
3 61
35 51
33 41
68 72
31 63
15 18
32 40
35 60
19 78
47 51
8 83
75 79
18 22
17 45
81 84
30 64
11 52
12 53
47 50
18 21
71 75
10 55
5 56
33 42
7 55
2 60
78 81
79 82
63 71
6 84
35 59
23 78
12 54
22 43
61 72
34 39
75 78
20 78
42 48
27 67
67 71
7 85
13 49
77 80
2 76
6 85
80 83
65 68
33 60
20 79
70 73
63 68
12 49
4 59
46 49
17 20
40 44
12 48
36 57
8 85
49 52
77 81
34 37
24 27
24 43
31 61
35 57
31 41
7 56
5 58
63 72
29 67
10 54
17 49
14 49
13 52
68 71
34 60
14 18
6 55
17 21
5 59
42 45
62 72
11 53
19 22
9 55
78 82
31 64
5 85
16 82
3 60
34 59
30 63
27 68
24 42
41 48
6 56
74 78
25 43
63 69
44 48
41 44
5 55
7 83
48 52
29 71
79 84
48 53
4 58
53 57
8 12
33 61
23 74
12 55
3 58
64 68
23 43
82 85
35 39
7 11
46 50
38 51
20 23
8 11
12 16
2 72
29 65
23 75
42 47
7 84
6 59
71 74
5 57
29 63
72 75
28 65
13 16
25 28
66 69
40 51
32 63
6 11
8 84
8 55
79 83
28 66
76 80
29 66
4 60
18 45
69 72
32 41
11 54
6 57
32 42
70 74
21 45
16 84
21 25
12 17
24 75
48 51
35 58
33 59
14 45
39 51
72 76
21 42
6 54
44 47
74 77
12 84
35 53
36 59
20 42
2 62
15 19
10 13
33 39
73 76
11 84
33 48
34 62
6 58
33 40
9 54
67 70
27 30
17 48
31 62
11 55
29 64
23 27
13 53
33 62
35 38
20 75
30 41
30 65
28 67
3 59
76 79
45 49
2 61
69 73
16 19
21 24
21 43
16 20
16 79
31 42
19 23
13 17
29 68
40 47
80 85
23 26
22 25
24 71
