85 13
53 46
66 46
89 65
95 23
83 67
81 18
19 13
77 69
75 72
81 20
79 20
80 68
78 36
109 92
47 37
110 19
34 25
114 23
112 85
72 69
31 25
87 15
97 25
58 55
81 69
81 67
66 62
65 62
77 72
62 58
83 18
80 66
119 116
66 53
117 114
58 45
96 39
106 6
91 40
99 33
38 21
17 14
68 46
8 3
111 52
6 3
30 13
84 16
91 78
78 25
36 28
80 22
96 37
107 92
7 4
47 44
84 18
110 80
63 60
77 20
90 87
67 64
46 35
111 10
88 61
94 41
84 32
76 27
85 12
38 23
119 115
99 78
54 50
80 76
22 7
107 94
9 6
90 14
109 66
55 46
48 45
120 117
85 18
105 94
119 114
99 80
113 12
79 21
42 36
13 4
78 73
63 34
83 32
88 29
108 21
49 35
120 116
106 4
62 45
97 33
30 7
112 13
36 8
82 18
93 90
111 26
113 68
108 38
68 36
109 90
120 115
63 58
69 12
112 106
30 27
99 34
82 69
102 99
106 86
76 70
58 53
68 35
106 15
106 20
41 35
49 17
112 95
79 24
81 13
31 27
86 61
60 57
43 29
99 15
9 5
87 36
34 27
79 61
71 7
90 15
104 71
98 90
94 11
74 14
106 45
69 20
52 28
118 115
10 7
105 67
89 22
44 34
67 36
93 57
105 39
50 45
68 48
36 25
77 24
86 77
103 98
39 15
40 34
103 77
93 89
56 50
79 22
115 13
92 8
110 71
78 29
118 114
54 47
59 37
80 59
100 69
108 8
86 15
113 87
106 11
39 31
84 26
97 19
63 12
73 51
13 85
46 53
46 66
65 89
23 95
67 83
18 81
13 19
69 77
72 75
20 81
20 79
68 80
36 78
92 109
37 47
19 110
25 34
23 114
85 112
69 72
25 31
15 87
25 97
55 58
69 81
67 81
62 66
62 65
72 77
58 62
18 83
66 80
116 119
53 66
114 117
45 58
39 96
6 106
40 91
33 99
21 38
14 17
46 68
3 8
52 111
3 6
13 30
16 84
78 91
25 78
28 36
22 80
37 96
92 107
4 7
44 47
18 84
80 110
60 63
20 77
87 90
64 67
35 46
10 111
61 88
41 94
32 84
27 76
12 85
23 38
115 119
78 99
50 54
76 80
7 22
94 107
6 9
14 90
66 109
46 55
45 48
117 120
18 85
94 105
114 119
80 99
12 113
21 79
36 42
4 13
73 78
34 63
32 83
29 88
21 108
35 49
116 120
4 106
45 62
33 97
7 30
13 112
8 36
18 82
90 93
26 111
68 113
38 108
36 68
90 109
115 120
58 63
12 69
106 112
27 30
34 99
69 82
99 102
86 106
70 76
53 58
35 68
15 106
20 106
35 41
17 49
95 112
24 79
13 81
27 31
61 86
57 60
29 43
15 99
5 9
36 87
27 34
61 79
7 71
15 90
71 104
90 98
11 94
14 74
45 106
20 69
28 52
115 118
7 10
67 105
22 89
34 44
36 67
57 93
39 105
45 50
48 68
25 36
24 77
77 86
98 103
15 39
34 40
77 103
89 93
50 56
22 79
13 115
8 92
71 110
29 78
114 118
47 54
37 59
59 80
69 100
8 108
15 86
87 113
11 106
31 39
26 84
19 97
12 63
51 73
