75 72
10 7
81 67
58 55
53 46
81 68
48 45
80 68
7 4
81 20
67 64
9 6
30 27
65 62
62 59
17 14
6 3
47 44
8 5
82 67
79 20
81 66
34 31
32 29
81 19
5 2
76 72
63 60
62 58
80 67
117 114
80 20
80 69
119 116
81 18
53 47
49 46
83 67
29 26
72 69
33 30
119 115
81 69
121 118
8 4
76 73
102 99
120 117
66 63
118 114
75 71
57 54
7 3
74 71
85 13
83 18
107 92
77 69
101 98
80 66
52 49
118 115
72 75
7 10
67 81
55 58
46 53
68 81
45 48
68 80
4 7
20 81
64 67
6 9
27 30
62 65
59 62
14 17
3 6
44 47
5 8
67 82
20 79
66 81
31 34
29 32
19 81
2 5
72 76
60 63
58 62
67 80
114 117
20 80
69 80
116 119
18 81
47 53
46 49
67 83
26 29
69 72
30 33
115 119
69 81
118 121
4 8
73 76
99 102
117 120
63 66
114 118
71 75
54 57
3 7
71 74
13 85
18 83
92 107
69 77
98 101
66 80
49 52
115 118
