85 13
53 46
66 46
89 65
95 23
83 67
81 18
19 13
77 69
75 72
81 20
79 20
80 68
78 36
109 92
47 37
110 19
34 25
114 23
112 85
72 69
31 25
87 15
97 25
58 55
81 69
81 67
66 62
65 62
77 72
62 58
83 18
80 66
119 116
66 53
117 114
58 45
96 39
106 6
91 40
99 33
38 21
17 14
68 46
8 3
111 52
6 3
30 13
84 16
91 78
78 25
36 28
80 22
96 37
107 92
7 4
47 44
84 18
110 80
63 60
77 20
90 87
67 64
46 35
111 10
88 61
94 41
84 32
76 27
85 12
38 23
119 115
99 78
54 50
80 76
22 7
107 94
9 6
90 14
109 66
55 46
48 45
120 117
85 18
105 94
119 114
99 80
113 12
79 21
42 36
13 4
78 73
63 34
83 32
88 29
108 21
49 35
120 116
106 4
62 45
97 33
30 7
112 13
36 8
82 18
93 90
111 26
113 68
108 38
68 36
109 90
120 115
63 58
69 12
112 106
30 27
99 34
82 69
102 99
106 86
76 70
58 53
68 35
106 15
