53 46
75 72
89 65
81 18
66 46
85 13
80 68
81 20
95 23
81 67
79 20
83 67
58 55
114 23
65 62
19 13
107 92
10 7
77 69
67 64
109 92
81 69
112 85
62 58
110 19
87 15
30 27
7 4
81 68
81 66
31 25
80 66
9 6
72 69
80 67
47 37
47 44
82 67
80 20
77 72
34 25
66 62
118 115
97 25
62 59
78 36
6 3
63 60
17 14
54 47
66 53
58 45
8 5
96 37
75 71
33 30
49 46
5 2
48 45
80 69
81 19
60 57
85 12
79 21
117 114
29 26
34 31
76 73
79 22
118 114
102 98
76 72
57 54
83 18
53 47
66 63
18 13
7 3
76 69
55 46
84 16
121 117
82 66
111 52
8 4
119 115
121 118
10 6
35 32
49 35
32 29
80 22
31 28
30 26
54 50
31 27
38 21
8 3
80 76
58 54
82 18
102 99
63 58
17 13
48 44
59 56
67 63
90 87
108 92
78 25
64 61
73 70
30 13
99 33
101 98
79 68
28 25
84 18
47 43
85 15
76 71
106 6
96 39
63 59
