53 46
75 72
89 65
81 18
66 46
85 13
80 68
81 20
95 23
81 67
79 20
83 67
58 55
114 23
65 62
19 13
107 92
10 7
77 69
67 64
109 92
81 69
112 85
62 58
110 19
87 15
30 27
7 4
81 68
81 66
31 25
80 66
9 6
72 69
80 67
47 37
47 44
82 67
80 20
77 72
34 25
66 62
118 115
97 25
62 59
78 36
6 3
63 60
17 14
54 47
66 53
58 45
8 5
96 37
75 71
33 30
49 46
5 2
48 45
80 69
81 19
60 57
85 12
79 21
117 114
29 26
34 31
76 73
79 22
118 114
102 98
76 72
57 54
83 18
53 47
66 63
18 13
7 3
76 69
55 46
84 16
121 117
82 66
111 52
8 4
119 115
121 118
10 6
35 32
49 35
32 29
80 22
31 28
30 26
54 50
31 27
38 21
8 3
80 76
58 54
82 18
102 99
63 58
17 13
48 44
59 56
67 63
90 87
108 92
78 25
64 61
73 70
30 13
99 33
101 98
79 68
28 25
84 18
47 43
85 15
76 71
106 6
96 39
63 59
119 114
16 13
52 46
54 51
46 43
82 19
80 21
50 47
86 15
85 18
9 5
107 94
76 27
31 26
120 117
77 24
52 49
65 61
74 71
33 29
91 78
79 76
53 50
64 60
42 39
76 70
22 7
54 46
44 41
90 14
79 69
38 23
120 116
49 45
119 116
120 115
116 113
61 58
68 36
34 30
93 89
106 103
6 2
52 48
99 34
105 102
11 6
77 73
93 90
68 46
107 93
55 47
77 25
56 50
85 14
103 98
109 90
99 78
59 55
55 52
29 25
52 47
46 53
72 75
65 89
18 81
46 66
13 85
68 80
20 81
23 95
67 81
20 79
67 83
55 58
23 114
62 65
13 19
92 107
7 10
69 77
64 67
92 109
69 81
85 112
58 62
19 110
15 87
27 30
4 7
68 81
66 81
25 31
66 80
6 9
69 72
67 80
37 47
44 47
67 82
20 80
72 77
25 34
62 66
115 118
25 97
59 62
36 78
3 6
60 63
14 17
47 54
53 66
45 58
5 8
37 96
71 75
30 33
46 49
2 5
45 48
69 80
19 81
57 60
12 85
21 79
114 117
26 29
31 34
73 76
22 79
114 118
98 102
72 76
54 57
18 83
47 53
63 66
13 18
3 7
69 76
46 55
16 84
117 121
66 82
52 111
4 8
115 119
118 121
6 10
32 35
35 49
29 32
22 80
28 31
26 30
50 54
27 31
21 38
3 8
76 80
54 58
18 82
99 102
58 63
13 17
44 48
56 59
63 67
87 90
92 108
25 78
61 64
70 73
13 30
33 99
98 101
68 79
25 28
18 84
43 47
15 85
71 76
6 106
39 96
59 63
114 119
13 16
46 52
51 54
43 46
19 82
21 80
47 50
15 86
18 85
5 9
94 107
27 76
26 31
117 120
24 77
49 52
61 65
71 74
29 33
78 91
76 79
50 53
60 64
39 42
70 76
7 22
46 54
41 44
14 90
69 79
23 38
116 120
45 49
116 119
115 120
113 116
58 61
36 68
30 34
89 93
103 106
2 6
48 52
34 99
102 105
6 11
73 77
90 93
46 68
93 107
47 55
25 77
50 56
14 85
98 103
90 109
78 99
55 59
52 55
25 29
47 52
