85 13
53 46
66 46
89 65
95 23
83 67
81 18
19 13
77 69
75 72
81 20
79 20
80 68
78 36
109 92
47 37
110 19
34 25
114 23
112 85
72 69
31 25
87 15
97 25
58 55
81 69
81 67
66 62
65 62
77 72
62 58
83 18
80 66
119 116
66 53
117 114
58 45
96 39
106 6
91 40
99 33
38 21
17 14
68 46
8 3
111 52
6 3
30 13
84 16
91 78
78 25
36 28
80 22
96 37
107 92
7 4
47 44
84 18
110 80
63 60
77 20
90 87
13 85
46 53
46 66
65 89
23 95
67 83
18 81
13 19
69 77
72 75
20 81
20 79
68 80
36 78
92 109
37 47
19 110
25 34
23 114
85 112
69 72
25 31
15 87
25 97
55 58
69 81
67 81
62 66
62 65
72 77
58 62
18 83
66 80
116 119
53 66
114 117
45 58
39 96
6 106
40 91
33 99
21 38
14 17
46 68
3 8
52 111
3 6
13 30
16 84
78 91
25 78
28 36
22 80
37 96
92 107
4 7
44 47
18 84
80 110
60 63
20 77
87 90
