82 21
79 68
78 22
89 82
44 38
115 15
82 45
16 13
66 62
80 67
93 39
89 86
85 17
107 6
77 72
48 36
49 36
113 14
62 44
93 21
111 11
78 36
114 87
66 46
97 25
43 40
110 91
99 2
17 14
36 31
106 5
79 22
103 96
108 21
110 11
46 38
80 38
33 30
121 118
114 15
53 47
76 72
68 48
80 45
57 47
28 2
103 99
107 41
83 64
45 38
59 45
97 4
49 35
59 40
94 41
80 23
66 45
97 31
96 37
25 5
84 65
29 2
76 24
109 11
26 3
105 96
58 54
111 12
108 94
62 46
110 92
110 89
68 38
24 6
21 7
112 85
66 58
81 68
102 99
96 38
26 4
19 11
109 9
29 25
63 59
81 19
110 21
81 21
91 41
54 49
17 13
105 94
78 24
58 45
96 4
82 20
25 2
96 35
83 67
95 4
109 91
76 29
110 12
73 70
112 15
47 38
95 37
62 43
51 48
89 19
99 34
105 4
26 5
47 36
112 89
85 14
45 39
95 38
48 35
19 13
26 2
74 30
76 28
66 38
36 23
68 46
11 7
54 47
108 95
54 48
23 6
84 16
96 39
79 69
68 53
44 37
80 46
83 18
119 116
95 23
34 31
85 13
102 2
98 34
99 35
94 38
109 10
113 13
83 65
106 4
85 82
20 11
108 92
85 16
89 85
23 5
70 32
96 36
81 20
80 66
109 93
46 37
76 31
97 2
62 45
105 97
59 44
53 48
112 86
112 90
47 37
93 41
88 61
108 23
27 2
77 31
78 69
111 91
77 23
24 4
77 24
78 72
78 70
106 95
104 3
65 61
53 46
79 21
75 24
73 31
77 73
104 2
72 69
97 37
106 96
68 36
58 46
112 91
106 23
22 6
74 29
8 5
104 25
86 16
116 15
82 62
94 40
61 43
97 36
107 92
93 80
79 20
80 22
75 30
28 25
38 23
87 15
110 19
52 48
78 73
112 14
93 45
86 15
24 5
95 78
81 69
57 44
93 38
97 35
73 36
98 35
82 19
22 7
95 6
62 58
44 39
73 30
76 30
84 18
97 23
82 18
78 68
58 55
107 94
77 22
115 14
45 37
106 94
81 66
82 66
110 90
106 6
82 13
113 15
110 85
63 60
81 18
117 114
80 69
80 68
81 67
110 82
110 10
102 98
69 20
103 98
78 31
93 40
21 11
94 39
63 55
63 58
59 43
58 44
43 39
109 92
110 13
108 11
25 4
67 46
97 34
95 21
85 15
104 4
65 62
45 40
78 23
78 48
25 3
74 32
108 8
94 42
103 97
76 25
92 41
105 95
76 73
111 90
106 3
47 44
80 20
90 87
23 4
47 35
108 93
111 10
73 32
108 7
75 28
85 19
110 93
28 24
114 14
82 65
42 39
18 13
95 80
51 32
52 49
104 96
99 33
31 25
111 13
51 33
97 76
95 36
112 12
70 48
108 22
89 13
57 54
83 66
38 21
85 18
112 13
107 93
80 21
113 12
75 72
79 23
62 59
10 7
98 36
68 37
74 31
104 97
58 47
77 74
48 37
50 33
108 6
112 87
92 40
