186 183
185 182
184 181
42 39
27 24
58 55
41 38
149 146
186 182
125 122
146 143
182 179
149 145
150 146
185 181
146 142
145 141
184 180
59 56
183 180
145 142
127 124
148 145
126 123
181 178
147 144
187 183
148 144
26 23
127 123
154 151
187 184
151 148
126 122
153 149
42 38
57 54
79 76
144 141
150 147
56 53
152 149
59 55
180 177
154 150
156 152
155 152
27 23
124 121
151 147
128 125
155 151
43 40
147 143
179 176
24 21
188 185
124 120
25 22
28 24
183 179
156 153
58 54
25 21
123 120
73 70
125 121
122 119
153 150
26 22
57 53
170 115
189 185
78 75
28 25
152 148
69 66
185 28
41 37
183 175
152 120
102 99
60 56
128 124
129 125
170 117
43 39
144 140
187 169
182 178
100 97
188 184
157 154
60 57
143 140
74 70
71 68
179 175
74 71
56 52
79 75
160 156
71 67
184 21
189 186
72 69
40 37
190 187
173 118
174 119
181 28
180 171
181 177
101 98
132 129
181 24
99 96
177 20
173 116
122 118
98 95
68 65
174 122
46 43
157 153
169 114
33 22
172 117
78 74
160 157
104 101
80 76
70 66
118 16
69 65
163 160
123 119
130 127
73 69
123 118
181 21
44 40
51 48
113 9
69 40
180 21
65 57
185 29
100 96
29 26
70 67
54 51
132 128
39 36
44 41
180 176
162 158
103 100
75 72
178 24
143 139
169 112
77 74
24 20
45 42
22 10
145 124
129 126
158 154
52 49
53 50
102 98
184 114
168 115
190 186
72 68
187 114
101 97
161 157
134 131
158 155
133 129
55 52
88 70
68 64
46 42
67 64
162 159
23 19
182 28
80 77
145 120
159 156
171 117
189 29
40 36
29 25
149 120
140 137
23 20
148 123
123 13
73 36
169 115
75 71
25 10
38 35
161 158
76 72
159 155
171 115
173 117
113 11
177 24
144 127
105 102
168 113
180 175
111 9
168 114
165 101
55 51
170 163
180 173
169 113
133 130
106 74
75 43
16 13
98 94
131 127
135 131
184 116
175 172
171 116
104 100
189 28
84 81
77 73
99 95
170 160
163 159
47 44
61 57
130 126
105 101
108 105
99 70
90 70
52 48
61 58
66 63
172 118
103 99
123 14
111 7
126 118
110 9
106 103
112 9
97 94
76 73
51 47
131 128
164 160
134 130
22 19
33 26
45 41
115 11
173 119
111 8
172 116
48 43
92 89
93 90
47 43
139 136
54 50
141 138
135 132
112 8
177 21
65 62
58 44
75 49
39 35
187 112
35 22
66 62
176 173
