185 182
42 39
186 183
185 181
148 145
41 38
42 38
182 179
58 55
144 141
27 24
125 122
126 123
150 146
26 23
187 184
181 178
186 182
147 143
146 143
187 183
184 181
127 123
57 54
146 142
149 146
148 144
127 124
155 152
188 185
147 144
183 180
150 147
28 24
126 122
122 119
154 150
124 121
145 142
149 145
145 141
180 177
179 176
184 180
152 149
156 153
56 53
154 151
59 56
123 120
151 148
79 76
58 54
43 40
27 23
153 149
183 179
151 147
59 55
153 150
125 121
24 21
25 21
152 148
28 25
124 120
100 97
40 37
26 22
41 37
57 53
155 151
188 184
156 152
73 70
69 66
189 185
60 56
128 125
99 96
74 71
68 65
102 99
101 98
70 67
60 57
43 39
25 22
143 140
71 68
72 69
180 176
189 186
123 119
128 124
129 125
98 95
182 185
39 42
183 186
181 185
145 148
38 41
38 42
179 182
55 58
141 144
24 27
122 125
123 126
146 150
23 26
184 187
178 181
182 186
143 147
143 146
183 187
181 184
123 127
54 57
142 146
146 149
144 148
124 127
152 155
185 188
144 147
180 183
147 150
24 28
122 126
119 122
150 154
121 124
142 145
145 149
141 145
177 180
176 179
180 184
149 152
153 156
53 56
151 154
56 59
120 123
148 151
76 79
54 58
40 43
23 27
149 153
179 183
147 151
55 59
150 153
121 125
21 24
21 25
148 152
25 28
120 124
97 100
37 40
22 26
37 41
53 57
151 155
184 188
152 156
70 73
66 69
185 189
56 60
125 128
96 99
71 74
65 68
99 102
98 101
67 70
57 60
39 43
22 25
140 143
68 71
69 72
176 180
186 189
119 123
124 128
125 129
95 98
