183 175
185 28
125 122
181 24
179 175
170 117
173 116
179 176
187 169
184 21
181 21
152 120
181 28
174 119
153 149
180 171
59 55
145 141
123 118
185 29
173 118
42 39
170 115
33 22
122 119
79 76
178 24
118 16
169 112
22 10
186 183
56 53
174 122
154 150
172 117
27 24
187 114
65 57
180 21
160 156
69 40
129 125
122 118
185 181
189 185
186 182
184 114
156 152
145 124
150 146
146 142
149 120
184 116
187 183
46 42
177 20
145 120
28 24
60 56
73 70
189 29
169 114
27 23
79 75
182 28
181 177
144 127
41 37
149 145
25 10
24 21
132 129
123 13
124 120
106 74
170 163
170 160
148 123
163 160
35 22
51 48
42 38
155 151
126 118
146 143
26 22
111 9
88 70
180 173
90 70
80 76
140 137
184 181
75 43
182 179
68 64
88 67
73 36
23 19
113 9
99 70
48 43
155 152
165 101
168 115
149 146
123 14
98 95
190 187
156 153
56 52
75 49
187 171
41 38
153 150
33 26
175 172
26 23
183 180
39 36
127 123
71 68
52 49
125 121
135 131
74 71
177 24
78 74
152 149
59 56
133 129
69 65
127 15
46 43
132 128
154 151
177 21
188 25
111 7
161 102
58 44
74 70
148 144
87 84
35 26
159 11
185 182
162 159
143 140
84 81
189 28
20 17
173 126
71 67
184 25
68 65
123 16
152 148
180 175
110 9
115 11
113 11
183 179
104 101
67 64
130 127
52 47
187 112
101 98
184 171
116 10
181 25
128 124
116 21
141 128
69 66
167 9
156 115
181 29
72 39
73 69
145 142
108 105
168 113
84 31
83 32
87 7
102 99
38 23
188 112
39 34
53 49
126 17
72 43
