183 175
185 28
125 122
181 24
179 175
170 117
173 116
179 176
187 169
184 21
181 21
152 120
181 28
174 119
153 149
180 171
59 55
145 141
123 118
185 29
173 118
42 39
170 115
33 22
122 119
79 76
178 24
118 16
169 112
22 10
186 183
56 53
174 122
154 150
172 117
27 24
187 114
65 57
180 21
160 156
69 40
129 125
122 118
185 181
189 185
186 182
184 114
156 152
145 124
150 146
146 142
149 120
184 116
187 183
46 42
177 20
145 120
28 24
60 56
73 70
189 29
169 114
27 23
79 75
182 28
181 177
144 127
41 37
149 145
25 10
24 21
132 129
123 13
124 120
106 74
170 163
170 160
148 123
163 160
35 22
51 48
42 38
155 151
126 118
146 143
26 22
111 9
88 70
180 173
90 70
80 76
140 137
184 181
75 43
182 179
68 64
88 67
175 183
28 185
122 125
24 181
175 179
117 170
116 173
176 179
169 187
21 184
21 181
120 152
28 181
119 174
149 153
171 180
55 59
141 145
118 123
29 185
118 173
39 42
115 170
22 33
119 122
76 79
24 178
16 118
112 169
10 22
183 186
53 56
122 174
150 154
117 172
24 27
114 187
57 65
21 180
156 160
40 69
125 129
118 122
181 185
185 189
182 186
114 184
152 156
124 145
146 150
142 146
120 149
116 184
183 187
42 46
20 177
120 145
24 28
56 60
70 73
29 189
114 169
23 27
75 79
28 182
177 181
127 144
37 41
145 149
10 25
21 24
129 132
13 123
120 124
74 106
163 170
160 170
123 148
160 163
22 35
48 51
38 42
151 155
118 126
143 146
22 26
9 111
70 88
173 180
70 90
76 80
137 140
181 184
43 75
179 182
64 68
67 88
