186 183
185 182
184 181
42 39
27 24
58 55
41 38
149 146
186 182
125 122
146 143
182 179
149 145
150 146
185 181
146 142
145 141
184 180
59 56
183 180
145 142
127 124
148 145
126 123
181 178
147 144
187 183
148 144
26 23
127 123
154 151
187 184
151 148
126 122
153 149
42 38
57 54
79 76
144 141
150 147
56 53
152 149
59 55
180 177
154 150
156 152
155 152
27 23
124 121
151 147
128 125
155 151
43 40
147 143
179 176
24 21
188 185
124 120
25 22
28 24
183 179
156 153
58 54
25 21
123 120
73 70
125 121
122 119
153 150
26 22
57 53
170 115
189 185
78 75
28 25
152 148
69 66
185 28
41 37
183 175
152 120
102 99
60 56
128 124
129 125
170 117
43 39
144 140
187 169
182 178
100 97
188 184
157 154
60 57
143 140
74 70
71 68
179 175
74 71
56 52
79 75
160 156
71 67
184 21
189 186
72 69
40 37
190 187
173 118
174 119
181 28
180 171
181 177
101 98
132 129
181 24
99 96
177 20
173 116
122 118
98 95
68 65
174 122
46 43
157 153
169 114
33 22
172 117
78 74
160 157
104 101
80 76
70 66
118 16
69 65
163 160
123 119
130 127
73 69
123 118
181 21
44 40
51 48
113 9
69 40
180 21
65 57
185 29
100 96
29 26
70 67
54 51
132 128
39 36
44 41
180 176
162 158
103 100
75 72
178 24
143 139
169 112
77 74
24 20
45 42
22 10
145 124
129 126
158 154
52 49
53 50
102 98
184 114
168 115
190 186
72 68
187 114
101 97
161 157
134 131
158 155
133 129
55 52
88 70
68 64
46 42
67 64
162 159
23 19
182 28
80 77
145 120
159 156
171 117
183 186
182 185
181 184
39 42
24 27
55 58
38 41
146 149
182 186
122 125
143 146
179 182
145 149
146 150
181 185
142 146
141 145
180 184
56 59
180 183
142 145
124 127
145 148
123 126
178 181
144 147
183 187
144 148
23 26
123 127
151 154
184 187
148 151
122 126
149 153
38 42
54 57
76 79
141 144
147 150
53 56
149 152
55 59
177 180
150 154
152 156
152 155
23 27
121 124
147 151
125 128
151 155
40 43
143 147
176 179
21 24
185 188
120 124
22 25
24 28
179 183
153 156
54 58
21 25
120 123
70 73
121 125
119 122
150 153
22 26
53 57
115 170
185 189
75 78
25 28
148 152
66 69
28 185
37 41
175 183
120 152
99 102
56 60
124 128
125 129
117 170
39 43
140 144
169 187
178 182
97 100
184 188
154 157
57 60
140 143
70 74
68 71
175 179
71 74
52 56
75 79
156 160
67 71
21 184
186 189
69 72
37 40
187 190
118 173
119 174
28 181
171 180
177 181
98 101
129 132
24 181
96 99
20 177
116 173
118 122
95 98
65 68
122 174
43 46
153 157
114 169
22 33
117 172
74 78
157 160
101 104
76 80
66 70
16 118
65 69
160 163
119 123
127 130
69 73
118 123
21 181
40 44
48 51
9 113
40 69
21 180
57 65
29 185
96 100
26 29
67 70
51 54
128 132
36 39
41 44
176 180
158 162
100 103
72 75
24 178
139 143
112 169
74 77
20 24
42 45
10 22
124 145
126 129
154 158
49 52
50 53
98 102
114 184
115 168
186 190
68 72
114 187
97 101
157 161
131 134
155 158
129 133
52 55
70 88
64 68
42 46
64 67
159 162
19 23
28 182
77 80
120 145
156 159
117 171
