183 175
185 28
125 122
181 24
179 175
170 117
173 116
179 176
187 169
184 21
181 21
152 120
181 28
174 119
153 149
180 171
59 55
145 141
123 118
185 29
173 118
42 39
170 115
33 22
122 119
79 76
178 24
118 16
169 112
22 10
186 183
56 53
174 122
154 150
172 117
27 24
187 114
65 57
180 21
160 156
69 40
129 125
122 118
185 181
189 185
186 182
184 114
156 152
145 124
150 146
146 142
149 120
184 116
187 183
46 42
177 20
145 120
28 24
60 56
73 70
189 29
169 114
27 23
79 75
182 28
181 177
144 127
41 37
149 145
25 10
24 21
132 129
123 13
124 120
106 74
170 163
170 160
148 123
163 160
35 22
51 48
42 38
155 151
126 118
146 143
26 22
111 9
88 70
180 173
90 70
80 76
140 137
184 181
75 43
182 179
68 64
88 67
73 36
23 19
113 9
99 70
48 43
155 152
165 101
168 115
149 146
123 14
98 95
190 187
156 153
56 52
75 49
187 171
41 38
153 150
33 26
175 172
26 23
183 180
39 36
127 123
71 68
52 49
125 121
135 131
74 71
177 24
78 74
152 149
59 56
133 129
69 65
127 15
46 43
132 128
154 151
177 21
188 25
111 7
161 102
58 44
74 70
148 144
87 84
35 26
159 11
185 182
162 159
143 140
84 81
189 28
20 17
173 126
71 67
184 25
68 65
123 16
152 148
180 175
110 9
115 11
113 11
183 179
104 101
67 64
130 127
52 47
187 112
101 98
184 171
116 10
181 25
128 124
116 21
141 128
69 66
167 9
156 115
181 29
72 39
73 69
145 142
108 105
168 113
84 31
83 32
87 7
102 99
38 23
188 112
39 34
53 49
126 17
72 43
143 139
190 186
92 89
96 66
97 89
188 31
189 186
167 109
45 42
151 13
64 50
173 21
159 155
183 172
181 27
38 35
44 40
115 16
112 8
180 177
138 135
51 44
185 24
183 171
126 122
102 98
142 120
99 95
62 58
141 124
120 13
187 184
161 97
145 121
58 14
147 14
60 57
144 140
151 90
164 160
17 12
76 32
54 51
115 13
167 113
135 128
100 96
97 94
139 136
127 124
16 13
161 101
47 44
153 148
62 45
159 115
33 30
147 91
128 125
167 82
67 63
147 143
71 43
76 42
134 131
93 89
148 91
85 82
60 52
163 159
100 97
171 114
53 50
43 39
173 16
57 54
18 12
150 147
62 57
64 60
58 54
144 124
138 14
110 7
76 39
72 68
65 62
84 6
188 185
107 78
111 6
70 67
180 174
162 158
144 13
140 92
107 103
175 183
28 185
122 125
24 181
175 179
117 170
116 173
176 179
169 187
21 184
21 181
120 152
28 181
119 174
149 153
171 180
55 59
141 145
118 123
29 185
118 173
39 42
115 170
22 33
119 122
76 79
24 178
16 118
112 169
10 22
183 186
53 56
122 174
150 154
117 172
24 27
114 187
57 65
21 180
156 160
40 69
125 129
118 122
181 185
185 189
182 186
114 184
152 156
124 145
146 150
142 146
120 149
116 184
183 187
42 46
20 177
120 145
24 28
56 60
70 73
29 189
114 169
23 27
75 79
28 182
177 181
127 144
37 41
145 149
10 25
21 24
129 132
13 123
120 124
74 106
163 170
160 170
123 148
160 163
22 35
48 51
38 42
151 155
118 126
143 146
22 26
9 111
70 88
173 180
70 90
76 80
137 140
181 184
43 75
179 182
64 68
67 88
36 73
19 23
9 113
70 99
43 48
152 155
101 165
115 168
146 149
14 123
95 98
187 190
153 156
52 56
49 75
171 187
38 41
150 153
26 33
172 175
23 26
180 183
36 39
123 127
68 71
49 52
121 125
131 135
71 74
24 177
74 78
149 152
56 59
129 133
65 69
15 127
43 46
128 132
151 154
21 177
25 188
7 111
102 161
44 58
70 74
144 148
84 87
26 35
11 159
182 185
159 162
140 143
81 84
28 189
17 20
126 173
67 71
25 184
65 68
16 123
148 152
175 180
9 110
11 115
11 113
179 183
101 104
64 67
127 130
47 52
112 187
98 101
171 184
10 116
25 181
124 128
21 116
128 141
66 69
9 167
115 156
29 181
39 72
69 73
142 145
105 108
113 168
31 84
32 83
7 87
99 102
23 38
112 188
34 39
49 53
17 126
43 72
139 143
186 190
89 92
66 96
89 97
31 188
186 189
109 167
42 45
13 151
50 64
21 173
155 159
172 183
27 181
35 38
40 44
16 115
8 112
177 180
135 138
44 51
24 185
171 183
122 126
98 102
120 142
95 99
58 62
124 141
13 120
184 187
97 161
121 145
14 58
14 147
57 60
140 144
90 151
160 164
12 17
32 76
51 54
13 115
113 167
128 135
96 100
94 97
136 139
124 127
13 16
101 161
44 47
148 153
45 62
115 159
30 33
91 147
125 128
82 167
63 67
143 147
43 71
42 76
131 134
89 93
91 148
82 85
52 60
159 163
97 100
114 171
50 53
39 43
16 173
54 57
12 18
147 150
57 62
60 64
54 58
124 144
14 138
7 110
39 76
68 72
62 65
6 84
185 188
78 107
6 111
67 70
174 180
158 162
13 144
92 140
103 107
