82 5
33 19
42 38
168 163
177 21
83 80
137 58
187 114
136 41
160 156
155 93
113 11
181 24
102 99
76 72
129 126
114 8
71 68
146 143
59 56
172 117
164 160
18 13
154 92
25 22
88 37
191 187
90 87
147 143
100 96
69 39
19 10
80 5
76 32
55 44
150 92
163 160
87 73
86 34
95 63
184 171
96 92
139 134
56 53
127 123
95 66
88 19
144 138
101 97
151 13
126 15
64 57
184 21
191 111
85 6
43 40
173 21
154 150
75 72
191 112
147 13
21 18
90 69
184 25
187 184
85 31
58 54
72 36
99 70
104 70
165 162
33 22
109 6
131 128
35 22
118 16
29 25
155 11
118 12
123 16
123 14
88 35
108 4
51 44
108 105
183 171
86 7
90 36
97 91
27 23
111 6
68 50
108 85
96 91
103 100
82 3
130 15
52 44
23 19
86 8
158 97
113 10
54 40
167 163
173 118
173 17
39 34
72 69
54 51
156 153
98 95
168 115
155 12
187 171
190 186
75 71
181 178
187 183
152 149
70 67
18 10
180 173
107 77
122 119
63 57
182 179
118 13
99 69
154 93
68 65
84 30
54 41
184 180
180 177
158 96
78 74
128 124
148 13
144 123
191 188
189 185
108 6
155 152
155 150
158 91
148 14
81 77
87 8
124 121
72 42
185 181
139 127
180 176
174 119
115 12
24 20
145 142
98 94
187 169
26 23
68 40
96 66
72 43
116 13
26 22
182 178
168 113
110 100
85 8
155 13
81 78
58 40
188 29
62 58
143 140
163 113
139 128
175 172
33 26
53 50
83 30
81 2
103 99
90 73
68 54
87 34
64 40
185 28
85 33
110 87
138 59
161 158
51 47
76 34
157 94
32 26
18 11
169 112
71 67
134 131
143 138
124 120
180 116
89 10
171 114
18 15
185 182
91 11
85 77
105 102
188 184
162 113
104 101
86 33
30 25
138 61
186 182
97 93
158 92
166 163
170 117
94 91
148 144
100 90
111 7
108 104
72 68
23 20
108 77
130 127
96 70
105 101
125 122
189 186
55 51
84 31
54 44
158 155
74 71
22 10
150 63
51 48
73 34
133 130
97 94
104 73
180 21
173 16
143 61
180 171
129 125
33 23
118 15
143 59
156 152
80 76
126 17
96 63
184 181
147 138
114 11
183 179
144 124
83 31
87 9
154 151
113 8
167 113
89 9
116 17
46 42
127 14
38 34
73 39
117 16
151 148
84 6
84 7
146 61
144 139
22 19
35 18
31 26
99 96
55 52
64 50
143 139
110 6
148 120
110 104
147 14
16 12
174 122
40 37
153 150
60 56
173 116
45 41
84 8
39 36
73 70
140 131
146 62
104 77
180 17
84 32
144 14
89 37
123 118
30 26
177 20
72 40
77 73
159 156
83 32
158 154
139 136
22 18
28 25
157 153
136 131
16 13
185 24
141 128
137 55
20 17
169 115
139 130
154 63
158 11
171 116
109 7
165 161
169 114
168 159
126 123
92 63
61 57
116 10
107 5
99 67
151 147
44 40
48 43
54 43
154 94
159 155
159 113
69 65
179 175
150 146
92 89
149 145
153 149
109 5
84 5
77 34
148 123
68 43
184 114
83 5
185 25
76 39
87 36
29 26
123 120
147 61
117 12
136 130
76 73
180 175
90 9
77 5
147 144
150 147
156 151
157 93
77 74
134 130
58 44
86 10
38 35
58 55
86 26
80 32
98 66
90 11
173 12
78 75
110 8
80 77
21 10
43 39
50 43
86 25
33 25
100 91
170 115
44 41
40 36
123 15
163 159
87 7
141 124
171 115
115 11
31 25
118 17
172 116
110 7
62 57
89 11
88 36
103 70
168 112
130 126
51 43
74 70
164 161
104 100
48 44
109 4
114 10
21 17
30 27
100 73
181 21
116 12
86 31
59 55
145 141
150 62
79 76
42 39
100 97
158 93
161 97
39 35
103 74
72 39
85 80
69 66
139 135
82 2
143 137
169 113
107 4
96 69
89 12
107 104
116 18
64 54
92 11
123 119
160 157
89 18
146 142
159 11
126 122
127 15
162 158
144 140
161 94
144 128
186 183
132 129
188 25
149 146
167 112
138 58
171 117
45 42
81 5
69 64
173 117
86 22
127 124
99 66
151 92
168 162
113 9
69 40
27 24
152 148
100 66
60 57
114 9
85 5
99 95
85 7
143 60
105 100
18 12
125 121
93 63
104 7
89 36
188 185
41 37
61 58
73 69
128 125
68 64
58 41
88 10
85 32
139 131
101 98
116 21
151 12
47 44
96 90
96 93
116 16
88 22
35 19
151 14
157 154
102 98
155 151
132 128
144 127
25 21
135 131
146 60
159 115
162 9
180 172
46 43
161 157
108 7
86 32
112 9
179 176
15 12
167 162
87 10
28 24
131 127
64 53
73 36
50 44
123 13
184 24
155 92
91 9
110 9
188 28
148 145
88 34
159 12
162 112
162 159
144 141
31 8
68 53
174 117
54 50
41 38
88 33
137 59
79 75
158 94
183 180
89 35
183 172
88 38
174 118
24 21
57 54
58 37
64 58
70 66
85 34
111 8
17 12
122 118
100 70
104 74
92 36
190 187
116 11
57 53
112 8
65 53
69 36
88 18
47 43
108 5
181 177
56 52
150 61
5 82
19 33
38 42
163 168
21 177
80 83
58 137
114 187
41 136
156 160
93 155
11 113
24 181
99 102
72 76
126 129
8 114
68 71
143 146
56 59
117 172
160 164
13 18
92 154
22 25
37 88
187 191
87 90
143 147
96 100
39 69
10 19
5 80
32 76
44 55
92 150
160 163
73 87
34 86
63 95
171 184
92 96
134 139
53 56
123 127
66 95
19 88
138 144
97 101
13 151
15 126
57 64
21 184
111 191
6 85
40 43
21 173
150 154
72 75
112 191
13 147
18 21
69 90
25 184
184 187
31 85
54 58
36 72
70 99
70 104
162 165
22 33
6 109
128 131
22 35
16 118
25 29
11 155
12 118
16 123
14 123
35 88
4 108
44 51
105 108
171 183
7 86
36 90
91 97
23 27
6 111
50 68
85 108
91 96
100 103
3 82
15 130
44 52
19 23
8 86
97 158
10 113
40 54
163 167
118 173
17 173
34 39
69 72
51 54
153 156
95 98
115 168
12 155
171 187
186 190
71 75
178 181
183 187
149 152
67 70
10 18
173 180
77 107
119 122
57 63
179 182
13 118
69 99
93 154
65 68
30 84
41 54
180 184
177 180
96 158
74 78
124 128
13 148
123 144
188 191
185 189
6 108
152 155
150 155
91 158
14 148
77 81
8 87
121 124
42 72
181 185
127 139
176 180
119 174
12 115
20 24
142 145
94 98
169 187
23 26
40 68
66 96
43 72
13 116
22 26
178 182
113 168
100 110
8 85
13 155
78 81
40 58
29 188
58 62
140 143
113 163
128 139
172 175
26 33
50 53
30 83
2 81
99 103
73 90
54 68
34 87
40 64
28 185
33 85
87 110
59 138
158 161
47 51
34 76
94 157
26 32
11 18
112 169
67 71
131 134
138 143
120 124
116 180
10 89
114 171
15 18
182 185
11 91
77 85
102 105
184 188
113 162
101 104
33 86
25 30
61 138
182 186
93 97
92 158
163 166
117 170
91 94
144 148
90 100
7 111
104 108
68 72
20 23
77 108
127 130
70 96
101 105
122 125
186 189
51 55
31 84
44 54
155 158
71 74
10 22
63 150
48 51
34 73
130 133
94 97
73 104
21 180
16 173
61 143
171 180
125 129
23 33
15 118
59 143
152 156
76 80
17 126
63 96
181 184
138 147
11 114
179 183
124 144
31 83
9 87
151 154
8 113
113 167
9 89
17 116
42 46
14 127
34 38
39 73
16 117
148 151
6 84
7 84
61 146
139 144
19 22
18 35
26 31
96 99
52 55
50 64
139 143
6 110
120 148
104 110
14 147
12 16
122 174
37 40
150 153
56 60
116 173
41 45
8 84
36 39
70 73
131 140
62 146
77 104
17 180
32 84
14 144
37 89
118 123
26 30
20 177
40 72
73 77
156 159
32 83
154 158
136 139
18 22
25 28
153 157
131 136
13 16
24 185
128 141
55 137
17 20
115 169
130 139
63 154
11 158
116 171
7 109
161 165
114 169
159 168
123 126
63 92
57 61
10 116
5 107
67 99
147 151
40 44
43 48
43 54
94 154
155 159
113 159
65 69
175 179
146 150
89 92
145 149
149 153
5 109
5 84
34 77
123 148
43 68
114 184
5 83
25 185
39 76
36 87
26 29
120 123
61 147
12 117
130 136
73 76
175 180
9 90
5 77
144 147
147 150
151 156
93 157
74 77
130 134
44 58
10 86
35 38
55 58
26 86
32 80
66 98
11 90
12 173
75 78
8 110
77 80
10 21
39 43
43 50
25 86
25 33
91 100
115 170
41 44
36 40
15 123
159 163
7 87
124 141
115 171
11 115
25 31
17 118
116 172
7 110
57 62
11 89
36 88
70 103
112 168
126 130
43 51
70 74
161 164
100 104
44 48
4 109
10 114
17 21
27 30
73 100
21 181
12 116
31 86
55 59
141 145
62 150
76 79
39 42
97 100
93 158
97 161
35 39
74 103
39 72
80 85
66 69
135 139
2 82
137 143
113 169
4 107
69 96
12 89
104 107
18 116
54 64
11 92
119 123
157 160
18 89
142 146
11 159
122 126
15 127
158 162
140 144
94 161
128 144
183 186
129 132
25 188
146 149
112 167
58 138
117 171
42 45
5 81
64 69
117 173
22 86
124 127
66 99
92 151
162 168
9 113
40 69
24 27
148 152
66 100
57 60
9 114
5 85
95 99
7 85
60 143
100 105
12 18
121 125
63 93
7 104
36 89
185 188
37 41
58 61
69 73
125 128
64 68
41 58
10 88
32 85
131 139
98 101
21 116
12 151
44 47
90 96
93 96
16 116
22 88
19 35
14 151
154 157
98 102
151 155
128 132
127 144
21 25
131 135
60 146
115 159
9 162
172 180
43 46
157 161
7 108
32 86
9 112
176 179
12 15
162 167
10 87
24 28
127 131
53 64
36 73
44 50
13 123
24 184
92 155
9 91
9 110
28 188
145 148
34 88
12 159
112 162
159 162
141 144
8 31
53 68
117 174
50 54
38 41
33 88
59 137
75 79
94 158
180 183
35 89
172 183
38 88
118 174
21 24
54 57
37 58
58 64
66 70
34 85
8 111
12 17
118 122
70 100
74 104
36 92
187 190
11 116
53 57
8 112
53 65
36 69
18 88
43 47
5 108
177 181
52 56
61 150
