125 122
130 117
98 78
108 70
101 59
75 59
132 26
125 120
116 110
24 11
117 26
134 115
106 70
132 115
28 7
26 9
19 14
121 75
119 73
114 111
108 69
26 11
27 6
131 110
121 59
21 12
132 117
133 114
43 23
115 107
106 72
71 63
68 65
121 24
101 79
42 11
100 76
129 118
55 41
63 36
117 107
94 82
75 40
123 101
122 102
117 73
38 7
107 71
99 81
131 114
132 107
123 75
109 69
85 82
96 80
123 79
59 40
128 117
63 5
61 36
71 5
56 41
72 68
69 65
103 77
42 24
123 57
103 75
97 81
75 38
134 112
108 6
57 40
126 121
98 80
124 100
99 59
121 11
36 3
29 6
80 39
44 36
99 79
128 22
100 75
50 46
104 76
99 71
129 116
72 66
35 32
38 28
56 30
128 121
127 118
109 65
102 76
105 73
96 82
79 59
121 101
127 16
81 53
90 87
88 50
119 24
71 61
115 26
118 72
10 6
99 63
112 52
38 26
91 85
87 17
81 55
87 58
103 73
132 9
40 30
22 13
92 86
79 61
124 16
91 87
58 39
124 102
107 61
97 83
76 62
123 81
60 17
103 63
57 11
82 56
126 123
30 7
130 11
121 40
111 70
120 104
119 63
118 33
131 4
89 52
74 62
84 64
83 49
126 22
95 17
107 63
59 55
90 86
79 75
21 14
110 74
60 37
101 61
129 10
59 36
62 35
128 75
91 88
84 52
104 100
99 36
73 61
88 49
48 19
40 26
86 4
121 57
115 110
46 25
127 17
79 55
63 30
71 65
124 81
106 76
49 25
131 37
15 12
93 82
71 36
86 35
123 44
23 10
73 63
104 70
133 113
116 108
128 119
88 6
75 57
101 40
106 71
92 88
96 67
118 110
88 85
63 3
112 107
134 30
126 11
