31 2
74 61
37 28
69 65
100 78
95 82
23 10
26 8
104 73
107 70
122 101
60 38
47 19
127 121
32 4
27 9
70 65
96 83
64 34
131 115
86 51
126 13
133 113
116 110
120 105
36 31
119 105
21 13
129 11
123 100
61 36
80 57
134 6
44 22
58 39
96 80
43 24
72 63
73 61
33 2
41 24
81 53
42 13
114 111
38 29
107 71
85 50
72 65
134 5
121 103
33 30
40 27
57 39
63 34
129 12
127 119
45 21
132 7
102 77
81 55
132 115
55 40
103 75
106 73
38 28
25 10
49 18
74 63
71 68
75 61
71 67
109 70
52 43
79 56
128 119
32 2
115 108
75 62
128 117
130 116
101 77
133 9
126 15
134 113
24 13
58 37
118 106
51 46
105 73
27 7
52 46
26 10
56 41
129 117
71 66
115 112
70 67
92 86
105 74
59 38
79 58
104 75
127 13
125 122
56 39
24 10
78 57
101 79
30 2
82 53
128 12
124 100
52 44
107 72
77 59
119 103
115 110
130 10
123 99
46 21
76 59
134 8
101 75
132 116
98 79
38 27
20 14
39 26
36 29
54 44
127 14
75 59
36 32
99 81
30 4
101 76
29 4
30 3
59 39
22 14
38 26
83 53
55 43
133 8
41 25
115 109
39 27
93 90
77 60
106 71
96 81
25 11
26 9
120 104
20 15
116 109
105 72
21 15
126 120
63 33
110 69
52 45
56 40
80 55
22 13
91 88
42 24
24 12
130 117
50 45
104 72
125 120
134 115
98 78
25 8
129 119
32 3
128 13
91 86
28 7
92 84
29 5
35 31
127 15
102 74
129 116
113 109
64 33
42 22
92 87
36 30
45 22
47 18
130 11
118 107
23 13
27 8
77 57
127 120
103 74
31 4
46 20
57 40
119 104
44 21
132 114
58 38
62 35
54 43
117 107
121 104
21 12
117 108
106 72
19 14
35 32
114 109
97 80
40 24
126 16
46 18
82 54
61 34
78 58
132 8
44 13
84 52
93 84
100 79
127 118
108 71
40 26
53 43
34 31
109 69
49 17
57 38
107 73
83 54
43 23
27 6
100 76
130 118
131 114
84 50
50 46
61 37
72 64
94 84
101 57
122 103
37 29
99 80
95 83
116 107
98 81
99 78
114 110
85 52
73 62
33 3
28 8
131 11
71 64
93 87
117 106
134 114
41 26
94 85
95 84
35 30
92 85
25 9
51 45
57 41
53 44
85 51
84 53
129 118
42 23
83 52
128 11
116 108
55 42
60 35
75 60
30 5
102 75
101 78
125 121
22 12
47 20
76 61
115 107
117 105
24 11
86 50
133 115
29 7
28 6
115 111
58 40
94 83
72 66
71 65
104 74
133 114
125 16
129 13
131 9
108 70
73 64
44 23
5 2
45 20
93 85
44 15
81 54
90 86
123 101
96 82
21 14
54 41
56 42
31 3
101 59
132 10
42 25
126 121
97 81
80 56
134 112
68 65
124 99
46 19
134 7
103 76
132 9
40 25
93 86
79 55
73 63
98 80
130 9
120 103
53 45
74 62
31 5
102 76
70 66
106 70
37 30
60 36
23 11
62 36
63 35
132 113
124 101
100 77
82 55
43 22
133 7
78 59
44 20
19 16
23 12
29 6
61 35
69 66
19 15
99 79
44 14
121 101
118 105
79 57
71 63
113 110
20 16
128 14
108 69
130 12
94 82
122 102
47 21
131 117
59 37
97 82
128 118
84 51
90 87
112 109
128 120
30 6
55 41
81 56
54 42
60 37
76 60
121 102
61 38
119 106
126 122
83 51
91 87
131 10
77 58
36 28
125 15
62 34
123 102
131 116
126 14
39 28
2 31
61 74
28 37
65 69
78 100
82 95
10 23
8 26
73 104
70 107
101 122
38 60
19 47
121 127
4 32
9 27
65 70
83 96
34 64
115 131
51 86
13 126
113 133
110 116
105 120
31 36
105 119
13 21
11 129
100 123
36 61
57 80
6 134
22 44
39 58
80 96
24 43
63 72
61 73
2 33
24 41
53 81
13 42
111 114
29 38
71 107
50 85
65 72
5 134
103 121
30 33
27 40
39 57
34 63
12 129
119 127
21 45
7 132
77 102
55 81
115 132
40 55
75 103
73 106
28 38
10 25
18 49
63 74
68 71
61 75
67 71
70 109
43 52
56 79
119 128
2 32
108 115
62 75
117 128
116 130
77 101
9 133
15 126
113 134
13 24
37 58
106 118
46 51
73 105
7 27
46 52
10 26
41 56
117 129
66 71
112 115
67 70
86 92
74 105
38 59
58 79
75 104
13 127
122 125
39 56
10 24
57 78
79 101
2 30
53 82
12 128
100 124
44 52
72 107
59 77
103 119
110 115
10 130
99 123
21 46
59 76
8 134
75 101
116 132
79 98
27 38
14 20
26 39
29 36
44 54
14 127
59 75
32 36
81 99
4 30
76 101
4 29
3 30
39 59
14 22
26 38
53 83
43 55
8 133
25 41
109 115
27 39
90 93
60 77
71 106
81 96
11 25
9 26
104 120
15 20
109 116
72 105
15 21
120 126
33 63
69 110
45 52
40 56
55 80
13 22
88 91
24 42
12 24
117 130
45 50
72 104
120 125
115 134
78 98
8 25
119 129
3 32
13 128
86 91
7 28
84 92
5 29
31 35
15 127
74 102
116 129
109 113
33 64
22 42
87 92
30 36
22 45
18 47
11 130
107 118
13 23
8 27
57 77
120 127
74 103
4 31
20 46
40 57
104 119
21 44
114 132
38 58
35 62
43 54
107 117
104 121
12 21
108 117
72 106
14 19
32 35
109 114
80 97
24 40
16 126
18 46
54 82
34 61
58 78
8 132
13 44
52 84
84 93
79 100
118 127
71 108
26 40
43 53
31 34
69 109
17 49
38 57
73 107
54 83
23 43
6 27
76 100
118 130
114 131
50 84
46 50
37 61
64 72
84 94
57 101
103 122
29 37
80 99
83 95
107 116
81 98
78 99
110 114
52 85
62 73
3 33
8 28
11 131
64 71
87 93
106 117
114 134
26 41
85 94
84 95
30 35
85 92
9 25
45 51
41 57
44 53
51 85
53 84
118 129
23 42
52 83
11 128
108 116
42 55
35 60
60 75
5 30
75 102
78 101
121 125
12 22
20 47
61 76
107 115
105 117
11 24
50 86
115 133
7 29
6 28
111 115
40 58
83 94
66 72
65 71
74 104
114 133
16 125
13 129
9 131
70 108
64 73
23 44
2 5
20 45
85 93
15 44
54 81
86 90
101 123
82 96
14 21
41 54
42 56
3 31
59 101
10 132
25 42
121 126
81 97
56 80
112 134
65 68
99 124
19 46
7 134
76 103
9 132
25 40
86 93
55 79
63 73
80 98
9 130
103 120
45 53
62 74
5 31
76 102
66 70
70 106
30 37
36 60
11 23
36 62
35 63
113 132
101 124
77 100
55 82
22 43
7 133
59 78
20 44
16 19
12 23
6 29
35 61
66 69
15 19
79 99
14 44
101 121
105 118
57 79
63 71
110 113
16 20
14 128
69 108
12 130
82 94
102 122
21 47
117 131
37 59
82 97
118 128
51 84
87 90
109 112
120 128
6 30
41 55
56 81
42 54
37 60
60 76
102 121
38 61
106 119
122 126
51 83
87 91
10 131
58 77
28 36
15 125
34 62
102 123
116 131
14 126
28 39
