125 122
130 117
98 78
108 70
101 59
75 59
132 26
125 120
116 110
24 11
117 26
134 115
106 70
132 115
28 7
26 9
19 14
121 75
119 73
114 111
108 69
26 11
27 6
131 110
121 59
21 12
132 117
133 114
43 23
115 107
106 72
71 63
68 65
121 24
101 79
42 11
100 76
129 118
55 41
63 36
117 107
94 82
75 40
123 101
122 102
117 73
38 7
107 71
99 81
131 114
132 107
123 75
109 69
85 82
96 80
123 79
59 40
128 117
63 5
61 36
71 5
56 41
72 68
69 65
103 77
42 24
123 57
103 75
122 125
117 130
78 98
70 108
59 101
59 75
26 132
120 125
110 116
11 24
26 117
115 134
70 106
115 132
7 28
9 26
14 19
75 121
73 119
111 114
69 108
11 26
6 27
110 131
59 121
12 21
117 132
114 133
23 43
107 115
72 106
63 71
65 68
24 121
79 101
11 42
76 100
118 129
41 55
36 63
107 117
82 94
40 75
101 123
102 122
73 117
7 38
71 107
81 99
114 131
107 132
75 123
69 109
82 85
80 96
79 123
40 59
117 128
5 63
36 61
5 71
41 56
68 72
65 69
77 103
24 42
57 123
75 103
