132 115
130 117
28 7
108 70
98 78
91 88
125 122
114 111
132 116
92 89
96 80
125 121
97 80
98 79
27 6
107 71
125 120
106 71
70 67
133 115
107 72
128 118
97 81
24 11
129 117
96 81
99 79
106 70
106 72
108 71
132 114
68 65
90 87
133 114
131 117
26 9
131 115
107 70
108 69
98 80
126 121
93 89
98 81
97 82
129 118
130 116
27 7
96 82
71 63
131 116
121 75
21 12
103 76
93 90
130 118
71 68
134 115
115 110
69 66
19 14
126 123
28 6
94 82
22 12
106 73
92 88
127 120
99 80
115 132
117 130
7 28
70 108
78 98
88 91
122 125
111 114
116 132
89 92
80 96
121 125
80 97
79 98
6 27
71 107
120 125
71 106
67 70
115 133
72 107
118 128
81 97
11 24
117 129
81 96
79 99
70 106
72 106
71 108
114 132
65 68
87 90
114 133
117 131
9 26
115 131
70 107
69 108
80 98
121 126
89 93
81 98
82 97
118 129
116 130
7 27
82 96
63 71
116 131
75 121
12 21
76 103
90 93
118 130
68 71
115 134
110 115
66 69
14 19
123 126
6 28
82 94
12 22
73 106
88 92
120 127
80 99
