130 117
98 78
132 115
125 122
24 11
125 120
108 70
27 6
75 59
132 26
134 115
106 70
107 71
28 7
114 111
19 14
26 9
97 81
116 110
121 75
106 72
96 80
133 114
101 59
101 79
99 79
108 69
132 117
126 121
97 80
94 82
122 102
117 26
21 12
71 63
98 80
43 23
107 70
99 81
131 116
115 107
106 71
96 81
121 59
63 36
129 118
131 114
119 73
98 79
121 24
122 101
92 89
68 65
91 88
117 73
27 7
125 121
26 11
123 101
127 120
131 110
129 116
128 117
128 118
129 117
100 76
132 114
55 41
96 82
61 36
131 115
22 13
117 107
103 77
127 118
132 116
90 87
109 69
130 116
103 76
133 115
114 110
28 6
103 75
57 40
105 73
128 119
93 90
126 120
70 67
91 87
73 61
115 110
58 39
102 76
93 89
42 24
98 81
69 65
56 41
22 12
100 79
126 123
72 68
115 109
99 78
92 88
81 55
21 14
127 119
115 111
121 101
131 117
69 66
107 72
38 7
29 6
116 108
119 24
100 75
23 12
130 118
25 11
75 40
42 11
104 76
99 80
123 57
71 65
85 82
108 71
19 16
97 82
62 36
115 108
89 86
124 121
21 13
116 107
105 72
95 82
126 122
134 112
97 83
59 40
133 113
50 47
71 68
71 61
106 73
104 75
81 53
109 71
124 100
90 86
116 109
24 12
70 66
62 35
128 22
121 57
75 60
121 102
88 85
132 107
70 65
23 11
101 61
94 91
56 40
20 14
101 76
109 70
99 59
115 112
35 32
27 8
51 48
123 75
38 28
60 36
63 5
42 23
72 69
71 62
103 73
29 7
123 79
97 78
124 102
88 49
26 8
57 39
79 59
41 24
75 38
19 15
118 73
28 8
38 26
34 31
124 101
104 73
86 83
100 78
