85 34
115 81
165 107
35 28
205 168
103 68
222 219
86 37
97 88
115 111
59 18
209 144
35 26
99 21
111 81
79 74
113 107
34 25
82 54
185 113
123 119
107 85
102 55
202 180
102 58
213 168
91 86
80 74
96 93
126 41
169 125
214 170
214 168
140 38
205 182
206 202
213 209
226 222
165 113
114 109
107 33
122 84
114 84
208 204
136 40
226 203
205 200
100 91
36 26
31 28
100 86
139 125
95 92
204 200
141 39
223 220
104 57
184 144
205 184
109 105
122 114
119 115
198 185
166 142
138 40
126 87
103 66
108 105
167 141
213 166
65 56
102 57
212 203
213 140
126 89
156 153
226 212
102 23
211 206
102 20
114 82
113 85
67 56
107 34
59 20
215 140
183 124
164 144
90 39
8 4
141 34
214 140
82 74
12 8
128 41
163 145
206 36
25 18
109 84
143 85
65 58
197 194
145 33
189 110
157 154
141 85
106 54
82 50
120 116
168 26
108 71
207 204
114 81
70 67
171 129
144 23
108 104
187 33
11 4
227 203
187 113
156 152
113 110
213 206
98 55
185 121
122 109
214 199
195 183
217 214
168 140
151 99
181 169
187 41
138 36
126 90
154 151
185 117
205 35
143 107
45 42
171 137
145 35
182 129
38 18
101 97
57 20
208 200
118 109
173 133
165 110
121 113
167 109
109 82
116 111
99 22
89 46
238 233
222 217
206 203
96 92
23 20
109 81
166 136
207 53
112 46
215 211
205 164
45 22
184 164
27 20
127 23
98 53
84 54
104 20
117 113
87 39
167 122
160 31
209 205
167 121
87 81
114 54
142 37
14 11
183 113
178 170
225 221
169 137
204 201
177 173
66 39
164 146
144 141
238 232
103 70
181 128
190 137
109 83
137 128
69 58
211 85
128 124
44 40
115 50
137 129
60 18
225 222
228 224
139 121
214 138
187 110
84 81
183 143
179 171
187 88
121 41
126 81
96 48
186 164
138 38
199 181
11 8
186 163
203 63
143 20
37 25
106 68
89 80
24 19
145 113
209 133
182 103
122 50
167 82
36 17
119 116
226 219
223 155
161 74
187 54
