207 204
206 203
208 205
207 203
208 204
85 34
205 202
224 221
222 219
165 107
223 220
206 202
108 105
118 115
119 115
209 206
123 119
103 68
204 201
97 94
115 81
209 144
117 113
35 26
226 223
225 222
205 168
209 205
223 219
226 222
34 25
35 28
224 220
227 224
79 74
96 93
138 40
119 116
111 81
115 112
80 74
82 54
97 88
117 114
98 95
102 55
118 114
140 38
115 111
227 223
116 113
185 113
169 125
157 154
113 107
202 180
99 96
86 37
99 21
204 200
116 112
107 85
164 144
136 40
103 66
59 18
167 141
197 194
156 153
225 221
205 201
126 87
120 116
25 18
36 26
31 28
156 152
123 120
213 209
109 105
100 97
70 67
114 109
226 203
99 95
109 106
138 38
126 41
114 84
90 87
122 84
45 42
34 26
166 142
213 168
127 124
214 170
128 124
95 92
228 224
102 58
205 182
97 93
6 3
107 33
121 118
114 81
108 104
165 113
113 110
96 92
90 86
114 111
199 196
122 119
214 168
100 91
121 117
124 120
82 74
204 207
203 206
205 208
203 207
204 208
34 85
202 205
221 224
219 222
107 165
220 223
202 206
105 108
115 118
115 119
206 209
119 123
68 103
201 204
94 97
81 115
144 209
113 117
26 35
223 226
222 225
168 205
205 209
219 223
222 226
25 34
28 35
220 224
224 227
74 79
93 96
40 138
116 119
81 111
112 115
74 80
54 82
88 97
114 117
95 98
55 102
114 118
38 140
111 115
223 227
113 116
113 185
125 169
154 157
107 113
180 202
96 99
37 86
21 99
200 204
112 116
85 107
144 164
40 136
66 103
18 59
141 167
194 197
153 156
221 225
201 205
87 126
116 120
18 25
26 36
28 31
152 156
120 123
209 213
105 109
97 100
67 70
109 114
203 226
95 99
106 109
38 138
41 126
84 114
87 90
84 122
42 45
26 34
142 166
168 213
124 127
170 214
124 128
92 95
224 228
58 102
182 205
93 97
3 6
33 107
118 121
81 114
104 108
113 165
110 113
92 96
86 90
111 114
196 199
119 122
168 214
91 100
117 121
120 124
74 82
