106 101
199 195
213 202
72 69
105 99
201 181
126 46
113 110
169 140
23 19
152 70
161 148
91 86
125 121
105 25
165 143
103 65
65 28
103 56
114 81
213 7
97 92
108 82
135 43
135 42
25 19
102 55
92 46
167 140
172 138
90 41
213 8
75 72
110 81
167 139
92 48
81 75
64 61
141 36
90 47
214 4
123 119
161 151
90 46
137 125
166 144
229 199
233 180
78 75
36 12
171 137
228 225
105 100
191 116
227 204
111 79
107 83
216 8
98 92
36 27
213 140
209 144
174 170
237 233
38 24
78 74
67 55
236 232
93 46
199 184
162 144
15 12
230 182
201 182
138 4
163 149
193 189
92 45
162 145
24 3
187 113
92 50
97 21
191 117
122 87
208 204
166 141
114 83
178 172
142 85
108 83
153 73
199 181
118 113
171 136
209 145
26 12
33 28
116 113
28 14
226 201
98 53
115 112
160 30
105 37
227 201
161 31
95 22
109 83
120 116
170 137
136 40
229 201
38 4
24 18
97 91
126 41
34 25
154 72
186 163
35 27
66 32
101 88
200 184
100 88
99 96
237 234
28 13
232 179
37 25
36 9
210 207
93 47
17 14
163 143
211 206
127 123
178 173
187 165
135 129
39 3
64 30
134 130
91 47
208 144
136 129
26 17
157 63
160 32
44 41
198 183
187 109
182 168
210 11
64 32
108 74
190 112
114 111
166 143
65 62
31 28
107 82
169 138
173 136
119 116
211 207
222 217
195 118
230 180
106 33
211 9
91 88
178 175
141 86
108 80
152 73
29 14
226 202
212 9
130 127
187 164
96 22
91 46
215 10
138 3
101 55
131 128
179 171
228 224
163 144
171 134
160 33
103 57
205 200
236 125
101 52
86 23
158 32
36 26
212 11
91 87
119 115
62 58
110 78
190 113
86 38
187 110
27 17
182 167
129 41
135 132
12 9
235 128
138 40
154 74
191 115
155 70
132 129
169 139
171 135
35 25
235 232
91 22
224 221
129 125
87 84
200 182
235 231
212 206
63 29
224 220
223 220
155 152
105 86
80 74
82 71
105 85
129 126
200 181
152 77
163 146
38 23
26 16
214 7
100 97
33 29
76 73
68 56
100 22
88 84
175 171
158 31
114 110
62 57
184 167
141 85
226 221
96 20
102 54
153 74
238 233
138 38
67 62
25 18
152 71
24 17
5 2
214 8
50 47
39 4
160 149
139 38
202 182
197 193
228 201
228 202
59 18
27 14
94 91
39 22
154 70
217 6
165 141
104 34
237 124
167 142
37 26
66 63
94 45
65 60
236 128
210 206
204 201
107 84
185 166
106 85
234 231
37 34
154 69
221 218
177 173
170 138
198 185
189 186
162 149
175 170
103 66
105 101
153 72
155 69
77 73
8 3
142 35
89 47
137 129
195 117
164 145
123 120
92 88
68 55
25 17
126 122
214 9
143 34
104 65
153 77
162 108
206 202
180 168
80 75
26 13
238 235
97 88
128 125
109 81
65 29
199 182
217 7
23 3
229 225
198 184
137 128
118 114
217 176
189 185
180 169
190 116
32 28
86 37
215 7
77 74
39 23
27 13
217 214
213 10
161 150
174 6
107 33
117 114
211 10
154 71
177 174
35 26
172 136
121 118
23 20
97 94
27 12
231 180
202 168
94 44
136 42
107 104
97 22
101 84
116 111
32 29
104 56
140 39
161 107
79 74
140 37
118 115
102 98
162 107
232 181
193 190
193 117
142 34
215 6
34 28
111 81
92 89
65 32
100 84
162 109
67 56
79 75
45 41
231 181
61 58
227 224
230 179
124 121
106 84
213 9
206 203
161 145
128 124
105 102
91 41
158 30
200 183
114 109
104 33
181 170
165 142
229 202
178 174
106 82
164 144
181 169
137 134
66 62
117 113
174 171
111 80
162 143
92 22
182 169
8 4
89 46
233 230
71 68
172 137
229 181
121 117
180 170
209 205
103 67
199 196
104 27
119 114
35 13
34 27
173 5
103 55
230 201
180 175
102 57
139 39
99 57
143 35
174 5
107 103
195 183
38 25
125 122
222 214
197 194
110 79
167 141
86 39
236 233
28 12
97 93
181 168
201 183
238 234
211 12
65 33
183 168
65 61
223 219
32 27
209 206
107 85
102 99
159 151
35 12
92 47
120 117
140 38
103 54
221 217
163 148
211 11
152 78
124 120
162 146
38 8
208 205
66 33
136 43
71 67
106 83
193 116
180 171
110 80
109 80
102 56
34 26
100 86
68 54
126 123
37 24
109 82
139 40
136 41
88 50
131 127
33 27
37 23
155 71
8 5
45 42
229 182
138 5
104 66
154 73
140 36
229 226
100 87
189 117
165 162
232 180
185 164
204 200
35 28
221 176
160 151
186 164
64 60
186 165
159 32
24 21
81 74
7 4
40 3
26 18
141 38
194 117
184 165
231 179
65 57
192 117
101 54
226 203
153 70
215 9
179 175
104 57
130 43
90 45
184 164
104 32
89 48
113 109
212 10
189 112
182 166
21 3
213 206
205 184
126 90
106 102
40 4
179 170
187 163
24 19
138 39
129 42
46 41
38 3
225 176
188 110
150 78
122 119
229 200
198 194
108 81
70 67
205 201
188 113
191 113
70 66
148 145
195 121
119 113
93 45
46 42
227 223
107 81
26 14
40 22
227 202
153 71
105 84
65 56
238 196
222 219
72 68
101 53
93 44
191 112
101 98
60 57
159 31
127 124
209 143
183 167
95 21
166 142
178 170
159 30
36 25
215 8
163 145
24 20
216 7
160 148
210 12
105 34
90 87
233 181
27 18
216 6
93 90
99 22
106 103
46 43
105 33
225 222
185 165
170 139
160 145
168 139
236 124
184 166
64 29
225 221
195 120
137 40
163 147
205 202
66 56
207 204
103 68
189 113
143 36
85 37
139 4
187 162
79 76
96 21
205 166
64 28
207 203
214 6
227 203
100 92
40 23
178 171
161 108
215 212
152 74
138 41
129 43
134 129
74 71
233 196
130 126
168 140
171 138
192 116
169 137
188 112
94 21
199 183
115 111
140 4
122 118
168 141
172 134
226 223
211 205
62 56
232 170
198 195
160 31
134 128
165 144
137 41
183 166
89 50
89 49
226 222
164 143
230 181
142 37
172 135
94 22
222 218
91 45
116 112
134 131
141 37
142 36
39 24
137 42
161 149
101 106
195 199
202 213
69 72
99 105
181 201
46 126
110 113
140 169
19 23
70 152
148 161
86 91
121 125
25 105
143 165
65 103
28 65
56 103
81 114
7 213
92 97
82 108
43 135
42 135
19 25
55 102
46 92
140 167
138 172
41 90
8 213
72 75
81 110
139 167
48 92
75 81
61 64
36 141
47 90
4 214
119 123
151 161
46 90
125 137
144 166
199 229
180 233
75 78
12 36
137 171
225 228
100 105
116 191
204 227
79 111
83 107
8 216
92 98
27 36
140 213
144 209
170 174
233 237
24 38
74 78
55 67
232 236
46 93
184 199
144 162
12 15
182 230
182 201
4 138
149 163
189 193
45 92
145 162
3 24
113 187
50 92
21 97
117 191
87 122
204 208
141 166
83 114
172 178
85 142
83 108
73 153
181 199
113 118
136 171
145 209
12 26
28 33
113 116
14 28
201 226
53 98
112 115
30 160
37 105
201 227
31 161
22 95
83 109
116 120
137 170
40 136
201 229
4 38
18 24
91 97
41 126
25 34
72 154
163 186
27 35
32 66
88 101
184 200
88 100
96 99
234 237
13 28
179 232
25 37
9 36
207 210
47 93
14 17
143 163
206 211
123 127
173 178
165 187
129 135
3 39
30 64
130 134
47 91
144 208
129 136
17 26
63 157
32 160
41 44
183 198
109 187
168 182
11 210
32 64
74 108
112 190
111 114
143 166
62 65
28 31
82 107
138 169
136 173
116 119
207 211
217 222
118 195
180 230
33 106
9 211
88 91
175 178
86 141
80 108
73 152
14 29
202 226
9 212
127 130
164 187
22 96
46 91
10 215
3 138
55 101
128 131
171 179
224 228
144 163
134 171
33 160
57 103
200 205
125 236
52 101
23 86
32 158
26 36
11 212
87 91
115 119
58 62
78 110
113 190
38 86
110 187
17 27
167 182
41 129
132 135
9 12
128 235
40 138
74 154
115 191
70 155
129 132
139 169
135 171
25 35
232 235
22 91
221 224
125 129
84 87
182 200
231 235
206 212
29 63
220 224
220 223
152 155
86 105
74 80
71 82
85 105
126 129
181 200
77 152
146 163
23 38
16 26
7 214
97 100
29 33
73 76
56 68
22 100
84 88
171 175
31 158
110 114
57 62
167 184
85 141
221 226
20 96
54 102
74 153
233 238
38 138
62 67
18 25
71 152
17 24
2 5
8 214
47 50
4 39
149 160
38 139
182 202
193 197
201 228
202 228
18 59
14 27
91 94
22 39
70 154
6 217
141 165
34 104
124 237
142 167
26 37
63 66
45 94
60 65
128 236
206 210
201 204
84 107
166 185
85 106
231 234
34 37
69 154
218 221
173 177
138 170
185 198
186 189
149 162
170 175
66 103
101 105
72 153
69 155
73 77
3 8
35 142
47 89
129 137
117 195
145 164
120 123
88 92
55 68
17 25
122 126
9 214
34 143
65 104
77 153
108 162
202 206
168 180
75 80
13 26
235 238
88 97
125 128
81 109
29 65
182 199
7 217
3 23
225 229
184 198
128 137
114 118
176 217
185 189
169 180
116 190
28 32
37 86
7 215
74 77
23 39
13 27
214 217
10 213
150 161
6 174
33 107
114 117
10 211
71 154
174 177
26 35
136 172
118 121
20 23
94 97
12 27
180 231
168 202
44 94
42 136
104 107
22 97
84 101
111 116
29 32
56 104
39 140
107 161
74 79
37 140
115 118
98 102
107 162
181 232
190 193
117 193
34 142
6 215
28 34
81 111
89 92
32 65
84 100
109 162
56 67
75 79
41 45
181 231
58 61
224 227
179 230
121 124
84 106
9 213
203 206
145 161
124 128
102 105
41 91
30 158
183 200
109 114
33 104
170 181
142 165
202 229
174 178
82 106
144 164
169 181
134 137
62 66
113 117
171 174
80 111
143 162
22 92
169 182
4 8
46 89
230 233
68 71
137 172
181 229
117 121
170 180
205 209
67 103
196 199
27 104
114 119
13 35
27 34
5 173
55 103
201 230
175 180
57 102
39 139
57 99
35 143
5 174
103 107
183 195
25 38
122 125
214 222
194 197
79 110
141 167
39 86
233 236
12 28
93 97
168 181
183 201
234 238
12 211
33 65
168 183
61 65
219 223
27 32
206 209
85 107
99 102
151 159
12 35
47 92
117 120
38 140
54 103
217 221
148 163
11 211
78 152
120 124
146 162
8 38
205 208
33 66
43 136
67 71
83 106
116 193
171 180
80 110
80 109
56 102
26 34
86 100
54 68
123 126
24 37
82 109
40 139
41 136
50 88
127 131
27 33
23 37
71 155
5 8
42 45
182 229
5 138
66 104
73 154
36 140
226 229
87 100
117 189
162 165
180 232
164 185
200 204
28 35
176 221
151 160
164 186
60 64
165 186
32 159
21 24
74 81
4 7
3 40
18 26
38 141
117 194
165 184
179 231
57 65
117 192
54 101
203 226
70 153
9 215
175 179
57 104
43 130
45 90
164 184
32 104
48 89
109 113
10 212
112 189
166 182
3 21
206 213
184 205
90 126
102 106
4 40
170 179
163 187
19 24
39 138
42 129
41 46
3 38
176 225
110 188
78 150
119 122
200 229
194 198
81 108
67 70
201 205
113 188
113 191
66 70
145 148
121 195
113 119
45 93
42 46
223 227
81 107
14 26
22 40
202 227
71 153
84 105
56 65
196 238
219 222
68 72
53 101
44 93
112 191
98 101
57 60
31 159
124 127
143 209
167 183
21 95
142 166
170 178
30 159
25 36
8 215
145 163
20 24
7 216
148 160
12 210
34 105
87 90
181 233
18 27
6 216
90 93
22 99
103 106
43 46
33 105
222 225
165 185
139 170
145 160
139 168
124 236
166 184
29 64
221 225
120 195
40 137
147 163
202 205
56 66
204 207
68 103
113 189
36 143
37 85
4 139
162 187
76 79
21 96
166 205
28 64
203 207
6 214
203 227
92 100
23 40
171 178
108 161
212 215
74 152
41 138
43 129
129 134
71 74
196 233
126 130
140 168
138 171
116 192
137 169
112 188
21 94
183 199
111 115
4 140
118 122
141 168
134 172
223 226
205 211
56 62
170 232
195 198
31 160
128 134
144 165
41 137
166 183
50 89
49 89
222 226
143 164
181 230
37 142
135 172
22 94
218 222
45 91
112 116
131 134
37 141
36 142
24 39
42 137
149 161
