85 34
115 81
165 107
35 28
205 168
103 68
222 219
86 37
97 88
115 111
59 18
209 144
35 26
99 21
111 81
79 74
113 107
34 25
82 54
185 113
123 119
107 85
102 55
202 180
102 58
213 168
91 86
80 74
96 93
126 41
169 125
214 170
214 168
140 38
205 182
206 202
213 209
226 222
165 113
114 109
107 33
122 84
114 84
208 204
136 40
226 203
205 200
100 91
36 26
31 28
100 86
139 125
95 92
204 200
141 39
223 220
104 57
184 144
205 184
109 105
122 114
119 115
198 185
166 142
138 40
126 87
103 66
108 105
167 141
213 166
65 56
102 57
212 203
213 140
126 89
156 153
226 212
102 23
211 206
102 20
114 82
113 85
67 56
107 34
59 20
215 140
183 124
164 144
90 39
8 4
141 34
214 140
82 74
12 8
128 41
163 145
206 36
25 18
109 84
143 85
65 58
197 194
145 33
189 110
157 154
141 85
106 54
82 50
120 116
168 26
108 71
207 204
114 81
70 67
171 129
144 23
108 104
187 33
11 4
227 203
34 85
81 115
107 165
28 35
168 205
68 103
219 222
37 86
88 97
111 115
18 59
144 209
26 35
21 99
81 111
74 79
107 113
25 34
54 82
113 185
119 123
85 107
55 102
180 202
58 102
168 213
86 91
74 80
93 96
41 126
125 169
170 214
168 214
38 140
182 205
202 206
209 213
222 226
113 165
109 114
33 107
84 122
84 114
204 208
40 136
203 226
200 205
91 100
26 36
28 31
86 100
125 139
92 95
200 204
39 141
220 223
57 104
144 184
184 205
105 109
114 122
115 119
185 198
142 166
40 138
87 126
66 103
105 108
141 167
166 213
56 65
57 102
203 212
140 213
89 126
153 156
212 226
23 102
206 211
20 102
82 114
85 113
56 67
34 107
20 59
140 215
124 183
144 164
39 90
4 8
34 141
140 214
74 82
8 12
41 128
145 163
36 206
18 25
84 109
85 143
58 65
194 197
33 145
110 189
154 157
85 141
54 106
50 82
116 120
26 168
71 108
204 207
81 114
67 70
129 171
23 144
104 108
33 187
4 11
203 227
