85 34
115 81
165 107
35 28
205 168
103 68
222 219
86 37
97 88
115 111
59 18
209 144
35 26
99 21
111 81
79 74
113 107
34 25
82 54
185 113
123 119
107 85
102 55
202 180
102 58
213 168
91 86
80 74
96 93
126 41
169 125
214 170
214 168
140 38
205 182
206 202
213 209
226 222
165 113
114 109
107 33
122 84
114 84
208 204
136 40
226 203
205 200
100 91
36 26
31 28
100 86
139 125
95 92
204 200
141 39
223 220
104 57
184 144
205 184
109 105
122 114
119 115
198 185
166 142
138 40
126 87
103 66
108 105
167 141
213 166
65 56
102 57
212 203
213 140
126 89
156 153
226 212
102 23
211 206
102 20
114 82
113 85
67 56
107 34
59 20
215 140
183 124
164 144
90 39
8 4
141 34
214 140
82 74
12 8
128 41
163 145
206 36
25 18
109 84
143 85
65 58
197 194
145 33
189 110
157 154
141 85
106 54
82 50
120 116
168 26
108 71
207 204
114 81
70 67
171 129
144 23
108 104
187 33
11 4
227 203
187 113
156 152
113 110
213 206
98 55
185 121
122 109
214 199
195 183
217 214
168 140
151 99
181 169
187 41
138 36
126 90
154 151
185 117
205 35
143 107
45 42
171 137
145 35
182 129
38 18
101 97
57 20
208 200
118 109
173 133
165 110
121 113
167 109
109 82
116 111
99 22
89 46
238 233
222 217
206 203
96 92
23 20
109 81
166 136
207 53
112 46
215 211
205 164
45 22
184 164
27 20
127 23
98 53
84 54
104 20
117 113
87 39
167 122
160 31
209 205
167 121
87 81
114 54
142 37
14 11
183 113
178 170
225 221
169 137
204 201
177 173
66 39
164 146
144 141
238 232
103 70
181 128
190 137
109 83
137 128
69 58
211 85
128 124
44 40
115 50
137 129
60 18
225 222
228 224
139 121
214 138
187 110
84 81
183 143
179 171
187 88
121 41
126 81
96 48
186 164
138 38
199 181
11 8
186 163
203 63
143 20
37 25
106 68
89 80
24 19
145 113
209 133
182 103
122 50
167 82
36 17
119 116
226 219
223 155
161 74
187 54
133 43
223 219
95 43
114 101
205 144
205 192
145 31
130 125
217 36
217 199
180 150
98 44
157 70
137 85
167 114
37 34
165 57
69 60
32 29
136 42
89 37
81 50
124 100
133 34
64 60
15 8
121 34
164 28
229 224
137 112
183 179
161 158
211 143
118 105
37 26
122 83
33 27
70 56
5 2
154 70
215 23
106 36
84 50
181 140
140 87
145 90
191 188
208 205
127 72
20 17
10 7
200 104
127 124
196 188
79 73
100 22
149 65
183 37
181 80
10 6
104 39
215 38
57 23
100 54
195 124
195 79
114 50
152 52
13 10
198 194
82 55
78 75
92 30
114 83
167 39
100 84
226 210
139 20
97 93
90 86
6 3
55 20
228 223
45 40
175 47
169 36
187 126
191 116
88 54
111 72
12 4
213 57
71 66
129 125
179 131
161 126
14 2
183 128
123 120
217 202
222 199
160 28
60 24
113 81
182 52
181 137
160 79
115 110
186 182
140 36
99 20
61 17
89 81
227 173
210 165
209 182
12 6
122 82
127 51
114 105
34 85
81 115
107 165
28 35
168 205
68 103
219 222
37 86
88 97
111 115
18 59
144 209
26 35
21 99
81 111
74 79
107 113
25 34
54 82
113 185
119 123
85 107
55 102
180 202
58 102
168 213
86 91
74 80
93 96
41 126
125 169
170 214
168 214
38 140
182 205
202 206
209 213
222 226
113 165
109 114
33 107
84 122
84 114
204 208
40 136
203 226
200 205
91 100
26 36
28 31
86 100
125 139
92 95
200 204
39 141
220 223
57 104
144 184
184 205
105 109
114 122
115 119
185 198
142 166
40 138
87 126
66 103
105 108
141 167
166 213
56 65
57 102
203 212
140 213
89 126
153 156
212 226
23 102
206 211
20 102
82 114
85 113
56 67
34 107
20 59
140 215
124 183
144 164
39 90
4 8
34 141
140 214
74 82
8 12
41 128
145 163
36 206
18 25
84 109
85 143
58 65
194 197
33 145
110 189
154 157
85 141
54 106
50 82
116 120
26 168
71 108
204 207
81 114
67 70
129 171
23 144
104 108
33 187
4 11
203 227
113 187
152 156
110 113
206 213
55 98
121 185
109 122
199 214
183 195
214 217
140 168
99 151
169 181
41 187
36 138
90 126
151 154
117 185
35 205
107 143
42 45
137 171
35 145
129 182
18 38
97 101
20 57
200 208
109 118
133 173
110 165
113 121
109 167
82 109
111 116
22 99
46 89
233 238
217 222
203 206
92 96
20 23
81 109
136 166
53 207
46 112
211 215
164 205
22 45
164 184
20 27
23 127
53 98
54 84
20 104
113 117
39 87
122 167
31 160
205 209
121 167
81 87
54 114
37 142
11 14
113 183
170 178
221 225
137 169
201 204
173 177
39 66
146 164
141 144
232 238
70 103
128 181
137 190
83 109
128 137
58 69
85 211
124 128
40 44
50 115
129 137
18 60
222 225
224 228
121 139
138 214
110 187
81 84
143 183
171 179
88 187
41 121
81 126
48 96
164 186
38 138
181 199
8 11
163 186
63 203
20 143
25 37
68 106
80 89
19 24
113 145
133 209
103 182
50 122
82 167
17 36
116 119
219 226
155 223
74 161
54 187
43 133
219 223
43 95
101 114
144 205
192 205
31 145
125 130
36 217
199 217
150 180
44 98
70 157
85 137
114 167
34 37
57 165
60 69
29 32
42 136
37 89
50 81
100 124
34 133
60 64
8 15
34 121
28 164
224 229
112 137
179 183
158 161
143 211
105 118
26 37
83 122
27 33
56 70
2 5
70 154
23 215
36 106
50 84
140 181
87 140
90 145
188 191
205 208
72 127
17 20
7 10
104 200
124 127
188 196
73 79
22 100
65 149
37 183
80 181
6 10
39 104
38 215
23 57
54 100
124 195
79 195
50 114
52 152
10 13
194 198
55 82
75 78
30 92
83 114
39 167
84 100
210 226
20 139
93 97
86 90
3 6
20 55
223 228
40 45
47 175
36 169
126 187
116 191
54 88
72 111
4 12
57 213
66 71
125 129
131 179
126 161
2 14
128 183
120 123
202 217
199 222
28 160
24 60
81 113
52 182
137 181
79 160
110 115
182 186
36 140
20 99
17 61
81 89
173 227
165 210
182 209
6 12
82 122
51 127
105 114
