207 204
206 203
208 205
207 203
208 204
85 34
205 202
224 221
222 219
165 107
223 220
206 202
108 105
118 115
119 115
209 206
123 119
103 68
204 201
97 94
115 81
209 144
117 113
35 26
226 223
225 222
205 168
209 205
223 219
226 222
34 25
35 28
224 220
227 224
79 74
96 93
138 40
119 116
111 81
115 112
80 74
82 54
97 88
117 114
98 95
102 55
118 114
140 38
115 111
227 223
116 113
185 113
169 125
157 154
113 107
202 180
99 96
86 37
99 21
204 200
116 112
107 85
164 144
136 40
103 66
59 18
167 141
197 194
156 153
225 221
205 201
126 87
120 116
25 18
36 26
31 28
156 152
123 120
213 209
109 105
100 97
70 67
114 109
226 203
99 95
109 106
138 38
126 41
114 84
90 87
122 84
45 42
34 26
166 142
213 168
127 124
214 170
128 124
95 92
228 224
102 58
205 182
97 93
6 3
107 33
121 118
114 81
108 104
165 113
113 110
96 92
90 86
114 111
199 196
122 119
214 168
100 91
121 117
124 120
82 74
205 184
155 152
217 214
100 86
98 94
7 4
168 140
213 140
132 129
216 213
5 2
238 235
91 86
215 212
34 28
211 206
205 200
198 185
212 203
65 56
109 81
154 151
109 83
102 57
163 145
120 117
99 22
104 57
198 195
126 89
24 19
198 194
73 70
122 118
114 110
210 206
215 211
128 41
127 123
184 144
143 85
113 108
14 11
177 174
237 234
141 39
222 218
129 125
90 39
34 27
102 20
124 121
139 125
214 211
113 109
226 212
115 110
91 87
11 8
157 153
65 58
13 10
116 111
140 39
64 61
221 218
78 75
228 225
8 4
32 29
167 140
23 20
215 140
37 26
210 207
82 50
122 114
102 23
74 71
125 121
59 20
65 62
179 171
106 54
213 166
110 107
131 128
100 22
108 71
141 85
141 34
139 38
72 69
8 5
91 88
24 18
221 217
100 96
7 3
219 216
107 34
109 82
214 140
35 27
114 82
107 104
129 126
178 175
110 81
89 86
109 84
10 7
102 99
168 26
137 40
229 226
101 97
227 203
67 56
121 113
139 40
204 207
203 206
205 208
203 207
204 208
34 85
202 205
221 224
219 222
107 165
220 223
202 206
105 108
115 118
115 119
206 209
119 123
68 103
201 204
94 97
81 115
144 209
113 117
26 35
223 226
222 225
168 205
205 209
219 223
222 226
25 34
28 35
220 224
224 227
74 79
93 96
40 138
116 119
81 111
112 115
74 80
54 82
88 97
114 117
95 98
55 102
114 118
38 140
111 115
223 227
113 116
113 185
125 169
154 157
107 113
180 202
96 99
37 86
21 99
200 204
112 116
85 107
144 164
40 136
66 103
18 59
141 167
194 197
153 156
221 225
201 205
87 126
116 120
18 25
26 36
28 31
152 156
120 123
209 213
105 109
97 100
67 70
109 114
203 226
95 99
106 109
38 138
41 126
84 114
87 90
84 122
42 45
26 34
142 166
168 213
124 127
170 214
124 128
92 95
224 228
58 102
182 205
93 97
3 6
33 107
118 121
81 114
104 108
113 165
110 113
92 96
86 90
111 114
196 199
119 122
168 214
91 100
117 121
120 124
74 82
184 205
152 155
214 217
86 100
94 98
4 7
140 168
140 213
129 132
213 216
2 5
235 238
86 91
212 215
28 34
206 211
200 205
185 198
203 212
56 65
81 109
151 154
83 109
57 102
145 163
117 120
22 99
57 104
195 198
89 126
19 24
194 198
70 73
118 122
110 114
206 210
211 215
41 128
123 127
144 184
85 143
108 113
11 14
174 177
234 237
39 141
218 222
125 129
39 90
27 34
20 102
121 124
125 139
211 214
109 113
212 226
110 115
87 91
8 11
153 157
58 65
10 13
111 116
39 140
61 64
218 221
75 78
225 228
4 8
29 32
140 167
20 23
140 215
26 37
207 210
50 82
114 122
23 102
71 74
121 125
20 59
62 65
171 179
54 106
166 213
107 110
128 131
22 100
71 108
85 141
34 141
38 139
69 72
5 8
88 91
18 24
217 221
96 100
3 7
216 219
34 107
82 109
140 214
27 35
82 114
104 107
126 129
175 178
81 110
86 89
84 109
7 10
99 102
26 168
40 137
226 229
97 101
203 227
56 67
113 121
40 139
