93 90
103 53
107 103
105 92
73 19
99 49
58 26
93 83
58 28
71 64
79 64
60 12
85 74
82 43
69 15
90 83
86 27
107 54
61 44
40 37
101 98
103 54
70 15
90 85
43 31
61 31
47 29
66 63
61 33
21 17
109 105
49 46
97 42
23 19
63 35
104 101
103 99
109 84
99 46
82 29
67 15
44 31
59 47
84 29
76 32
84 27
39 31
108 104
74 32
108 105
58 21
17 14
60 28
105 84
81 76
52 48
90 93
53 103
103 107
92 105
19 73
49 99
26 58
83 93
28 58
64 71
64 79
12 60
74 85
43 82
15 69
83 90
27 86
54 107
44 61
37 40
98 101
54 103
15 70
85 90
31 43
31 61
29 47
63 66
33 61
17 21
105 109
46 49
42 97
19 23
35 63
101 104
99 103
84 109
46 99
29 82
15 67
31 44
47 59
29 84
32 76
27 84
31 39
104 108
32 74
105 108
21 58
14 17
28 60
84 105
76 81
48 52
