59 8
83 74
91 86
79 40
74 70
60 21
30 18
96 79
98 95
87 23
60 30
84 30
96 39
50 46
17 12
18 14
59 31
47 31
21 17
63 33
60 9
95 78
71 64
94 84
58 10
44 41
64 33
47 43
54 51
69 15
74 30
68 64
101 94
104 101
96 81
57 29
88 85
108 104
58 21
94 81
89 85
106 29
92 84
109 27
82 29
22 18
79 39
30 21
83 32
67 62
41 37
51 8
56 26
82 30
48 44
107 104
110 56
64 34
58 28
17 14
105 84
81 31
55 52
89 86
56 27
28 21
43 40
47 9
108 105
74 71
91 85
60 22
46 42
22 19
55 51
71 62
63 12
18 15
73 70
102 99
37 33
98 94
92 83
20 17
63 34
96 80
61 11
86 28
90 84
58 27
72 68
105 102
61 33
97 42
21 12
51 7
97 80
81 76
102 29
93 84
73 15
70 15
40 34
62 18
86 25
80 31
52 8
70 62
67 13
67 12
65 34
80 43
51 47
59 47
103 100
76 64
103 54
75 72
82 31
92 85
50 47
102 94
84 28
60 29
71 67
71 68
62 32
109 106
60 28
70 18
84 27
48 8
76 71
67 63
19 16
63 11
66 13
110 107
41 38
99 43
59 10
52 49
61 31
57 28
110 27
104 100
52 7
57 26
107 103
93 82
62 12
68 65
79 64
59 51
86 27
85 22
53 49
67 15
81 78
57 54
5 2
81 32
109 84
96 82
109 105
62 33
52 48
31 9
40 37
110 54
86 24
97 43
93 81
58 24
100 46
72 69
55 7
90 85
44 40
57 27
91 27
93 83
30 12
97 39
40 35
60 18
8 5
70 12
90 83
80 37
86 26
106 57
61 12
76 72
67 14
81 77
109 91
67 18
67 64
91 84
110 106
84 29
17 13
23 19
64 32
105 101
83 76
85 30
96 78
59 50
103 99
53 50
83 30
79 37
105 94
79 34
106 84
106 54
95 82
83 29
65 35
99 46
74 32
60 31
59 9
28 24
19 15
71 32
95 81
47 44
105 92
88 22
54 7
87 25
79 33
23 20
43 39
28 22
59 29
85 27
48 45
103 53
87 24
59 28
57 51
70 67
30 22
62 30
102 98
106 103
18 12
79 76
103 50
88 23
94 82
60 12
85 28
99 47
46 43
66 63
63 35
61 10
24 20
51 9
76 32
80 32
61 9
97 40
21 18
79 32
20 16
80 39
62 31
106 27
60 10
37 34
51 48
21 10
80 33
82 32
40 33
49 46
60 11
24 21
99 50
54 50
58 29
106 102
106 50
49 45
42 39
102 82
73 69
80 40
58 26
42 38
101 98
102 50
