93 90
103 53
107 103
105 92
73 19
99 49
58 26
93 83
58 28
71 64
79 64
60 12
85 74
82 43
69 15
90 83
86 27
107 54
61 44
40 37
101 98
103 54
70 15
90 85
43 31
61 31
47 29
66 63
61 33
21 17
109 105
49 46
97 42
23 19
63 35
104 101
103 99
109 84
99 46
82 29
67 15
44 31
59 47
84 29
76 32
84 27
39 31
108 104
74 32
108 105
58 21
17 14
60 28
105 84
81 76
52 48
44 33
85 30
17 13
63 33
85 82
103 50
99 53
105 94
82 31
59 51
62 32
109 92
108 92
60 21
19 15
61 48
70 62
109 27
104 100
107 104
23 20
65 34
42 39
67 14
41 38
73 15
64 32
97 43
48 44
83 74
20 17
99 50
45 37
93 81
52 49
79 34
30 18
105 101
83 32
58 10
97 94
79 36
60 17
61 11
21 10
65 36
42 38
21 12
94 82
109 91
53 49
110 54
78 39
59 50
106 29
59 29
46 43
73 69
87 25
102 43
110 56
60 30
101 97
24 20
97 39
17 10
106 84
54 50
70 67
79 39
102 82
55 51
41 33
72 69
110 27
56 26
91 86
87 26
96 39
82 47
74 70
91 27
28 22
102 99
28 21
65 35
17 12
97 46
74 18
79 31
95 77
51 47
50 46
44 41
60 10
55 52
40 31
110 107
72 68
66 11
96 78
58 24
47 31
39 36
57 29
41 36
57 27
33 11
98 94
46 42
102 50
22 19
47 43
