108 105
53 50
104 101
103 100
105 102
52 48
53 49
106 102
52 49
107 103
51 48
107 104
109 106
105 101
20 17
108 104
106 103
102 99
109 105
21 17
54 50
104 100
54 51
23 20
72 69
101 98
103 99
17 14
46 43
73 70
51 47
49 46
50 46
23 19
22 19
21 18
22 18
24 20
42 39
18 15
50 47
84 29
62 33
47 44
55 51
62 32
19 15
41 38
63 33
40 37
48 45
58 28
19 16
55 52
24 21
47 43
105 108
50 53
101 104
100 103
102 105
48 52
49 53
102 106
49 52
103 107
48 51
104 107
106 109
101 105
17 20
104 108
103 106
99 102
105 109
17 21
50 54
100 104
51 54
20 23
69 72
98 101
99 103
14 17
43 46
70 73
47 51
46 49
46 50
19 23
19 22
18 21
18 22
20 24
39 42
15 18
47 50
29 84
33 62
44 47
51 55
32 62
15 19
38 41
33 63
37 40
45 48
28 58
16 19
52 55
21 24
43 47
