93 90
103 53
107 103
105 92
73 19
99 49
58 26
93 83
58 28
71 64
79 64
60 12
85 74
82 43
69 15
90 83
86 27
107 54
61 44
40 37
101 98
103 54
70 15
90 85
43 31
61 31
47 29
66 63
61 33
21 17
109 105
49 46
97 42
23 19
63 35
104 101
103 99
109 84
99 46
82 29
67 15
44 31
59 47
84 29
76 32
84 27
39 31
108 104
74 32
108 105
58 21
17 14
60 28
105 84
81 76
52 48
44 33
85 30
17 13
63 33
85 82
103 50
99 53
105 94
82 31
59 51
62 32
109 92
108 92
60 21
19 15
61 48
70 62
109 27
104 100
107 104
23 20
65 34
42 39
67 14
41 38
73 15
64 32
97 43
48 44
83 74
20 17
99 50
45 37
93 81
52 49
79 34
30 18
105 101
83 32
58 10
97 94
79 36
60 17
61 11
21 10
65 36
42 38
21 12
94 82
109 91
53 49
110 54
78 39
59 50
106 29
59 29
46 43
