108 105
53 50
104 101
103 100
105 102
52 48
53 49
106 102
52 49
107 103
51 48
107 104
109 106
105 101
20 17
108 104
106 103
102 99
109 105
21 17
54 50
104 100
54 51
23 20
72 69
101 98
103 99
17 14
46 43
73 70
51 47
49 46
50 46
23 19
22 19
21 18
22 18
24 20
42 39
18 15
50 47
84 29
62 33
47 44
55 51
62 32
19 15
41 38
63 33
40 37
48 45
58 28
19 16
55 52
24 21
47 43
61 32
73 69
20 16
49 45
102 98
59 28
84 28
60 30
110 106
74 71
63 34
110 107
83 29
61 31
48 44
71 68
17 13
83 31
74 70
84 27
44 41
90 85
72 68
101 97
66 63
84 30
45 42
43 40
59 29
93 90
89 85
63 32
58 29
85 28
64 34
93 83
82 31
86 27
63 35
46 42
88 85
18 14
58 27
5 2
25 21
60 29
70 67
61 33
60 12
83 30
57 28
82 29
42 38
85 29
59 30
93 82
58 26
81 76
85 27
60 28
41 37
64 33
25 22
86 28
6 3
75 72
67 15
89 86
43 39
57 54
86 26
90 84
90 86
61 30
70 15
79 64
62 31
45 41
69 15
7 4
93 81
67 64
94 81
82 30
39 36
105 92
94 82
71 64
60 31
97 94
40 36
44 40
67 63
94 83
12 9
97 42
16 13
67 14
65 35
57 27
103 53
44 31
65 34
75 71
90 83
73 19
56 53
78 39
85 30
109 91
97 43
64 35
11 8
105 108
50 53
101 104
100 103
102 105
48 52
49 53
102 106
49 52
103 107
48 51
104 107
106 109
101 105
17 20
104 108
103 106
99 102
105 109
17 21
50 54
100 104
51 54
20 23
69 72
98 101
99 103
14 17
43 46
70 73
47 51
46 49
46 50
19 23
19 22
18 21
18 22
20 24
39 42
15 18
47 50
29 84
33 62
44 47
51 55
32 62
15 19
38 41
33 63
37 40
45 48
28 58
16 19
52 55
21 24
43 47
32 61
69 73
16 20
45 49
98 102
28 59
28 84
30 60
106 110
71 74
34 63
107 110
29 83
31 61
44 48
68 71
13 17
31 83
70 74
27 84
41 44
85 90
68 72
97 101
63 66
30 84
42 45
40 43
29 59
90 93
85 89
32 63
29 58
28 85
34 64
83 93
31 82
27 86
35 63
42 46
85 88
14 18
27 58
2 5
21 25
29 60
67 70
33 61
12 60
30 83
28 57
29 82
38 42
29 85
30 59
82 93
26 58
76 81
27 85
28 60
37 41
33 64
22 25
28 86
3 6
72 75
15 67
86 89
39 43
54 57
26 86
84 90
86 90
30 61
15 70
64 79
31 62
41 45
15 69
4 7
81 93
64 67
81 94
30 82
36 39
92 105
82 94
64 71
31 60
94 97
36 40
40 44
63 67
83 94
9 12
42 97
13 16
14 67
35 65
27 57
53 103
31 44
34 65
71 75
83 90
19 73
53 56
39 78
30 85
91 109
43 97
35 64
8 11
