107 87
57 38
90 51
60 30
99 94
103 51
89 23
25 22
56 16
97 94
55 41
102 91
61 35
102 18
50 44
41 4
53 2
86 40
89 19
53 43
36 16
25 11
94 48
15 12
75 59
95 89
88 55
105 102
42 12
56 12
58 20
102 74
24 20
30 16
102 89
54 42
95 11
84 37
104 5
42 4
102 19
59 37
15 11
89 54
51 47
99 92
35 30
80 36
25 21
43 4
38 25
29 8
71 46
49 45
75 35
87 107
38 57
51 90
30 60
94 99
51 103
23 89
22 25
16 56
94 97
41 55
91 102
35 61
18 102
44 50
4 41
2 53
40 86
19 89
43 53
16 36
11 25
48 94
12 15
59 75
89 95
55 88
102 105
12 42
12 56
20 58
74 102
20 24
16 30
89 102
42 54
11 95
37 84
5 104
4 42
19 102
37 59
11 15
54 89
47 51
92 99
30 35
36 80
21 25
4 43
25 38
8 29
46 71
45 49
35 75
