107 87
57 38
90 51
60 30
99 94
103 51
89 23
25 22
56 16
97 94
55 41
102 91
61 35
102 18
50 44
41 4
53 2
86 40
89 19
53 43
36 16
25 11
94 48
15 12
75 59
95 89
88 55
105 102
42 12
56 12
58 20
102 74
24 20
30 16
102 89
54 42
95 11
84 37
104 5
42 4
102 19
59 37
15 11
89 54
51 47
99 92
35 30
80 36
25 21
43 4
38 25
29 8
71 46
49 45
75 35
32 25
100 93
103 6
49 29
74 71
16 10
57 40
43 14
54 16
102 22
65 30
37 31
87 36
56 28
84 57
75 43
73 61
66 62
89 56
87 58
78 41
97 49
73 32
73 63
86 3
61 15
88 43
85 58
88 39
42 7
93 15
86 6
71 67
87 34
97 92
30 24
80 77
93 4
105 26
12 9
77 74
101 97
64 8
65 35
43 2
60 56
93 58
52 28
52 40
55 40
39 15
50 14
65 61
84 55
37 23
38 31
107 34
46 14
106 37
75 67
78 37
87 42
23 18
89 58
98 86
52 14
103 26
42 39
12 5
92 51
96 46
65 24
36 32
83 5
14 10
41 26
50 26
76 60
91 5
92 49
97 48
65 28
100 16
44 14
32 16
99 95
45 29
93 11
48 45
86 55
53 6
84 4
98 19
43 16
89 60
102 52
35 10
64 20
96 48
98 12
51 48
97 93
66 10
46 40
71 4
72 67
77 67
92 47
83 30
96 49
93 20
