25 22
97 94
24 21
14 11
102 91
23 20
24 20
13 10
15 12
98 94
99 94
25 21
74 71
100 93
75 72
70 67
71 68
57 38
42 4
69 66
22 19
98 95
41 4
88 55
26 23
15 11
71 67
49 45
105 102
50 44
50 47
14 10
23 19
102 90
26 22
12 9
56 16
102 18
49 46
87 57
97 93
80 77
76 73
100 94
90 51
27 24
55 41
88 54
53 43
61 35
99 93
28 25
72 69
107 104
48 45
22 25
94 97
21 24
11 14
91 102
20 23
20 24
10 13
12 15
94 98
94 99
21 25
71 74
93 100
72 75
67 70
68 71
38 57
4 42
66 69
19 22
95 98
4 41
55 88
23 26
11 15
67 71
45 49
102 105
44 50
47 50
10 14
19 23
90 102
22 26
9 12
16 56
18 102
46 49
57 87
93 97
77 80
73 76
94 100
51 90
24 27
41 55
54 88
43 53
35 61
93 99
25 28
69 72
104 107
45 48
