25 22
41 4
102 18
107 87
24 21
102 91
97 94
99 94
23 20
57 38
24 20
25 21
56 16
103 51
60 30
90 51
89 23
13 10
50 44
100 93
14 11
42 4
88 55
15 12
61 35
53 43
74 71
102 19
105 102
23 19
89 54
55 41
94 48
89 19
89 56
49 45
15 11
98 94
71 68
22 19
12 9
75 72
14 10
102 89
53 2
98 95
70 67
25 11
99 93
26 22
97 48
36 16
48 45
86 40
51 47
54 42
95 89
56 28
43 2
97 93
50 45
50 47
80 77
100 94
71 67
77 74
75 59
99 92
26 23
43 4
107 104
69 66
102 74
99 95
36 33
80 36
55 40
54 16
51 48
73 63
102 90
42 12
87 55
85 58
101 92
88 56
97 49
95 11
35 32
76 72
102 22
60 57
56 12
96 48
92 49
88 54
53 42
21 18
22 18
32 25
97 92
35 30
30 24
75 67
43 14
49 46
50 46
28 24
28 25
27 24
100 97
100 92
73 61
36 17
16 12
42 39
30 16
84 57
90 52
57 40
51 45
49 44
76 73
36 32
96 93
106 103
30 25
13 9
52 14
102 92
101 91
29 8
65 30
74 70
43 3
5 2
87 56
87 57
96 46
103 92
99 96
59 37
75 71
87 58
85 57
75 35
86 57
65 62
16 10
96 49
89 58
89 55
98 93
84 37
72 69
14 9
41 5
39 6
96 47
61 34
104 5
100 91
98 49
88 53
69 65
96 92
