25 22
41 4
102 18
107 87
24 21
102 91
97 94
99 94
23 20
57 38
24 20
25 21
56 16
103 51
60 30
90 51
89 23
13 10
50 44
100 93
14 11
42 4
88 55
15 12
61 35
53 43
74 71
102 19
105 102
23 19
89 54
55 41
94 48
89 19
89 56
49 45
15 11
98 94
71 68
22 19
12 9
75 72
14 10
102 89
53 2
98 95
70 67
25 11
99 93
26 22
97 48
36 16
48 45
86 40
51 47
54 42
95 89
56 28
43 2
97 93
50 45
50 47
80 77
100 94
71 67
77 74
75 59
99 92
26 23
43 4
107 104
69 66
102 74
99 95
36 33
80 36
55 40
54 16
51 48
73 63
102 90
42 12
87 55
85 58
101 92
88 56
97 49
95 11
35 32
76 72
102 22
60 57
56 12
96 48
92 49
88 54
53 42
21 18
22 18
32 25
97 92
35 30
30 24
75 67
43 14
49 46
50 46
28 24
28 25
27 24
100 97
22 25
4 41
18 102
87 107
21 24
91 102
94 97
94 99
20 23
38 57
20 24
21 25
16 56
51 103
30 60
51 90
23 89
10 13
44 50
93 100
11 14
4 42
55 88
12 15
35 61
43 53
71 74
19 102
102 105
19 23
54 89
41 55
48 94
19 89
56 89
45 49
11 15
94 98
68 71
19 22
9 12
72 75
10 14
89 102
2 53
95 98
67 70
11 25
93 99
22 26
48 97
16 36
45 48
40 86
47 51
42 54
89 95
28 56
2 43
93 97
45 50
47 50
77 80
94 100
67 71
74 77
59 75
92 99
23 26
4 43
104 107
66 69
74 102
95 99
33 36
36 80
40 55
16 54
48 51
63 73
90 102
12 42
55 87
58 85
92 101
56 88
49 97
11 95
32 35
72 76
22 102
57 60
12 56
48 96
49 92
54 88
42 53
18 21
18 22
25 32
92 97
30 35
24 30
67 75
14 43
46 49
46 50
24 28
25 28
24 27
97 100
