107 87
57 38
90 51
60 30
99 94
103 51
89 23
25 22
56 16
97 94
55 41
102 91
61 35
102 18
50 44
41 4
53 2
86 40
89 19
53 43
36 16
25 11
94 48
15 12
75 59
95 89
88 55
105 102
42 12
56 12
58 20
102 74
24 20
30 16
102 89
54 42
95 11
84 37
104 5
42 4
102 19
59 37
15 11
89 54
51 47
99 92
35 30
80 36
25 21
43 4
38 25
29 8
71 46
49 45
75 35
32 25
100 93
103 6
49 29
74 71
16 10
57 40
43 14
54 16
102 22
65 30
37 31
87 36
56 28
84 57
75 43
73 61
66 62
89 56
87 58
78 41
97 49
73 32
73 63
86 3
61 15
88 43
85 58
88 39
42 7
93 15
86 6
71 67
87 34
97 92
30 24
80 77
93 4
105 26
12 9
77 74
101 97
64 8
65 35
43 2
60 56
93 58
52 28
52 40
55 40
39 15
50 14
65 61
84 55
37 23
38 31
87 107
38 57
51 90
30 60
94 99
51 103
23 89
22 25
16 56
94 97
41 55
91 102
35 61
18 102
44 50
4 41
2 53
40 86
19 89
43 53
16 36
11 25
48 94
12 15
59 75
89 95
55 88
102 105
12 42
12 56
20 58
74 102
20 24
16 30
89 102
42 54
11 95
37 84
5 104
4 42
19 102
37 59
11 15
54 89
47 51
92 99
30 35
36 80
21 25
4 43
25 38
8 29
46 71
45 49
35 75
25 32
93 100
6 103
29 49
71 74
10 16
40 57
14 43
16 54
22 102
30 65
31 37
36 87
28 56
57 84
43 75
61 73
62 66
56 89
58 87
41 78
49 97
32 73
63 73
3 86
15 61
43 88
58 85
39 88
7 42
15 93
6 86
67 71
34 87
92 97
24 30
77 80
4 93
26 105
9 12
74 77
97 101
8 64
35 65
2 43
56 60
58 93
28 52
40 52
40 55
15 39
14 50
61 65
55 84
23 37
31 38
