93 11
86 55
107 23
56 23
52 42
59 34
52 43
73 33
25 22
13 7
67 64
92 52
104 89
9 6
44 3
100 93
103 92
61 35
9 5
87 19
75 35
56 19
42 4
83 59
108 85
91 51
50 46
82 77
91 19
76 62
73 70
39 16
97 94
55 41
73 63
50 45
92 49
102 89
108 86
85 59
27 23
87 58
41 7
92 50
107 27
61 34
63 32
43 5
54 16
93 52
102 92
56 38
22 19
99 93
13 10
98 94
24 20
92 51
71 35
14 10
34 30
106 87
87 54
65 24
65 30
64 32
23 19
70 67
76 61
61 32
58 34
26 23
19 15
105 102
36 20
75 37
58 36
54 41
84 57
102 19
64 31
18 14
56 39
87 23
42 5
60 34
95 49
88 53
76 60
54 42
105 87
91 18
20 16
82 60
99 94
51 43
13 9
83 34
100 14
12 9
39 36
75 62
15 12
16 12
102 22
60 32
34 24
60 30
107 87
102 18
81 78
87 56
67 33
58 35
89 52
74 61
84 37
54 19
52 15
81 60
57 37
91 15
100 18
56 36
54 39
91 53
23 20
50 11
89 53
57 36
104 90
107 88
27 24
64 33
95 11
35 20
36 16
83 30
39 7
86 57
102 91
70 63
65 31
56 20
16 7
75 59
27 22
60 33
107 86
107 85
56 16
55 40
53 41
88 56
16 13
34 20
103 90
86 58
86 56
50 43
90 52
72 69
82 79
100 15
82 78
58 23
41 12
55 39
91 54
74 62
70 35
20 17
93 50
25 21
42 2
54 15
56 40
90 53
87 27
82 59
63 33
51 44
59 35
73 62
55 38
49 46
41 6
83 60
101 92
108 87
28 23
52 44
17 13
89 56
75 60
34 28
52 41
50 44
89 19
40 4
82 75
42 3
41 5
105 90
54 40
52 12
67 63
69 63
65 32
12 8
91 52
15 11
58 37
12 6
100 91
28 24
57 39
84 58
84 59
59 36
53 2
18 15
81 76
70 61
105 88
17 14
57 38
93 51
88 54
13 8
83 76
24 21
53 43
76 32
93 15
73 35
103 51
85 58
65 33
105 19
33 24
95 50
73 61
58 28
75 61
94 48
43 2
19 16
43 3
100 94
77 74
106 88
59 37
65 25
41 16
105 89
41 4
12 5
93 49
51 46
85 34
21 18
103 91
61 33
22 18
89 54
105 27
44 2
53 44
70 33
90 51
87 55
82 76
101 91
62 32
76 59
53 42
49 45
85 57
26 22
84 60
34 23
51 2
14 11
52 16
21 17
74 63
85 28
88 55
12 7
43 12
102 90
87 57
101 93
100 92
94 49
73 69
