33 30
79 38
88 81
26 20
40 37
76 73
28 5
98 95
42 38
53 48
78 45
16 3
40 29
93 3
86 32
108 93
47 43
63 59
22 18
84 60
27 2
90 9
110 107
28 16
88 36
21 17
69 66
80 72
78 42
34 29
14 11
68 65
83 79
92 53
81 54
12 6
92 44
99 47
111 100
16 5
12 3
30 7
94 40
78 41
109 18
29 4
20 16
49 45
86 58
77 54
103 18
12 5
63 60
74 50
31 12
99 44
25 20
35 29
88 35
53 45
87 81
78 38
82 41
92 48
101 92
16 7
109 105
107 104
77 50
62 59
94 44
29 2
75 38
26 16
87 61
109 22
86 60
109 106
101 52
42 39
82 38
46 42
74 42
34 27
57 11
111 95
43 40
89 55
53 44
81 72
75 42
105 18
44 4
50 45
64 60
103 15
57 52
81 53
13 8
99 48
103 19
62 56
30 14
88 41
108 18
79 75
94 47
20 17
62 58
16 12
82 36
34 23
66 61
76 71
77 74
61 51
105 14
74 45
56 51
87 12
99 94
52 45
75 39
58 55
61 54
40 4
110 106
17 10
89 58
36 29
111 108
85 54
33 7
54 51
81 77
65 61
74 46
108 15
35 13
87 78
31 6
61 56
97 47
80 77
77 69
82 78
12 9
94 4
32 7
56 33
103 100
77 51
77 62
76 72
72 61
102 89
89 57
24 21
103 14
44 40
13 10
44 36
70 51
10 7
90 12
52 48
67 61
111 98
78 44
94 2
108 105
30 33
38 79
81 88
20 26
37 40
73 76
5 28
95 98
38 42
48 53
45 78
3 16
29 40
3 93
32 86
93 108
43 47
59 63
18 22
60 84
2 27
9 90
107 110
16 28
36 88
17 21
66 69
72 80
42 78
29 34
11 14
65 68
79 83
53 92
54 81
6 12
44 92
47 99
100 111
5 16
3 12
7 30
40 94
41 78
18 109
4 29
16 20
45 49
58 86
54 77
18 103
5 12
60 63
50 74
12 31
44 99
20 25
29 35
35 88
45 53
81 87
38 78
41 82
48 92
92 101
7 16
105 109
104 107
50 77
59 62
44 94
2 29
38 75
16 26
61 87
22 109
60 86
106 109
52 101
39 42
38 82
42 46
42 74
27 34
11 57
95 111
40 43
55 89
44 53
72 81
42 75
18 105
4 44
45 50
60 64
15 103
52 57
53 81
8 13
48 99
19 103
56 62
14 30
41 88
18 108
75 79
47 94
17 20
58 62
12 16
36 82
23 34
61 66
71 76
74 77
51 61
14 105
45 74
51 56
12 87
94 99
45 52
39 75
55 58
54 61
4 40
106 110
10 17
58 89
29 36
108 111
54 85
7 33
51 54
77 81
61 65
46 74
15 108
13 35
78 87
6 31
56 61
47 97
77 80
69 77
78 82
9 12
4 94
7 32
33 56
100 103
51 77
62 77
72 76
61 72
89 102
57 89
21 24
14 103
40 44
10 13
36 44
51 70
7 10
12 90
48 52
61 67
98 111
44 78
2 94
105 108
