110 107
63 60
81 78
109 106
76 73
111 108
63 59
82 79
88 81
81 77
20 16
20 17
47 43
83 79
110 106
47 44
80 77
79 38
79 76
40 37
33 30
21 17
62 59
111 107
109 105
82 78
78 75
19 16
42 38
64 61
77 74
14 11
69 66
45 42
83 80
108 105
21 18
42 39
22 18
40 29
46 43
86 32
18 15
19 15
46 42
26 20
22 19
93 3
64 60
28 5
90 9
44 41
27 2
84 60
53 48
108 93
45 41
107 110
60 63
78 81
106 109
73 76
108 111
59 63
79 82
81 88
77 81
16 20
17 20
43 47
79 83
106 110
44 47
77 80
38 79
76 79
37 40
30 33
17 21
59 62
107 111
105 109
78 82
75 78
16 19
38 42
61 64
74 77
11 14
66 69
42 45
80 83
105 108
18 21
39 42
18 22
29 40
43 46
32 86
15 18
15 19
42 46
20 26
19 22
3 93
60 64
5 28
9 90
41 44
2 27
60 84
48 53
93 108
41 45
