110 107
63 60
81 78
109 106
76 73
111 108
63 59
82 79
88 81
81 77
20 16
20 17
47 43
83 79
110 106
47 44
80 77
79 38
79 76
40 37
33 30
21 17
62 59
111 107
109 105
82 78
78 75
19 16
42 38
64 61
77 74
14 11
69 66
45 42
83 80
108 105
21 18
42 39
22 18
40 29
46 43
86 32
18 15
19 15
46 42
26 20
22 19
93 3
64 60
28 5
90 9
44 41
27 2
84 60
53 48
108 93
45 41
86 58
44 40
79 75
107 104
80 76
34 29
61 58
16 3
111 100
18 14
29 4
78 41
16 13
15 12
99 47
49 45
80 72
88 36
108 104
78 45
12 6
98 95
62 58
78 42
71 68
28 16
30 7
87 81
48 45
109 18
78 74
17 14
77 73
92 53
43 40
103 18
16 12
74 50
25 20
101 92
81 54
68 65
92 44
65 61
12 3
35 29
10 7
84 80
41 38
48 44
16 5
103 100
16 7
86 60
24 20
70 66
77 50
94 40
78 38
23 20
12 5
70 67
65 62
81 53
99 44
76 72
31 12
43 39
108 18
52 49
28 4
12 9
74 42
69 65
77 54
85 60
84 81
57 11
72 69
88 35
87 61
52 48
28 3
54 51
34 30
13 10
30 5
55 52
89 55
24 21
111 95
26 16
99 94
12 7
31 6
92 48
11 6
40 36
29 5
98 94
29 2
53 45
30 6
33 29
17 13
14 10
85 82
12 8
15 11
49 46
82 41
23 19
41 37
85 81
107 110
60 63
78 81
106 109
73 76
108 111
59 63
79 82
81 88
77 81
16 20
17 20
43 47
79 83
106 110
44 47
77 80
38 79
76 79
37 40
30 33
17 21
59 62
107 111
105 109
78 82
75 78
16 19
38 42
61 64
74 77
11 14
66 69
42 45
80 83
105 108
18 21
39 42
18 22
29 40
43 46
32 86
15 18
15 19
42 46
20 26
19 22
3 93
60 64
5 28
9 90
41 44
2 27
60 84
48 53
93 108
41 45
58 86
40 44
75 79
104 107
76 80
29 34
58 61
3 16
100 111
14 18
4 29
41 78
13 16
12 15
47 99
45 49
72 80
36 88
104 108
45 78
6 12
95 98
58 62
42 78
68 71
16 28
7 30
81 87
45 48
18 109
74 78
14 17
73 77
53 92
40 43
18 103
12 16
50 74
20 25
92 101
54 81
65 68
44 92
61 65
3 12
29 35
7 10
80 84
38 41
44 48
5 16
100 103
7 16
60 86
20 24
66 70
50 77
40 94
38 78
20 23
5 12
67 70
62 65
53 81
44 99
72 76
12 31
39 43
18 108
49 52
4 28
9 12
42 74
65 69
54 77
60 85
81 84
11 57
69 72
35 88
61 87
48 52
3 28
51 54
30 34
10 13
5 30
52 55
55 89
21 24
95 111
16 26
94 99
7 12
6 31
48 92
6 11
36 40
5 29
94 98
2 29
45 53
6 30
29 33
13 17
10 14
82 85
8 12
11 15
46 49
41 82
19 23
37 41
81 85
