33 30
79 38
88 81
26 20
40 37
76 73
28 5
98 95
42 38
53 48
78 45
16 3
40 29
93 3
86 32
108 93
47 43
63 59
22 18
84 60
27 2
90 9
110 107
28 16
88 36
21 17
69 66
80 72
78 42
34 29
14 11
68 65
83 79
92 53
81 54
12 6
92 44
99 47
111 100
16 5
12 3
30 7
94 40
78 41
109 18
29 4
20 16
49 45
86 58
77 54
103 18
12 5
63 60
74 50
31 12
99 44
25 20
30 33
38 79
81 88
20 26
37 40
73 76
5 28
95 98
38 42
48 53
45 78
3 16
29 40
3 93
32 86
93 108
43 47
59 63
18 22
60 84
2 27
9 90
107 110
16 28
36 88
17 21
66 69
72 80
42 78
29 34
11 14
65 68
79 83
53 92
54 81
6 12
44 92
47 99
100 111
5 16
3 12
7 30
40 94
41 78
18 109
4 29
16 20
45 49
58 86
54 77
18 103
5 12
60 63
50 74
12 31
44 99
20 25
