27 2
17 14
22 19
77 54
108 105
102 92
82 36
78 38
88 5
77 72
99 44
111 93
53 50
99 92
90 15
102 15
9 5
72 54
92 89
36 31
91 12
69 65
81 77
70 67
103 15
99 48
40 37
77 50
15 11
27 3
107 100
33 30
61 55
91 11
20 17
103 11
16 13
28 2
101 52
102 89
82 79
74 49
92 4
46 42
110 106
43 40
85 81
28 5
81 41
29 2
91 4
73 50
90 5
105 18
19 3
21 18
63 59
48 45
76 71
80 54
54 51
12 6
82 38
94 3
42 38
88 41
14 10
23 20
74 45
12 9
108 18
41 36
61 57
109 106
87 81
13 10
111 95
36 29
80 76
87 54
94 2
83 80
17 13
88 55
26 3
18 15
45 41
102 90
49 46
103 18
32 7
24 19
88 85
12 7
108 103
94 4
92 88
28 16
92 44
53 48
90 11
22 18
92 5
91 5
80 61
90 4
9 6
108 19
88 31
88 36
29 4
18 14
98 95
90 55
108 100
85 82
29 5
61 58
90 12
41 37
45 42
35 31
103 91
101 89
64 60
88 53
16 3
47 43
85 5
14 11
50 45
26 2
83 79
69 64
108 104
21 17
86 60
68 64
12 8
28 3
92 3
77 73
35 32
93 3
81 53
61 54
76 72
44 40
89 53
98 47
49 44
111 100
78 74
84 81
101 93
74 50
79 75
100 95
30 7
78 50
52 48
82 78
77 51
31 4
101 44
107 104
16 12
91 15
93 4
44 41
86 6
48 44
56 51
89 54
34 31
77 53
101 48
111 107
72 69
85 35
99 95
69 66
54 50
20 16
87 80
108 15
87 84
53 41
90 6
102 93
24 20
82 37
53 44
30 5
78 75
80 64
26 19
93 26
103 100
87 58
81 36
78 42
42 39
47 44
62 58
82 41
99 93
15 12
58 55
78 45
88 4
79 76
102 11
46 43
87 60
103 90
103 14
43 39
100 92
88 54
41 38
78 41
87 61
110 107
53 45
12 5
70 66
64 61
81 78
34 29
84 80
13 9
31 5
32 6
80 68
81 54
99 43
49 45
93 15
102 91
86 31
85 36
99 47
87 55
80 77
61 56
100 93
91 3
89 52
19 16
85 31
108 93
36 4
88 81
52 49
99 94
77 45
100 91
93 2
29 3
104 100
109 105
108 22
15 3
76 73
89 55
77 74
35 30
84 60
31 6
63 60
69 61
40 4
53 49
92 53
101 92
62 59
68 65
90 9
34 30
19 15
30 6
101 91
111 108
40 36
101 53
72 50
60 55
