135 94
128 119
78 74
61 28
87 77
151 18
86 3
115 91
118 73
60 45
116 113
48 36
56 49
71 68
32 29
144 94
131 88
71 44
59 27
76 60
73 6
116 109
50 36
119 109
61 24
59 31
169 33
133 22
72 60
16 13
164 26
48 38
72 45
131 103
163 98
172 33
118 89
122 77
121 117
150 145
38 27
86 83
72 64
152 25
156 19
25 17
167 26
82 4
63 46
128 115
61 38
160 98
90 26
129 105
121 74
165 29
110 93
144 137
177 173
120 117
146 143
62 24
36 31
144 138
112 66
90 5
129 88
63 24
136 98
168 29
171 30
125 84
168 33
174 131
160 25
152 98
175 171
164 160
147 136
146 142
142 139
121 71
181 173
82 77
66 8
100 97
171 90
137 95
178 173
158 155
150 19
127 106
159 98
