150 146
59 31
164 160
160 99
114 66
49 37
100 96
90 8
171 168
130 88
71 68
86 2
72 45
58 51
147 143
15 9
165 162
125 120
27 7
175 52
164 25
163 160
47 38
146 143
87 4
60 47
134 93
58 47
78 74
88 5
35 32
133 93
150 17
178 174
86 83
61 46
124 121
179 105
165 29
25 22
180 105
164 29
132 103
118 71
118 74
160 156
176 55
62 44
114 8
73 43
51 34
132 93
115 70
113 67
133 96
152 19
45 41
21 18
59 4
121 74
20 10
59 27
129 103
76 72
136 98
75 72
131 101
89 6
16 12
151 19
115 69
29 25
134 98
61 6
144 138
46 41
71 43
90 27
167 164
71 64
23 7
112 93
62 11
60 4
81 77
172 52
127 84
69 63
25 7
26 22
23 8
174 171
66 10
114 67
49 38
167 163
168 30
105 85
81 78
156 153
159 98
88 4
128 85
135 95
112 109
47 40
135 98
22 17
136 97
132 102
142 139
130 91
134 99
122 119
87 3
166 162
70 67
36 32
133 99
57 2
46 40
50 36
116 112
90 7
113 109
60 27
168 29
133 22
58 2
128 89
135 99
60 48
36 33
117 68
148 20
87 83
91 20
21 8
127 107
130 103
118 115
133 100
148 19
137 97
66 9
136 94
26 7
47 41
133 92
128 86
149 19
26 23
54 51
91 23
142 138
32 29
155 152
87 82
130 104
48 39
178 175
136 95
114 69
129 85
58 5
163 99
72 43
23 9
60 45
62 8
148 18
149 20
59 38
156 152
90 23
73 62
135 92
59 6
147 138
181 104
73 70
144 137
33 30
128 105
132 91
69 62
129 87
148 144
67 64
72 68
58 48
125 119
173 169
48 36
147 142
37 31
87 77
143 138
149 15
124 120
72 62
131 91
48 38
56 50
132 92
61 24
92 23
49 36
161 158
90 5
119 115
15 11
76 43
88 85
121 118
117 113
48 40
163 100
74 71
125 122
129 106
91 22
182 102
80 76
62 46
171 167
133 102
183 170
117 71
47 42
129 104
36 31
72 64
62 10
135 96
151 17
97 94
23 20
81 2
77 4
120 70
158 155
127 106
56 2
55 51
163 101
156 98
133 98
62 7
46 38
122 70
131 104
25 17
86 82
152 17
117 70
151 148
170 167
21 16
92 20
115 112
129 89
174 170
130 105
159 156
82 79
168 33
55 52
61 8
120 117
59 49
31 28
60 5
28 25
134 101
65 10
172 168
57 51
69 8
157 152
24 8
127 85
64 45
22 18
165 161
170 166
131 88
91 24
57 49
75 43
175 172
30 26
83 77
50 35
46 42
158 154
134 97
166 163
69 65
73 6
57 52
16 13
72 63
87 6
57 5
55 3
131 103
18 15
162 99
124 119
20 8
126 108
135 19
87 5
46 39
127 105
121 117
118 69
150 19
77 73
22 19
169 165
121 71
159 155
60 38
149 145
130 106
133 90
80 2
27 5
34 31
157 153
83 3
134 94
168 165
128 88
57 3
72 69
163 133
183 103
101 96
58 50
91 21
63 45
21 10
116 108
76 73
88 3
24 9
128 106
77 74
33 29
115 91
71 44
63 9
92 21
132 90
29 26
135 94
96 93
62 45
123 120
78 75
45 40
128 84
128 125
90 26
147 19
150 147
80 77
122 74
47 39
86 4
115 109
157 154
90 24
129 86
61 45
126 119
176 173
172 169
167 101
176 172
30 27
119 70
34 30
56 3
79 76
134 100
56 51
15 12
58 49
132 101
136 96
117 69
22 9
14 11
82 78
64 11
159 99
66 8
147 144
133 101
100 97
137 94
21 17
15 10
31 27
129 88
44 41
133 23
181 103
149 146
164 161
74 70
130 90
58 3
175 171
38 31
121 70
135 100
62 6
89 8
59 5
57 4
45 42
118 73
134 102
123 119
20 9
65 11
116 111
91 7
55 2
88 6
133 91
176 53
119 116
176 52
162 158
57 50
63 46
131 90
107 104
118 68
24 7
82 4
113 66
69 64
126 122
115 89
61 9
48 37
59 48
126 106
50 34
72 44
130 89
22 7
114 9
68 64
58 4
117 114
61 27
27 24
134 95
152 18
131 102
121 73
134 96
128 87
169 166
73 69
114 68
160 157
146 142
86 3
92 19
56 49
150 18
175 3
151 18
65 9
168 26
69 66
82 2
135 97
115 111
182 103
129 105
61 7
64 44
21 15
156 99
167 26
177 173
118 70
177 174
175 55
63 11
183 102
90 6
61 47
63 44
148 145
91 8
60 7
60 6
160 98
32 28
118 114
131 89
22 8
27 6
180 104
24 21
23 6
162 159
59 47
60 46
114 70
62 9
126 107
56 52
37 32
63 10
79 75
82 3
89 7
48 31
116 109
65 62
82 77
173 170
141 138
164 26
68 65
117 67
161 157
64 10
92 22
119 109
28 24
134 92
75 71
91 9
47 37
27 23
87 84
168 164
21 9
122 118
163 159
136 93
120 116
183 101
52 34
25 21
35 31
137 95
89 5
149 18
116 113
135 93
146 150
31 59
160 164
99 160
66 114
37 49
96 100
8 90
168 171
88 130
68 71
2 86
45 72
51 58
143 147
9 15
162 165
120 125
7 27
52 175
25 164
160 163
38 47
143 146
4 87
47 60
93 134
47 58
74 78
5 88
32 35
93 133
17 150
174 178
83 86
46 61
121 124
105 179
29 165
22 25
105 180
29 164
103 132
71 118
74 118
156 160
55 176
44 62
8 114
43 73
34 51
93 132
70 115
67 113
96 133
19 152
41 45
18 21
4 59
74 121
10 20
27 59
103 129
72 76
98 136
72 75
101 131
6 89
12 16
19 151
69 115
25 29
98 134
6 61
138 144
41 46
43 71
27 90
164 167
64 71
7 23
93 112
11 62
4 60
77 81
52 172
84 127
63 69
7 25
22 26
8 23
171 174
10 66
67 114
38 49
163 167
30 168
85 105
78 81
153 156
98 159
4 88
85 128
95 135
109 112
40 47
98 135
17 22
97 136
102 132
139 142
91 130
99 134
119 122
3 87
162 166
67 70
32 36
99 133
2 57
40 46
36 50
112 116
7 90
109 113
27 60
29 168
22 133
2 58
89 128
99 135
48 60
33 36
68 117
20 148
83 87
20 91
8 21
107 127
103 130
115 118
100 133
19 148
97 137
9 66
94 136
7 26
41 47
92 133
86 128
19 149
23 26
51 54
23 91
138 142
29 32
152 155
82 87
104 130
39 48
175 178
95 136
69 114
85 129
5 58
99 163
43 72
9 23
45 60
8 62
18 148
20 149
38 59
152 156
23 90
62 73
92 135
6 59
138 147
104 181
70 73
137 144
30 33
105 128
91 132
62 69
87 129
144 148
64 67
68 72
48 58
119 125
169 173
36 48
142 147
31 37
77 87
138 143
15 149
120 124
62 72
91 131
38 48
50 56
92 132
24 61
23 92
36 49
158 161
5 90
115 119
11 15
43 76
85 88
118 121
113 117
40 48
100 163
71 74
122 125
106 129
22 91
102 182
76 80
46 62
167 171
102 133
170 183
71 117
42 47
104 129
31 36
64 72
10 62
96 135
17 151
94 97
20 23
2 81
4 77
70 120
155 158
106 127
2 56
51 55
101 163
98 156
98 133
7 62
38 46
70 122
104 131
17 25
82 86
17 152
70 117
148 151
167 170
16 21
20 92
112 115
89 129
170 174
105 130
156 159
79 82
33 168
52 55
8 61
117 120
49 59
28 31
5 60
25 28
101 134
10 65
168 172
51 57
8 69
152 157
8 24
85 127
45 64
18 22
161 165
166 170
88 131
24 91
49 57
43 75
172 175
26 30
77 83
35 50
42 46
154 158
97 134
163 166
65 69
6 73
52 57
13 16
63 72
6 87
5 57
3 55
103 131
15 18
99 162
119 124
8 20
108 126
19 135
5 87
39 46
105 127
117 121
69 118
19 150
73 77
19 22
165 169
71 121
155 159
38 60
145 149
106 130
90 133
2 80
5 27
31 34
153 157
3 83
94 134
165 168
88 128
3 57
69 72
133 163
103 183
96 101
50 58
21 91
45 63
10 21
108 116
73 76
3 88
9 24
106 128
74 77
29 33
91 115
44 71
9 63
21 92
90 132
26 29
94 135
93 96
45 62
120 123
75 78
40 45
84 128
125 128
26 90
19 147
147 150
77 80
74 122
39 47
4 86
109 115
154 157
24 90
86 129
45 61
119 126
173 176
169 172
101 167
172 176
27 30
70 119
30 34
3 56
76 79
100 134
51 56
12 15
49 58
101 132
96 136
69 117
9 22
11 14
78 82
11 64
99 159
8 66
144 147
101 133
97 100
94 137
17 21
10 15
27 31
88 129
41 44
23 133
103 181
146 149
161 164
70 74
90 130
3 58
171 175
31 38
70 121
100 135
6 62
8 89
5 59
4 57
42 45
73 118
102 134
119 123
9 20
11 65
111 116
7 91
2 55
6 88
91 133
53 176
116 119
52 176
158 162
50 57
46 63
90 131
104 107
68 118
7 24
4 82
66 113
64 69
122 126
89 115
9 61
37 48
48 59
106 126
34 50
44 72
89 130
7 22
9 114
64 68
4 58
114 117
27 61
24 27
95 134
18 152
102 131
73 121
96 134
87 128
166 169
69 73
68 114
157 160
142 146
3 86
19 92
49 56
18 150
3 175
18 151
9 65
26 168
66 69
2 82
97 135
111 115
103 182
105 129
7 61
44 64
15 21
99 156
26 167
173 177
70 118
174 177
55 175
11 63
102 183
6 90
47 61
44 63
145 148
8 91
7 60
6 60
98 160
28 32
114 118
89 131
8 22
6 27
104 180
21 24
6 23
159 162
47 59
46 60
70 114
9 62
107 126
52 56
32 37
10 63
75 79
3 82
7 89
31 48
109 116
62 65
77 82
170 173
138 141
26 164
65 68
67 117
157 161
10 64
22 92
109 119
24 28
92 134
71 75
9 91
37 47
23 27
84 87
164 168
9 21
118 122
159 163
93 136
116 120
101 183
34 52
21 25
31 35
95 137
5 89
18 149
113 116
93 135
