163 160
162 159
161 158
164 160
163 159
165 162
158 155
173 170
159 156
120 117
168 165
164 161
162 158
165 161
166 163
166 162
167 164
160 157
175 172
78 75
121 118
177 173
161 157
174 171
169 166
167 163
78 74
116 113
160 156
177 174
171 168
168 164
176 173
48 36
50 36
146 143
175 171
159 155
170 167
131 103
157 154
16 13
120 116
172 169
121 117
79 76
178 175
156 153
119 116
174 170
176 172
169 165
56 49
146 142
32 29
151 18
86 83
158 154
71 68
71 44
76 73
77 74
172 168
142 139
170 166
122 118
173 169
118 73
110 107
178 174
48 38
107 104
144 94
122 119
135 94
128 119
100 97
34 31
171 167
109 106
79 75
49 36
129 105
48 37
36 31
86 3
169 33
56 50
182 179
54 51
125 122
131 104
80 76
160 163
159 162
158 161
160 164
159 163
162 165
155 158
170 173
156 159
117 120
165 168
161 164
158 162
161 165
163 166
162 166
164 167
157 160
172 175
75 78
118 121
173 177
157 161
171 174
166 169
163 167
74 78
113 116
156 160
174 177
168 171
164 168
173 176
36 48
36 50
143 146
171 175
155 159
167 170
103 131
154 157
13 16
116 120
169 172
117 121
76 79
175 178
153 156
116 119
170 174
172 176
165 169
49 56
142 146
29 32
18 151
83 86
154 158
68 71
44 71
73 76
74 77
168 172
139 142
166 170
118 122
169 173
73 118
107 110
174 178
38 48
104 107
94 144
119 122
94 135
119 128
97 100
31 34
167 171
106 109
75 79
36 49
105 129
37 48
31 36
3 86
33 169
50 56
179 182
51 54
122 125
104 131
76 80
