163 160
162 159
164 161
164 160
120 117
173 170
163 159
48 36
159 156
174 171
161 158
168 165
166 162
158 155
165 162
165 161
162 158
151 18
78 74
167 164
78 75
118 73
56 49
128 119
86 3
87 77
115 91
116 113
131 103
158 154
121 117
32 29
135 94
144 94
166 163
168 164
167 163
60 45
71 44
73 6
175 172
120 116
50 36
160 157
170 167
175 171
160 156
131 88
76 60
171 168
172 169
16 13
72 60
177 173
174 170
161 157
122 77
176 173
169 166
159 155
38 27
48 38
71 68
146 143
79 76
61 28
163 98
121 118
146 142
177 174
157 154
72 64
133 22
169 33
164 26
156 153
169 165
59 27
25 17
112 66
165 29
86 83
72 45
59 31
167 26
121 74
176 172
156 19
119 109
118 89
61 24
129 105
128 115
178 174
77 74
150 145
36 31
144 138
173 169
152 25
82 4
110 93
119 116
144 137
178 175
66 8
100 97
116 109
168 33
125 84
172 168
100 96
110 107
107 104
159 98
172 33
131 101
122 118
63 46
168 29
170 166
160 98
61 38
129 88
82 77
57 50
181 173
147 136
62 24
80 76
136 98
37 32
164 29
90 26
56 51
174 131
49 36
150 19
76 73
122 119
125 122
34 31
90 5
152 98
115 109
171 167
56 50
160 25
137 95
148 135
121 71
117 112
172 34
33 29
129 103
171 30
130 103
28 24
50 34
79 75
48 39
115 112
80 43
179 176
15 12
178 173
118 115
156 152
61 46
171 90
117 68
182 179
63 45
33 30
111 107
55 52
63 24
116 112
48 37
131 102
104 91
75 72
55 51
109 106
127 106
77 73
160 163
159 162
161 164
160 164
117 120
170 173
159 163
36 48
156 159
171 174
158 161
165 168
162 166
155 158
162 165
161 165
158 162
18 151
74 78
164 167
75 78
73 118
49 56
119 128
3 86
77 87
91 115
113 116
103 131
154 158
117 121
29 32
94 135
94 144
163 166
164 168
163 167
45 60
44 71
6 73
172 175
116 120
36 50
157 160
167 170
171 175
156 160
88 131
60 76
168 171
169 172
13 16
60 72
173 177
170 174
157 161
77 122
173 176
166 169
155 159
27 38
38 48
68 71
143 146
76 79
28 61
98 163
118 121
142 146
174 177
154 157
64 72
22 133
33 169
26 164
153 156
165 169
27 59
17 25
66 112
29 165
83 86
45 72
31 59
26 167
74 121
172 176
19 156
109 119
89 118
24 61
105 129
115 128
174 178
74 77
145 150
31 36
138 144
169 173
25 152
4 82
93 110
116 119
137 144
175 178
8 66
97 100
109 116
33 168
84 125
168 172
96 100
107 110
104 107
98 159
33 172
101 131
118 122
46 63
29 168
166 170
98 160
38 61
88 129
77 82
50 57
173 181
136 147
24 62
76 80
98 136
32 37
29 164
26 90
51 56
131 174
36 49
19 150
73 76
119 122
122 125
31 34
5 90
98 152
109 115
167 171
50 56
25 160
95 137
135 148
71 121
112 117
34 172
29 33
103 129
30 171
103 130
24 28
34 50
75 79
39 48
112 115
43 80
176 179
12 15
173 178
115 118
152 156
46 61
90 171
68 117
179 182
45 63
30 33
107 111
52 55
24 63
112 116
37 48
102 131
91 104
72 75
51 55
106 109
106 127
73 77
