135 94
128 119
78 74
61 28
87 77
151 18
86 3
115 91
118 73
60 45
116 113
48 36
56 49
71 68
32 29
144 94
131 88
71 44
59 27
76 60
73 6
116 109
50 36
119 109
61 24
59 31
169 33
133 22
72 60
16 13
164 26
48 38
72 45
131 103
163 98
172 33
118 89
122 77
121 117
150 145
38 27
86 83
72 64
152 25
156 19
25 17
167 26
82 4
63 46
128 115
61 38
160 98
90 26
129 105
121 74
165 29
110 93
144 137
177 173
120 117
146 143
62 24
36 31
144 138
112 66
90 5
129 88
63 24
136 98
168 29
171 30
125 84
168 33
174 131
160 25
152 98
175 171
164 160
147 136
146 142
142 139
121 71
181 173
82 77
66 8
100 97
171 90
137 95
178 173
158 155
150 19
127 106
159 98
130 107
167 163
28 24
161 98
133 26
174 88
131 101
78 75
158 154
162 159
126 109
164 29
132 93
107 104
161 157
60 4
117 68
163 133
157 17
163 160
117 112
100 96
104 91
161 158
37 32
164 25
63 45
63 11
95 91
172 34
86 55
132 96
120 116
161 29
182 179
148 135
23 7
171 26
84 77
159 156
123 41
57 52
48 39
115 109
80 43
168 164
65 14
106 91
33 29
127 85
75 44
122 84
156 153
83 3
173 170
108 104
175 57
157 25
121 78
27 5
125 122
104 93
165 33
131 91
148 111
117 71
48 31
170 103
111 107
87 6
162 158
163 159
181 170
24 9
144 95
160 152
178 174
132 110
71 64
79 43
131 86
61 46
25 22
24 7
126 119
115 107
169 162
124 120
18 15
57 5
132 115
171 88
119 110
174 112
178 129
156 97
27 7
170 167
105 85
126 108
50 34
76 47
156 152
12 6
132 95
118 87
50 31
81 78
115 104
79 42
55 3
117 109
133 98
69 66
57 50
128 89
122 87
171 5
137 91
137 94
46 38
175 52
172 169
102 96
165 161
62 21
61 9
163 152
80 76
108 95
58 49
115 96
21 15
47 42
171 168
129 93
48 37
24 21
76 4
147 142
176 173
163 96
90 27
96 65
55 52
108 12
63 40
176 172
96 93
124 41
54 51
129 91
133 101
165 162
138 95
151 25
86 2
75 71
117 95
76 72
166 162
115 112
156 98
163 22
80 58
167 90
69 8
168 26
122 118
110 102
80 47
132 104
65 21
69 64
128 109
69 24
174 3
76 43
172 168
119 111
115 111
129 103
167 101
69 62
143 110
95 7
94 135
119 128
74 78
28 61
77 87
18 151
3 86
91 115
73 118
45 60
113 116
36 48
49 56
68 71
29 32
94 144
88 131
44 71
27 59
60 76
6 73
109 116
36 50
109 119
24 61
31 59
33 169
22 133
60 72
13 16
26 164
38 48
45 72
103 131
98 163
33 172
89 118
77 122
117 121
145 150
27 38
83 86
64 72
25 152
19 156
17 25
26 167
4 82
46 63
115 128
38 61
98 160
26 90
105 129
74 121
29 165
93 110
137 144
173 177
117 120
143 146
24 62
31 36
138 144
66 112
5 90
88 129
24 63
98 136
29 168
30 171
84 125
33 168
131 174
25 160
98 152
171 175
160 164
136 147
142 146
139 142
71 121
173 181
77 82
8 66
97 100
90 171
95 137
173 178
155 158
19 150
106 127
98 159
107 130
163 167
24 28
98 161
26 133
88 174
101 131
75 78
154 158
159 162
109 126
29 164
93 132
104 107
157 161
4 60
68 117
133 163
17 157
160 163
112 117
96 100
91 104
158 161
32 37
25 164
45 63
11 63
91 95
34 172
55 86
96 132
116 120
29 161
179 182
135 148
7 23
26 171
77 84
156 159
41 123
52 57
39 48
109 115
43 80
164 168
14 65
91 106
29 33
85 127
44 75
84 122
153 156
3 83
170 173
104 108
57 175
25 157
78 121
5 27
122 125
93 104
33 165
91 131
111 148
71 117
31 48
103 170
107 111
6 87
158 162
159 163
170 181
9 24
95 144
152 160
174 178
110 132
64 71
43 79
86 131
46 61
22 25
7 24
119 126
107 115
162 169
120 124
15 18
5 57
115 132
88 171
110 119
112 174
129 178
97 156
7 27
167 170
85 105
108 126
34 50
47 76
152 156
6 12
95 132
87 118
31 50
78 81
104 115
42 79
3 55
109 117
98 133
66 69
50 57
89 128
87 122
5 171
91 137
94 137
38 46
52 175
169 172
96 102
161 165
21 62
9 61
152 163
76 80
95 108
49 58
96 115
15 21
42 47
168 171
93 129
37 48
21 24
4 76
142 147
173 176
96 163
27 90
65 96
52 55
12 108
40 63
172 176
93 96
41 124
51 54
91 129
101 133
162 165
95 138
25 151
2 86
71 75
95 117
72 76
162 166
112 115
98 156
22 163
58 80
90 167
8 69
26 168
118 122
102 110
47 80
104 132
21 65
64 69
109 128
24 69
3 174
43 76
168 172
111 119
111 115
103 129
101 167
62 69
110 143
7 95
