163 160
162 159
164 161
164 160
120 117
173 170
163 159
48 36
159 156
174 171
161 158
168 165
166 162
158 155
165 162
165 161
162 158
151 18
78 74
167 164
78 75
118 73
56 49
128 119
86 3
87 77
115 91
116 113
131 103
158 154
121 117
32 29
135 94
144 94
166 163
168 164
167 163
60 45
71 44
73 6
175 172
120 116
50 36
160 157
170 167
175 171
160 156
131 88
76 60
171 168
172 169
16 13
72 60
177 173
174 170
161 157
122 77
176 173
169 166
159 155
38 27
48 38
71 68
146 143
79 76
61 28
163 98
121 118
146 142
177 174
157 154
72 64
133 22
169 33
164 26
156 153
169 165
59 27
25 17
112 66
165 29
86 83
72 45
59 31
167 26
121 74
176 172
156 19
119 109
118 89
61 24
129 105
128 115
178 174
77 74
150 145
36 31
144 138
173 169
152 25
82 4
110 93
119 116
144 137
178 175
66 8
100 97
116 109
168 33
125 84
172 168
100 96
110 107
107 104
159 98
172 33
131 101
122 118
63 46
168 29
170 166
160 98
61 38
129 88
82 77
57 50
181 173
147 136
62 24
80 76
136 98
37 32
164 29
90 26
56 51
174 131
49 36
150 19
76 73
122 119
125 122
34 31
90 5
152 98
115 109
171 167
56 50
160 25
137 95
148 135
121 71
117 112
172 34
33 29
129 103
171 30
130 103
28 24
50 34
79 75
48 39
115 112
80 43
179 176
15 12
178 173
118 115
156 152
61 46
171 90
117 68
182 179
63 45
33 30
111 107
55 52
63 24
116 112
48 37
131 102
104 91
75 72
55 51
109 106
127 106
77 73
130 107
60 4
157 153
144 95
126 119
69 66
54 51
81 78
17 14
108 104
46 38
161 98
70 67
147 144
119 115
151 19
142 139
130 104
76 72
23 7
164 25
63 11
150 18
36 32
83 3
126 109
115 108
96 93
57 52
80 77
137 94
108 105
74 71
106 91
131 91
132 93
104 93
147 143
133 26
47 38
111 108
82 3
129 104
27 24
140 137
141 138
18 15
24 7
157 17
123 41
117 114
131 86
75 71
86 55
143 140
163 133
124 120
117 71
147 135
29 26
114 111
144 139
82 78
122 84
79 43
132 95
115 111
152 18
57 49
34 30
117 113
12 9
31 28
71 45
112 109
61 45
32 28
136 95
86 2
72 44
71 64
35 32
142 138
24 9
58 47
183 180
132 103
121 78
113 109
145 94
95 91
145 139
132 96
