21 6
65 2
53 39
18 11
78 65
39 36
56 7
30 17
59 56
22 5
17 8
40 37
78 64
18 8
77 67
15 12
74 70
77 64
29 16
54 50
74 69
54 39
75 70
16 12
79 33
19 9
21 5
79 35
30 15
76 67
55 52
80 35
23 20
17 10
64 3
57 6
79 61
16 10
64 2
77 28
76 27
79 62
42 39
57 8
20 5
53 50
54 51
74 25
61 4
27 20
74 68
10 7
26 23
80 63
51 10
81 2
17 9
56 53
26 20
55 38
62 4
21 4
79 63
55 7
55 39
47 44
76 28
72 69
61 5
78 30
60 4
77 29
19 7
56 52
76 66
24 20
77 63
33 30
29 18
56 10
75 26
54 49
77 27
34 31
80 64
81 63
38 34
51 12
78 66
58 7
14 11
74 26
78 29
63 4
19 5
52 11
27 21
60 5
76 65
75 69
28 19
76 29
27 19
20 6
63 3
25 20
52 12
15 11
79 64
62 3
49 43
17 11
17 7
50 12
75 28
60 7
73 70
77 30
59 6
20 8
76 68
77 33
61 6
53 40
51 16
26 19
28 16
74 28
51 11
68 65
77 66
63 21
79 34
55 51
80 33
75 67
19 8
16 13
57 9
54 38
26 21
34 29
53 49
55 10
75 65
28 17
26 18
81 78
31 17
80 34
51 17
30 16
48 44
39 35
58 8
22 3
61 38
78 33
78 34
75 68
33 29
50 15
51 31
18 7
20 7
51 15
31 16
81 64
59 7
62 5
31 15
18 9
18 10
28 18
34 30
61 7
30 14
29 17
35 32
73 69
75 27
63 2
16 11
76 69
74 27
58 6
60 6
38 35
29 19
27 18
54 40
59 55
52 10
21 3
63 5
81 62
62 2
75 66
57 7
57 10
19 6
77 65
78 63
6 21
2 65
39 53
11 18
65 78
36 39
7 56
17 30
56 59
5 22
8 17
37 40
64 78
8 18
67 77
12 15
70 74
64 77
16 29
50 54
69 74
39 54
70 75
12 16
33 79
9 19
5 21
35 79
15 30
67 76
52 55
35 80
20 23
10 17
3 64
6 57
61 79
10 16
2 64
28 77
27 76
62 79
39 42
8 57
5 20
50 53
51 54
25 74
4 61
20 27
68 74
7 10
23 26
63 80
10 51
2 81
9 17
53 56
20 26
38 55
4 62
4 21
63 79
7 55
39 55
44 47
28 76
69 72
5 61
30 78
4 60
29 77
7 19
52 56
66 76
20 24
63 77
30 33
18 29
10 56
26 75
49 54
27 77
31 34
64 80
63 81
34 38
12 51
66 78
7 58
11 14
26 74
29 78
4 63
5 19
11 52
21 27
5 60
65 76
69 75
19 28
29 76
19 27
6 20
3 63
20 25
12 52
11 15
64 79
3 62
43 49
11 17
7 17
12 50
28 75
7 60
70 73
30 77
6 59
8 20
68 76
33 77
6 61
40 53
16 51
19 26
16 28
28 74
11 51
65 68
66 77
21 63
34 79
51 55
33 80
67 75
8 19
13 16
9 57
38 54
21 26
29 34
49 53
10 55
65 75
17 28
18 26
78 81
17 31
34 80
17 51
16 30
44 48
35 39
8 58
3 22
38 61
33 78
34 78
68 75
29 33
15 50
31 51
7 18
7 20
15 51
16 31
64 81
7 59
5 62
15 31
9 18
10 18
18 28
30 34
7 61
14 30
17 29
32 35
69 73
27 75
2 63
11 16
69 76
27 74
6 58
6 60
35 38
19 29
18 27
40 54
55 59
10 52
3 21
5 63
62 81
2 62
66 75
7 57
10 57
6 19
65 77
63 78
