60 4
77 63
77 27
14 11
75 69
26 9
27 21
20 8
25 22
54 51
55 52
78 66
75 25
19 5
62 4
20 5
61 5
59 55
40 37
26 20
59 56
74 69
77 65
49 46
30 14
77 64
47 44
54 50
77 66
60 5
74 25
76 30
33 30
26 21
76 11
26 8
76 69
55 34
12 9
82 36
42 19
60 6
33 28
53 50
75 26
55 51
61 4
74 22
43 40
13 9
57 54
76 70
84 16
39 36
56 53
48 45
76 27
50 47
41 38
81 36
13 10
46 43
27 22
53 48
49 45
21 5
56 52
44 40
44 41
76 65
68 24
76 68
43 2
45 42
29 19
42 39
59 54
78 67
77 68
74 26
57 9
25 21
41 37
15 12
34 30
34 29
59 13
4 60
63 77
27 77
11 14
69 75
9 26
21 27
8 20
22 25
51 54
52 55
66 78
25 75
5 19
4 62
5 20
5 61
55 59
37 40
20 26
56 59
69 74
65 77
46 49
14 30
64 77
44 47
50 54
66 77
5 60
25 74
30 76
30 33
21 26
11 76
8 26
69 76
34 55
9 12
36 82
19 42
6 60
28 33
50 53
26 75
51 55
4 61
22 74
40 43
9 13
54 57
70 76
16 84
36 39
53 56
45 48
27 76
47 50
38 41
36 81
10 13
43 46
22 27
48 53
45 49
5 21
52 56
40 44
41 44
65 76
24 68
68 76
2 43
42 45
19 29
39 42
54 59
67 78
68 77
26 74
9 57
21 25
37 41
12 15
30 34
29 34
13 59
