55 52
54 51
14 11
60 4
77 27
75 69
27 21
49 46
41 38
61 4
60 5
40 37
61 5
26 21
26 9
25 22
50 47
78 66
77 65
59 56
49 45
43 40
76 65
47 44
74 69
75 25
55 51
77 64
77 66
62 4
77 63
76 27
56 53
59 55
12 9
48 45
44 41
13 10
33 30
54 50
50 46
27 22
46 43
52 55
51 54
11 14
4 60
27 77
69 75
21 27
46 49
38 41
4 61
5 60
37 40
5 61
21 26
9 26
22 25
47 50
66 78
65 77
56 59
45 49
40 43
65 76
44 47
69 74
25 75
51 55
64 77
66 77
4 62
63 77
27 76
53 56
55 59
9 12
45 48
41 44
10 13
30 33
50 54
46 50
22 27
43 46
