77 27
60 4
26 9
75 69
20 8
14 11
78 66
77 63
27 21
55 34
75 25
20 5
54 51
76 30
76 11
59 55
76 69
25 22
76 70
77 5
76 14
26 8
62 4
26 20
19 5
42 19
43 2
45 42
30 14
61 5
59 54
51 17
33 28
47 44
74 22
46 43
81 2
74 25
29 19
59 56
49 42
77 68
59 13
48 42
82 75
53 48
68 24
79 29
34 29
60 6
65 8
57 9
82 36
22 4
37 23
46 39
50 41
76 28
21 5
74 69
77 19
52 15
83 36
49 46
54 31
61 39
38 7
33 30
47 41
43 40
26 21
49 45
74 12
65 41
54 50
32 14
10 7
31 17
83 37
67 10
81 36
29 25
69 30
21 13
55 13
83 33
82 37
27 77
4 60
9 26
69 75
8 20
11 14
66 78
63 77
21 27
34 55
25 75
5 20
51 54
30 76
11 76
55 59
69 76
22 25
70 76
5 77
14 76
8 26
4 62
20 26
5 19
19 42
2 43
42 45
14 30
5 61
54 59
17 51
28 33
44 47
22 74
43 46
2 81
25 74
19 29
56 59
42 49
68 77
13 59
42 48
75 82
48 53
24 68
29 79
29 34
6 60
8 65
9 57
36 82
4 22
23 37
39 46
41 50
28 76
5 21
69 74
19 77
15 52
36 83
46 49
31 54
39 61
7 38
30 33
41 47
40 43
21 26
45 49
12 74
41 65
50 54
14 32
7 10
17 31
37 83
10 67
36 81
25 29
30 69
13 21
13 55
33 83
37 82
