55 52
54 51
14 11
60 4
77 27
75 69
27 21
49 46
41 38
61 4
60 5
40 37
61 5
26 21
26 9
25 22
50 47
78 66
77 65
59 56
49 45
43 40
76 65
47 44
74 69
75 25
55 51
77 64
77 66
62 4
77 63
76 27
56 53
59 55
12 9
48 45
44 41
13 10
33 30
54 50
50 46
27 22
46 43
56 52
75 70
74 70
76 70
75 26
53 49
39 36
53 50
60 6
45 42
20 5
42 39
76 69
82 36
57 54
20 8
19 5
26 20
49 42
81 36
41 37
62 5
58 55
44 40
26 22
78 65
74 25
45 41
74 71
48 44
61 6
47 43
73 70
14 10
51 48
77 68
11 8
25 21
82 37
34 30
34 31
26 23
13 9
53 48
78 67
34 29
38 35
33 29
30 14
77 28
76 26
33 28
15 12
76 68
71 68
27 24
79 67
20 6
72 69
35 32
52 49
16 13
28 21
20 7
26 8
84 81
50 41
84 16
19 16
81 37
40 36
42 38
62 3
76 66
76 64
46 42
76 30
49 41
76 11
78 64
32 15
29 19
74 22
54 49
28 25
15 11
32 14
52 55
51 54
11 14
4 60
27 77
69 75
21 27
46 49
38 41
4 61
5 60
37 40
5 61
21 26
9 26
22 25
47 50
66 78
65 77
56 59
45 49
40 43
65 76
44 47
69 74
25 75
51 55
64 77
66 77
4 62
63 77
27 76
53 56
55 59
9 12
45 48
41 44
10 13
30 33
50 54
46 50
22 27
43 46
52 56
70 75
70 74
70 76
26 75
49 53
36 39
50 53
6 60
42 45
5 20
39 42
69 76
36 82
54 57
8 20
5 19
20 26
42 49
36 81
37 41
5 62
55 58
40 44
22 26
65 78
25 74
41 45
71 74
44 48
6 61
43 47
70 73
10 14
48 51
68 77
8 11
21 25
37 82
30 34
31 34
23 26
9 13
48 53
67 78
29 34
35 38
29 33
14 30
28 77
26 76
28 33
12 15
68 76
68 71
24 27
67 79
6 20
69 72
32 35
49 52
13 16
21 28
7 20
8 26
81 84
41 50
16 84
16 19
37 81
36 40
38 42
3 62
66 76
64 76
42 46
30 76
41 49
11 76
64 78
15 32
19 29
22 74
49 54
25 28
11 15
14 32
