77 27
60 4
26 9
75 69
20 8
14 11
78 66
77 63
27 21
55 34
75 25
20 5
54 51
76 30
76 11
59 55
76 69
25 22
76 70
77 5
76 14
26 8
62 4
26 20
19 5
42 19
43 2
45 42
30 14
61 5
59 54
51 17
33 28
47 44
74 22
46 43
81 2
74 25
29 19
59 56
49 42
77 68
59 13
48 42
82 75
53 48
68 24
79 29
34 29
60 6
65 8
57 9
82 36
22 4
37 23
46 39
50 41
76 28
21 5
74 69
77 19
52 15
83 36
49 46
54 31
61 39
38 7
33 30
47 41
43 40
26 21
49 45
74 12
65 41
54 50
32 14
10 7
31 17
83 37
67 10
81 36
29 25
69 30
21 13
55 13
83 33
82 37
81 39
67 12
32 15
55 24
84 13
30 11
81 69
76 27
47 43
46 42
17 13
76 66
49 43
22 13
70 62
38 5
77 65
71 17
13 10
81 15
69 24
19 16
56 52
57 26
13 9
79 71
83 60
72 6
64 51
54 34
74 26
27 22
84 80
25 13
62 46
61 19
75 23
49 41
46 40
19 3
44 40
41 37
84 17
