61 58
66 63
62 59
67 64
54 51
53 48
55 52
57 54
63 59
68 65
63 60
66 62
53 50
52 49
29 9
53 49
61 57
56 53
65 62
68 64
60 57
62 58
52 30
25 19
54 50
75 72
48 45
67 63
93 88
94 91
30 27
30 9
64 61
90 87
56 31
89 86
59 56
58 55
25 20
99 96
86 83
55 51
24 20
12 9
91 88
92 89
87 26
27 9
67 35
65 61
24 21
69 66
26 23
88 23
69 64
56 52
52 48
30 8
38 35
29 8
93 90
87 84
74 71
69 65
52 29
34 5
84 81
64 60
28 9
13 10
57 53
80 77
98 95
87 23
85 82
71 68
51 48
49 46
70 67
40 37
24 19
32 25
95 92
30 7
88 85
41 37
90 86
58 54
41 38
60 56
47 44
63 54
42 39
72 69
35 5
31 8
73 70
31 28
79 76
93 87
29 7
60 40
93 89
53 30
78 28
32 6
29 10
26 19
18 2
25 18
23 20
86 39
88 24
66 43
59 55
89 81
54 49
54 48
39 36
26 17
52 9
96 93
32 26
50 47
97 94
71 67
31 27
53 29
49 45
46 43
27 7
76 73
39 35
56 32
82 79
43 26
30 25
52 27
67 37
25 22
30 10
58 33
27 15
35 4
26 18
45 42
6 3
14 11
58 50
42 37
73 60
53 9
89 85
58 61
63 66
59 62
64 67
51 54
48 53
52 55
54 57
59 63
65 68
60 63
62 66
50 53
49 52
9 29
49 53
57 61
53 56
62 65
64 68
57 60
58 62
30 52
19 25
50 54
72 75
45 48
63 67
88 93
91 94
27 30
9 30
61 64
87 90
31 56
86 89
56 59
55 58
20 25
96 99
83 86
51 55
20 24
9 12
88 91
89 92
26 87
9 27
35 67
61 65
21 24
66 69
23 26
23 88
64 69
52 56
48 52
8 30
35 38
8 29
90 93
84 87
71 74
65 69
29 52
5 34
81 84
60 64
9 28
10 13
53 57
77 80
95 98
23 87
82 85
68 71
48 51
46 49
67 70
37 40
19 24
25 32
92 95
7 30
85 88
37 41
86 90
54 58
38 41
56 60
44 47
54 63
39 42
69 72
5 35
8 31
70 73
28 31
76 79
87 93
7 29
40 60
89 93
30 53
28 78
6 32
10 29
19 26
2 18
18 25
20 23
39 86
24 88
43 66
55 59
81 89
49 54
48 54
36 39
17 26
9 52
93 96
26 32
47 50
94 97
67 71
27 31
29 53
45 49
43 46
7 27
73 76
35 39
32 56
79 82
26 43
25 30
27 52
37 67
22 25
10 30
33 58
15 27
4 35
18 26
42 45
3 6
11 14
50 58
37 42
60 73
9 53
85 89
