92 23
56 8
34 6
78 48
84 41
65 62
97 78
51 10
32 5
54 14
99 28
71 38
25 22
20 5
69 65
17 7
34 4
52 31
73 39
30 9
45 26
17 9
80 77
75 44
57 54
63 59
43 34
71 67
60 42
53 49
61 57
74 40
35 5
32 8
56 6
52 14
41 36
78 43
48 29
45 28
51 13
55 14
94 23
24 20
45 31
33 8
55 51
14 11
25 19
62 59
95 23
76 44
32 25
32 7
56 42
21 3
59 55
42 31
43 26
97 23
58 55
32 19
56 32
19 6
73 60
88 23
37 2
30 10
14 8
53 50
40 34
41 35
43 31
54 51
17 6
52 44
30 27
97 26
19 7
90 41
94 91
48 31
33 5
48 8
26 23
72 40
75 42
70 38
63 33
88 83
63 35
59 56
71 64
54 50
82 76
87 34
79 46
83 43
95 88
63 60
59 33
60 56
22 5
40 37
45 27
32 26
70 64
32 6
65 61
46 28
40 36
56 33
39 36
93 89
21 5
58 54
91 22
90 36
56 52
45 32
87 74
71 37
91 34
62 58
91 5
74 39
55 52
25 5
88 85
49 11
97 45
98 28
49 12
66 63
43 33
31 9
90 86
42 32
73 42
51 11
71 63
69 64
91 26
68 65
87 83
59 6
56 53
56 16
67 64
16 7
87 76
71 39
78 44
35 4
74 41
36 3
21 4
80 76
60 33
48 30
87 41
64 61
14 9
89 86
25 21
93 88
75 57
71 40
83 80
90 87
55 15
77 46
56 14
87 84
74 42
42 33
35 3
51 14
99 27
78 28
14 10
73 64
84 74
41 33
56 44
67 37
57 42
99 29
64 40
64 60
25 20
52 30
91 88
31 14
93 23
60 40
18 7
43 32
92 88
59 16
49 10
86 36
18 5
83 76
76 43
30 8
59 8
48 45
97 28
61 58
40 33
67 63
86 39
45 29
35 6
90 34
84 76
33 6
72 39
34 5
34 3
25 7
52 11
19 5
30 7
52 8
52 48
91 23
18 6
33 16
89 85
90 3
53 31
92 22
72 38
94 88
91 87
52 10
45 30
53 44
16 8
86 41
42 34
98 26
76 41
87 43
44 31
41 34
15 9
15 8
78 46
53 48
76 42
98 27
48 44
40 35
47 29
57 53
37 3
98 24
52 49
46 29
18 4
31 8
55 8
52 9
77 45
78 45
63 40
92 89
73 40
15 10
56 31
13 10
66 62
60 57
77 44
31 7
55 31
91 25
34 21
49 14
90 21
51 12
91 21
16 6
55 16
47 28
97 27
70 67
