53 48
78 28
29 9
25 19
93 88
52 30
67 35
26 23
56 31
34 5
27 9
87 26
87 23
67 37
60 40
61 57
86 39
32 25
88 23
59 48
18 2
66 63
12 9
52 29
43 26
35 4
65 52
32 6
30 27
54 50
26 17
49 29
14 6
93 26
24 20
60 31
44 31
87 34
66 43
52 27
81 43
49 17
89 20
76 53
73 60
66 47
71 67
43 22
57 53
56 44
90 87
90 24
69 64
72 7
53 50
91 61
99 63
26 16
45 27
74 39
39 33
81 24
57 15
55 14
75 72
48 3
58 31
52 16
30 9
79 56
18 6
61 58
68 54
89 81
72 13
74 33
41 38
46 33
90 36
32 27
94 33
89 66
58 4
93 87
79 46
96 24
58 51
74 38
30 25
92 81
25 5
83 34
90 3
66 44
97 7
27 15
67 63
15 9
58 55
80 33
55 26
75 42
48 53
28 78
9 29
19 25
88 93
30 52
35 67
23 26
31 56
5 34
9 27
26 87
23 87
37 67
40 60
57 61
39 86
25 32
23 88
48 59
2 18
63 66
9 12
29 52
26 43
4 35
52 65
6 32
27 30
50 54
17 26
29 49
6 14
26 93
20 24
31 60
31 44
34 87
43 66
27 52
43 81
17 49
20 89
53 76
60 73
47 66
67 71
22 43
53 57
44 56
87 90
24 90
64 69
7 72
50 53
61 91
63 99
16 26
27 45
39 74
33 39
24 81
15 57
14 55
72 75
3 48
31 58
16 52
9 30
56 79
6 18
58 61
54 68
81 89
13 72
33 74
38 41
33 46
36 90
27 32
33 94
66 89
4 58
87 93
46 79
24 96
51 58
38 74
25 30
81 92
5 25
34 83
3 90
44 66
7 97
15 27
63 67
9 15
55 58
33 80
26 55
42 75
