61 58
66 63
53 48
25 19
29 9
93 88
52 30
62 59
78 28
63 59
27 9
60 57
67 35
55 52
53 50
63 60
57 54
54 51
61 57
67 64
56 31
87 23
87 26
62 58
54 50
67 37
56 53
60 40
67 63
59 56
52 29
89 86
53 49
65 62
52 49
66 62
88 23
30 27
12 9
18 2
68 65
30 9
75 72
24 20
48 45
94 91
34 5
90 87
68 64
43 26
32 25
56 52
26 23
66 43
73 60
64 61
69 64
57 53
38 35
53 30
49 29
28 9
59 48
65 61
99 96
52 48
35 4
52 27
44 31
14 6
85 82
86 39
74 71
55 51
24 19
45 27
58 55
26 17
30 8
86 83
32 6
32 27
72 69
24 21
60 56
26 16
41 38
93 87
69 65
41 36
93 26
73 70
30 7
99 63
76 53
29 8
71 68
51 48
93 90
92 89
29 7
90 24
58 61
63 66
48 53
19 25
9 29
88 93
30 52
59 62
28 78
59 63
9 27
57 60
35 67
52 55
50 53
60 63
54 57
51 54
57 61
64 67
31 56
23 87
26 87
58 62
50 54
37 67
53 56
40 60
63 67
56 59
29 52
86 89
49 53
62 65
49 52
62 66
23 88
27 30
9 12
2 18
65 68
9 30
72 75
20 24
45 48
91 94
5 34
87 90
64 68
26 43
25 32
52 56
23 26
43 66
60 73
61 64
64 69
53 57
35 38
30 53
29 49
9 28
48 59
61 65
96 99
48 52
4 35
27 52
31 44
6 14
82 85
39 86
71 74
51 55
19 24
27 45
55 58
17 26
8 30
83 86
6 32
27 32
69 72
21 24
56 60
16 26
38 41
87 93
65 69
36 41
26 93
70 73
7 30
63 99
53 76
8 29
68 71
48 51
90 93
89 92
7 29
24 90
