53 48
78 28
29 9
25 19
93 88
52 30
67 35
26 23
56 31
34 5
27 9
87 26
87 23
67 37
60 40
61 57
86 39
32 25
88 23
59 48
18 2
66 63
12 9
52 29
43 26
35 4
65 52
32 6
30 27
54 50
26 17
49 29
14 6
93 26
24 20
60 31
44 31
87 34
66 43
52 27
81 43
49 17
89 20
76 53
73 60
66 47
71 67
43 22
57 53
56 44
90 87
90 24
69 64
72 7
53 50
91 61
99 63
26 16
45 27
74 39
39 33
81 24
57 15
55 14
75 72
48 3
58 31
52 16
30 9
79 56
18 6
61 58
68 54
89 81
72 13
74 33
41 38
46 33
90 36
32 27
94 33
89 66
58 4
93 87
79 46
96 24
58 51
74 38
30 25
92 81
25 5
83 34
90 3
66 44
97 7
27 15
67 63
15 9
58 55
80 33
55 26
75 42
91 28
52 9
84 32
53 30
59 20
85 75
78 54
71 64
58 33
93 3
91 31
77 9
62 40
63 59
58 50
89 86
46 8
94 62
79 70
27 11
65 6
46 28
78 72
99 96
67 4
18 4
30 8
86 79
99 20
95 76
86 26
41 36
73 70
15 8
84 79
93 23
70 2
61 54
46 21
83 68
42 37
88 28
62 58
44 24
96 89
91 71
33 8
73 30
49 45
49 20
29 17
