53 48
78 28
29 9
25 19
93 88
52 30
67 35
26 23
56 31
34 5
27 9
87 26
87 23
67 37
60 40
61 57
86 39
32 25
88 23
59 48
18 2
66 63
12 9
52 29
43 26
35 4
65 52
32 6
30 27
54 50
26 17
49 29
14 6
93 26
24 20
60 31
44 31
87 34
66 43
52 27
81 43
49 17
89 20
76 53
73 60
66 47
71 67
43 22
57 53
56 44
90 87
48 53
28 78
9 29
19 25
88 93
30 52
35 67
23 26
31 56
5 34
9 27
26 87
23 87
37 67
40 60
57 61
39 86
25 32
23 88
48 59
2 18
63 66
9 12
29 52
26 43
4 35
52 65
6 32
27 30
50 54
17 26
29 49
6 14
26 93
20 24
31 60
31 44
34 87
43 66
27 52
43 81
17 49
20 89
53 76
60 73
47 66
67 71
22 43
53 57
44 56
87 90
