61 58
66 63
53 48
25 19
29 9
93 88
52 30
62 59
78 28
63 59
27 9
60 57
67 35
55 52
53 50
63 60
57 54
54 51
61 57
67 64
56 31
87 23
87 26
62 58
54 50
67 37
56 53
60 40
67 63
59 56
52 29
89 86
53 49
65 62
52 49
66 62
88 23
30 27
12 9
18 2
68 65
30 9
75 72
24 20
48 45
94 91
34 5
90 87
68 64
43 26
32 25
58 61
63 66
48 53
19 25
9 29
88 93
30 52
59 62
28 78
59 63
9 27
57 60
35 67
52 55
50 53
60 63
54 57
51 54
57 61
64 67
31 56
23 87
26 87
58 62
50 54
37 67
53 56
40 60
63 67
56 59
29 52
86 89
49 53
62 65
49 52
62 66
23 88
27 30
9 12
2 18
65 68
9 30
72 75
20 24
45 48
91 94
5 34
87 90
64 68
26 43
25 32
