7 4
73 70
9 6
7 3
8 4
9 5
8 5
72 69
10 6
10 7
73 69
11 8
11 7
44 41
74 70
12 9
6 3
23 3
45 41
6 2
44 40
69 66
43 40
69 65
66 62
71 68
25 22
48 5
12 8
67 64
29 26
74 71
5 2
47 44
13 10
37 33
66 63
45 42
67 27
72 2
30 26
43 39
65 23
65 24
71 67
37 34
46 42
72 68
47 43
68 64
70 61
18 11
74 57
68 65
67 61
13 9
70 66
40 37
30 27
46 43
66 61
42 39
18 8
70 67
42 38
39 36
14 11
41 38
57 54
18 7
31 28
20 17
64 21
33 14
70 53
40 36
48 44
48 45
38 35
49 46
58 55
41 14
49 5
67 63
41 37
38 34
31 27
70 57
60 57
68 6
39 35
48 8
44 13
71 51
38 33
55 39
15 12
32 15
37 31
40 31
21 11
14 10
25 21
68 3
20 16
62 26
49 45
21 7
33 13
43 37
14 7
19 16
33 10
52 46
54 43
