42 38
29 26
30 22
49 2
74 53
51 45
45 42
30 27
74 49
32 14
48 9
49 5
33 28
32 16
7 3
32 27
65 24
41 9
46 42
62 26
71 67
50 46
11 8
38 34
74 70
15 12
12 9
10 7
25 22
47 44
66 62
44 13
49 6
62 27
71 49
32 28
11 7
63 24
48 45
64 24
65 23
31 27
61 42
71 68
53 42
67 45
21 17
41 10
38 35
21 16
42 39
57 54
67 41
45 6
31 26
64 25
35 28
67 61
70 53
33 27
72 69
72 3
58 54
16 10
46 43
44 40
17 11
48 5
70 66
32 29
18 8
40 37
43 40
49 46
45 41
60 56
63 27
68 23
66 63
72 2
39 36
73 70
61 57
68 65
31 28
20 17
30 20
68 2
37 14
37 34
14 11
40 36
66 61
70 45
18 11
27 14
31 20
44 9
67 6
9 6
27 10
58 42
59 56
47 43
5 2
25 21
68 7
30 26
63 25
71 51
8 4
64 22
62 38
40 13
21 7
34 28
71 45
53 46
12 8
68 64
31 16
67 10
61 53
63 26
69 66
71 6
13 9
10 6
38 28
37 33
50 47
67 63
13 10
51 46
41 38
21 11
52 46
57 53
64 7
20 11
30 25
70 57
68 6
18 7
21 10
31 21
71 2
33 14
62 28
70 61
25 20
61 38
8 5
44 41
48 44
64 21
37 13
31 14
44 12
31 25
64 6
6 3
60 57
37 27
64 27
63 23
72 68
74 51
41 33
64 10
68 3
21 18
67 64
14 10
66 60
58 53
38 33
58 55
41 27
41 13
16 11
49 45
20 16
38 27
59 55
53 45
69 65
9 5
6 2
39 35
31 10
70 67
15 11
45 9
64 23
74 71
43 39
41 14
41 37
73 69
61 58
7 4
31 11
38 42
26 29
22 30
2 49
53 74
45 51
42 45
27 30
49 74
14 32
9 48
5 49
28 33
16 32
3 7
27 32
24 65
9 41
42 46
26 62
67 71
46 50
8 11
34 38
70 74
12 15
9 12
7 10
22 25
44 47
62 66
13 44
6 49
27 62
49 71
28 32
7 11
24 63
45 48
24 64
23 65
27 31
42 61
68 71
42 53
45 67
17 21
10 41
35 38
16 21
39 42
54 57
41 67
6 45
26 31
25 64
28 35
61 67
53 70
27 33
69 72
3 72
54 58
10 16
43 46
40 44
11 17
5 48
66 70
29 32
8 18
37 40
40 43
46 49
41 45
56 60
27 63
23 68
63 66
2 72
36 39
70 73
57 61
65 68
28 31
17 20
20 30
2 68
14 37
34 37
11 14
36 40
61 66
45 70
11 18
14 27
20 31
9 44
6 67
6 9
10 27
42 58
56 59
43 47
2 5
21 25
7 68
26 30
25 63
51 71
4 8
22 64
38 62
13 40
7 21
28 34
45 71
46 53
8 12
64 68
16 31
10 67
53 61
26 63
66 69
6 71
9 13
6 10
28 38
33 37
47 50
63 67
10 13
46 51
38 41
11 21
46 52
53 57
7 64
11 20
25 30
57 70
6 68
7 18
10 21
21 31
2 71
14 33
28 62
61 70
20 25
38 61
5 8
41 44
44 48
21 64
13 37
14 31
12 44
25 31
6 64
3 6
57 60
27 37
27 64
23 63
68 72
51 74
33 41
10 64
3 68
18 21
64 67
10 14
60 66
53 58
33 38
55 58
27 41
13 41
11 16
45 49
16 20
27 38
55 59
45 53
65 69
5 9
2 6
35 39
10 31
67 70
11 15
9 45
23 64
71 74
39 43
14 41
37 41
69 73
58 61
4 7
11 31
