7 4
73 70
9 6
7 3
8 4
9 5
8 5
72 69
10 6
10 7
73 69
11 8
11 7
44 41
74 70
12 9
6 3
23 3
45 41
6 2
44 40
69 66
43 40
69 65
66 62
71 68
25 22
48 5
12 8
67 64
29 26
74 71
5 2
47 44
13 10
37 33
66 63
45 42
67 27
72 2
30 26
43 39
65 23
65 24
71 67
37 34
46 42
72 68
47 43
68 64
70 61
18 11
74 57
68 65
67 61
13 9
70 66
40 37
30 27
46 43
66 61
42 39
18 8
70 67
42 38
39 36
14 11
41 38
57 54
18 7
31 28
20 17
64 21
33 14
70 53
40 36
48 44
4 7
70 73
6 9
3 7
4 8
5 9
5 8
69 72
6 10
7 10
69 73
8 11
7 11
41 44
70 74
9 12
3 6
3 23
41 45
2 6
40 44
66 69
40 43
65 69
62 66
68 71
22 25
5 48
8 12
64 67
26 29
71 74
2 5
44 47
10 13
33 37
63 66
42 45
27 67
2 72
26 30
39 43
23 65
24 65
67 71
34 37
42 46
68 72
43 47
64 68
61 70
11 18
57 74
65 68
61 67
9 13
66 70
37 40
27 30
43 46
61 66
39 42
8 18
67 70
38 42
36 39
11 14
38 41
54 57
7 18
28 31
17 20
21 64
14 33
53 70
36 40
44 48
