48 5
69 65
29 26
65 23
23 3
72 2
66 62
18 11
25 22
65 24
67 27
7 3
74 57
30 26
72 69
70 61
18 8
69 66
67 61
74 70
11 7
37 33
49 5
8 4
64 21
41 14
33 14
73 69
68 3
46 42
68 6
70 57
21 11
70 53
55 39
44 13
18 7
48 8
20 17
21 7
66 61
71 51
47 44
14 7
66 63
48 44
62 26
32 15
60 57
38 33
40 31
8 5
45 6
42 38
65 3
43 39
19 16
70 54
11 8
33 10
45 41
40 27
73 4
37 34
33 13
6 2
9 5
68 64
44 9
40 36
23 7
57 54
64 10
62 28
58 39
39 36
71 12
54 46
37 31
38 27
67 45
71 45
43 33
20 16
38 31
48 9
19 11
54 43
68 23
72 3
52 46
43 40
72 68
7 4
37 10
17 12
40 30
58 55
49 9
22 3
52 15
43 37
58 37
43 38
17 11
25 21
44 12
40 34
61 38
40 32
32 16
54 42
38 28
50 35
36 30
