48 5
69 65
29 26
65 23
23 3
72 2
66 62
18 11
25 22
65 24
67 27
7 3
74 57
30 26
72 69
70 61
18 8
69 66
67 61
74 70
11 7
37 33
49 5
8 4
64 21
41 14
33 14
73 69
68 3
46 42
68 6
70 57
21 11
70 53
55 39
44 13
18 7
48 8
20 17
21 7
66 61
71 51
47 44
14 7
66 63
48 44
62 26
32 15
60 57
38 33
40 31
8 5
45 6
42 38
65 3
43 39
19 16
70 54
11 8
33 10
45 41
40 27
73 4
37 34
33 13
6 2
9 5
68 64
44 9
40 36
23 7
57 54
64 10
62 28
58 39
39 36
71 12
5 48
65 69
26 29
23 65
3 23
2 72
62 66
11 18
22 25
24 65
27 67
3 7
57 74
26 30
69 72
61 70
8 18
66 69
61 67
70 74
7 11
33 37
5 49
4 8
21 64
14 41
14 33
69 73
3 68
42 46
6 68
57 70
11 21
53 70
39 55
13 44
7 18
8 48
17 20
7 21
61 66
51 71
44 47
7 14
63 66
44 48
26 62
15 32
57 60
33 38
31 40
5 8
6 45
38 42
3 65
39 43
16 19
54 70
8 11
10 33
41 45
27 40
4 73
34 37
13 33
2 6
5 9
64 68
9 44
36 40
7 23
54 57
10 64
28 62
39 58
36 39
12 71
