24 13
52 42
54 38
19 15
28 25
6 3
42 8
20 12
36 16
31 28
36 15
34 30
64 60
52 11
35 31
65 61
54 32
51 45
23 12
26 8
66 62
36 32
35 32
34 31
58 18
48 10
20 14
52 26
38 16
67 64
50 42
24 21
26 11
49 45
56 18
34 4
68 65
55 41
25 10
21 15
42 26
23 20
32 24
71 67
45 42
64 53
65 55
57 2
60 57
70 67
68 63
52 40
39 3
25 11
29 11
59 54
69 65
11 8
30 27
58 14
49 12
63 58
51 47
41 13
69 63
46 21
61 34
5 2
21 13
69 61
63 38
23 10
48 43
61 57
67 61
32 28
41 34
61 43
50 45
17 5
6 2
37 30
54 13
9 4
69 36
48 45
29 14
69 64
11 6
70 61
20 15
69 62
55 34
22 14
63 44
50 40
32 25
58 44
70 65
19 16
61 58
62 51
51 43
47 44
60 44
48 44
41 12
57 19
51 46
56 24
62 37
