34 31
35 31
34 30
35 32
33 30
65 61
69 66
65 62
6 3
31 28
54 38
36 32
66 62
64 60
52 42
68 65
64 61
24 13
67 64
36 33
50 42
62 59
19 15
66 63
63 60
33 29
60 57
32 29
28 25
20 12
36 16
42 8
63 59
51 45
52 40
61 58
32 28
36 15
69 65
23 12
20 14
70 67
62 58
52 11
7 4
68 64
51 43
71 67
30 27
54 32
48 10
71 68
20 15
18 15
6 2
70 66
5 2
26 8
23 20
51 42
49 45
61 57
21 15
29 26
67 63
52 41
24 21
19 14
56 18
37 34
38 16
25 10
50 43
53 41
31 34
31 35
30 34
32 35
30 33
61 65
66 69
62 65
3 6
28 31
38 54
32 36
62 66
60 64
42 52
65 68
61 64
13 24
64 67
33 36
42 50
59 62
15 19
63 66
60 63
29 33
57 60
29 32
25 28
12 20
16 36
8 42
59 63
45 51
40 52
58 61
28 32
15 36
65 69
12 23
14 20
67 70
58 62
11 52
4 7
64 68
43 51
67 71
27 30
32 54
10 48
68 71
15 20
15 18
2 6
66 70
2 5
8 26
20 23
42 51
45 49
57 61
15 21
26 29
63 67
41 52
21 24
14 19
18 56
34 37
16 38
10 25
43 50
41 53
