24 13
52 42
54 38
19 15
28 25
6 3
42 8
20 12
36 16
31 28
36 15
34 30
64 60
52 11
35 31
65 61
54 32
51 45
23 12
26 8
66 62
36 32
35 32
34 31
58 18
48 10
20 14
52 26
38 16
67 64
50 42
24 21
26 11
49 45
56 18
34 4
68 65
55 41
25 10
21 15
42 26
23 20
32 24
71 67
45 42
64 53
65 55
57 2
60 57
70 67
68 63
52 40
39 3
25 11
29 11
59 54
69 65
11 8
30 27
58 14
49 12
63 58
51 47
41 13
69 63
46 21
61 34
5 2
21 13
69 61
63 38
23 10
48 43
61 57
13 24
42 52
38 54
15 19
25 28
3 6
8 42
12 20
16 36
28 31
15 36
30 34
60 64
11 52
31 35
61 65
32 54
45 51
12 23
8 26
62 66
32 36
32 35
31 34
18 58
10 48
14 20
26 52
16 38
64 67
42 50
21 24
11 26
45 49
18 56
4 34
65 68
41 55
10 25
15 21
26 42
20 23
24 32
67 71
42 45
53 64
55 65
2 57
57 60
67 70
63 68
40 52
3 39
11 25
11 29
54 59
65 69
8 11
27 30
14 58
12 49
58 63
47 51
13 41
63 69
21 46
34 61
2 5
13 21
61 69
38 63
10 23
43 48
57 61
