35 32
34 31
35 31
33 30
64 61
36 32
34 30
65 61
31 28
65 62
64 60
66 62
67 64
6 3
62 59
69 66
68 65
70 67
66 63
33 29
32 29
36 33
20 15
61 58
28 25
19 15
63 60
63 59
62 58
51 42
7 4
68 64
20 14
32 28
60 57
71 67
71 68
30 27
23 12
52 42
50 42
52 40
67 63
29 26
51 43
24 13
69 65
37 34
25 11
19 14
70 66
5 2
7 3
52 43
61 57
52 41
20 13
18 15
50 45
6 2
51 45
21 15
49 46
23 13
20 12
21 14
23 20
9 6
53 40
48 45
49 45
36 16
19 16
8 5
25 10
21 13
24 12
50 43
54 38
59 56
53 42
51 44
11 8
37 33
47 44
50 47
30 26
50 46
48 44
52 11
50 44
36 15
68 63
53 41
54 39
69 63
58 55
24 21
26 11
54 40
51 46
31 27
8 4
69 64
23 11
28 24
49 44
69 62
22 14
26 8
24 11
32 35
31 34
31 35
30 33
61 64
32 36
30 34
61 65
28 31
62 65
60 64
62 66
64 67
3 6
59 62
66 69
65 68
67 70
63 66
29 33
29 32
33 36
15 20
58 61
25 28
15 19
60 63
59 63
58 62
42 51
4 7
64 68
14 20
28 32
57 60
67 71
68 71
27 30
12 23
42 52
42 50
40 52
63 67
26 29
43 51
13 24
65 69
34 37
11 25
14 19
66 70
2 5
3 7
43 52
57 61
41 52
13 20
15 18
45 50
2 6
45 51
15 21
46 49
13 23
12 20
14 21
20 23
6 9
40 53
45 48
45 49
16 36
16 19
5 8
10 25
13 21
12 24
43 50
38 54
56 59
42 53
44 51
8 11
33 37
44 47
47 50
26 30
46 50
44 48
11 52
44 50
15 36
63 68
41 53
39 54
63 69
55 58
21 24
11 26
40 54
46 51
27 31
4 8
64 69
11 23
24 28
44 49
62 69
14 22
8 26
11 24
