50 10
30 26
51 45
47 44
42 6
53 41
55 41
24 13
52 14
5 2
39 3
26 10
71 67
65 62
55 39
24 11
29 26
39 34
52 43
54 13
56 38
55 38
25 10
50 46
41 2
56 39
63 59
38 35
30 3
20 14
51 13
32 28
20 12
20 13
66 62
38 33
28 25
57 39
19 15
52 44
23 13
45 42
24 10
26 11
53 15
23 11
38 34
54 38
36 33
30 27
11 8
29 11
25 11
50 42
62 58
19 14
37 34
54 39
21 13
60 56
32 29
50 12
51 48
54 15
53 14
20 15
70 66
60 55
50 11
27 24
49 11
66 63
42 2
49 46
52 40
50 45
67 64
64 61
51 14
55 15
65 61
51 42
55 40
54 14
53 40
40 3
51 44
59 56
68 65
21 14
54 41
49 12
39 30
35 31
51 43
63 60
51 11
61 57
52 42
23 10
26 8
17 14
31 28
62 59
53 43
24 21
50 8
29 25
35 32
24 12
49 23
64 60
33 30
68 64
57 38
40 33
67 63
69 66
53 16
22 14
34 31
28 24
50 44
7 4
53 13
51 12
21 12
21 15
29 13
51 47
18 15
25 9
40 30
49 10
57 41
22 13
6 3
60 57
50 47
52 11
40 29
19 16
41 3
36 32
39 33
22 12
33 29
52 41
52 13
40 2
26 9
53 42
39 2
23 12
52 12
55 16
61 58
70 67
6 2
31 27
54 40
18 14
37 33
29 24
69 65
54 33
54 16
71 68
34 30
10 50
26 30
45 51
44 47
6 42
41 53
41 55
13 24
14 52
2 5
3 39
10 26
67 71
62 65
39 55
11 24
26 29
34 39
43 52
13 54
38 56
38 55
10 25
46 50
2 41
39 56
59 63
35 38
3 30
14 20
13 51
28 32
12 20
13 20
62 66
33 38
25 28
39 57
15 19
44 52
13 23
42 45
10 24
11 26
15 53
11 23
34 38
38 54
33 36
27 30
8 11
11 29
11 25
42 50
58 62
14 19
34 37
39 54
13 21
56 60
29 32
12 50
48 51
15 54
14 53
15 20
66 70
55 60
11 50
24 27
11 49
63 66
2 42
46 49
40 52
45 50
64 67
61 64
14 51
15 55
61 65
42 51
40 55
14 54
40 53
3 40
44 51
56 59
65 68
14 21
41 54
12 49
30 39
31 35
43 51
60 63
11 51
57 61
42 52
10 23
8 26
14 17
28 31
59 62
43 53
21 24
8 50
25 29
32 35
12 24
23 49
60 64
30 33
64 68
38 57
33 40
63 67
66 69
16 53
14 22
31 34
24 28
44 50
4 7
13 53
12 51
12 21
15 21
13 29
47 51
15 18
9 25
30 40
10 49
41 57
13 22
3 6
57 60
47 50
11 52
29 40
16 19
3 41
32 36
33 39
12 22
29 33
41 52
13 52
2 40
9 26
42 53
2 39
12 23
12 52
16 55
58 61
67 70
2 6
27 31
40 54
14 18
33 37
24 29
65 69
33 54
16 54
68 71
30 34
