84 80
63 51
74 70
67 44
86 82
47 43
88 85
36 23
95 17
50 9
91 62
74 34
67 48
79 73
10 6
22 18
36 30
90 87
11 7
51 13
69 65
102 98
88 70
94 91
79 31
96 93
18 14
80 37
60 57
43 19
88 27
84 79
60 48
95 92
91 88
44 41
38 35
96 92
92 66
63 47
30 27
26 23
71 41
67 45
98 59
23 19
17 13
63 48
59 47
54 9
95 59
40 37
60 56
43 16
39 36
27 24
84 78
60 55
78 72
44 40
92 21
65 61
75 71
53 49
46 16
41 38
92 89
13 9
78 73
48 44
67 41
57 51
61 57
85 81
24 20
73 37
57 52
36 33
102 9
94 90
48 45
60 49
92 24
6 2
18 15
85 28
98 62
67 64
50 12
73 70
66 63
45 41
49 46
99 10
70 66
46 43
37 34
62 58
54 50
47 17
42 38
95 63
47 44
64 48
88 69
40 20
91 66
96 14
45 42
98 56
66 62
89 24
71 68
81 31
69 66
61 58
41 37
85 82
92 88
66 44
40 27
7 3
46 42
22 19
10 7
70 44
39 23
80 31
51 48
54 6
88 84
23 20
11 8
90 86
86 83
74 71
63 59
55 51
96 17
88 40
19 16
92 17
97 94
28 25
94 62
72 68
102 6
40 23
84 81
77 73
60 51
21 18
15 11
78 69
33 30
43 20
47 13
16 12
98 95
70 40
25 21
74 41
50 46
29 26
95 47
14 10
36 26
68 64
64 60
99 95
63 45
95 13
52 48
60 52
8 4
74 37
49 45
74 38
62 59
37 33
98 94
70 67
99 13
73 69
87 83
7 4
50 13
28 24
89 21
85 80
24 21
54 51
19 15
47 16
42 39
95 62
25 22
99 59
70 37
71 67
80 73
59 56
63 60
55 52
101 97
43 40
20 17
89 86
56 51
8 5
93 90
85 24
15 12
12 9
33 27
43 17
40 36
93 89
56 52
84 69
52 49
85 31
63 44
64 61
87 84
68 65
102 10
92 20
65 62
27 23
53 50
9 5
44 20
73 41
13 10
96 21
100 97
76 73
98 58
99 9
99 14
89 85
91 87
36 27
59 51
30 26
97 93
12 8
88 24
43 23
39 35
31 27
21 17
40 24
99 96
9 6
102 7
72 69
50 16
100 96
80 27
75 72
5 2
16 13
70 41
88 66
102 99
51 47
50 47
39 19
29 25
63 49
100 10
17 14
38 34
14 11
26 22
87 69
67 63
20 16
80 32
43 39
37 27
101 98
6 3
77 72
99 17
85 27
95 91
84 73
80 84
51 63
70 74
44 67
82 86
43 47
85 88
23 36
17 95
9 50
62 91
34 74
48 67
73 79
6 10
18 22
30 36
87 90
7 11
13 51
65 69
98 102
70 88
91 94
31 79
93 96
14 18
37 80
57 60
19 43
27 88
79 84
48 60
92 95
88 91
41 44
35 38
92 96
66 92
47 63
27 30
23 26
41 71
45 67
59 98
19 23
13 17
48 63
47 59
9 54
59 95
37 40
56 60
16 43
36 39
24 27
78 84
55 60
72 78
40 44
21 92
61 65
71 75
49 53
16 46
38 41
89 92
9 13
73 78
44 48
41 67
51 57
57 61
81 85
20 24
37 73
52 57
33 36
9 102
90 94
45 48
49 60
24 92
2 6
15 18
28 85
62 98
64 67
12 50
70 73
63 66
41 45
46 49
10 99
66 70
43 46
34 37
58 62
50 54
17 47
38 42
63 95
44 47
48 64
69 88
20 40
66 91
14 96
42 45
56 98
62 66
24 89
68 71
31 81
66 69
58 61
37 41
82 85
88 92
44 66
27 40
3 7
42 46
19 22
7 10
44 70
23 39
31 80
48 51
6 54
84 88
20 23
8 11
86 90
83 86
71 74
59 63
51 55
17 96
40 88
16 19
17 92
94 97
25 28
62 94
68 72
6 102
23 40
81 84
73 77
51 60
18 21
11 15
69 78
30 33
20 43
13 47
12 16
95 98
40 70
21 25
41 74
46 50
26 29
47 95
10 14
26 36
64 68
60 64
95 99
45 63
13 95
48 52
52 60
4 8
37 74
45 49
38 74
59 62
33 37
94 98
67 70
13 99
69 73
83 87
4 7
13 50
24 28
21 89
80 85
21 24
51 54
15 19
16 47
39 42
62 95
22 25
59 99
37 70
67 71
73 80
56 59
60 63
52 55
97 101
40 43
17 20
86 89
51 56
5 8
90 93
24 85
12 15
9 12
27 33
17 43
36 40
89 93
52 56
69 84
49 52
31 85
44 63
61 64
84 87
65 68
10 102
20 92
62 65
23 27
50 53
5 9
20 44
41 73
10 13
21 96
97 100
73 76
58 98
9 99
14 99
85 89
87 91
27 36
51 59
26 30
93 97
8 12
24 88
23 43
35 39
27 31
17 21
24 40
96 99
6 9
7 102
69 72
16 50
96 100
27 80
72 75
2 5
13 16
41 70
66 88
99 102
47 51
47 50
19 39
25 29
49 63
10 100
14 17
34 38
11 14
22 26
69 87
63 67
16 20
32 80
39 43
27 37
98 101
3 6
72 77
17 99
27 85
91 95
73 84
