38 34
21 18
38 35
68 65
39 36
84 81
41 38
67 64
66 63
22 19
21 17
23 20
19 16
25 22
23 19
75 72
40 37
14 11
96 21
74 71
24 21
48 45
74 41
20 17
91 66
89 85
15 12
39 35
20 16
26 23
47 13
12 9
25 21
92 89
11 8
91 87
14 10
49 46
49 45
50 46
22 18
13 10
76 34
77 72
93 90
43 19
10 6
84 80
9 6
79 32
33 30
37 34
89 86
12 8
75 71
93 89
68 64
88 85
40 36
89 21
18 15
63 44
39 23
28 25
24 20
76 73
69 66
60 57
15 11
45 42
91 88
41 37
30 27
67 63
36 33
43 16
26 22
92 88
90 87
50 47
10 7
31 27
13 9
43 20
29 26
11 7
89 25
51 9
65 62
50 12
16 13
60 52
67 45
53 50
74 38
66 62
66 44
88 66
99 13
17 14
102 99
95 63
52 49
101 98
19 15
8 5
16 12
74 37
71 41
84 78
37 33
31 28
97 94
78 72
98 59
46 16
73 70
30 26
65 61
53 46
54 50
34 31
44 20
69 65
64 61
73 37
93 64
94 90
94 91
94 62
51 8
52 8
85 80
18 14
27 23
44 41
42 39
80 73
100 97
50 5
90 86
102 56
96 18
61 58
92 20
61 57
9 5
99 59
43 40
47 44
96 92
76 72
86 28
53 8
60 51
27 24
64 51
34 38
18 21
35 38
65 68
36 39
81 84
38 41
64 67
63 66
19 22
17 21
20 23
16 19
22 25
19 23
72 75
37 40
11 14
21 96
71 74
21 24
45 48
41 74
17 20
66 91
85 89
12 15
35 39
16 20
23 26
13 47
9 12
21 25
89 92
8 11
87 91
10 14
46 49
45 49
46 50
18 22
10 13
34 76
72 77
90 93
19 43
6 10
80 84
6 9
32 79
30 33
34 37
86 89
8 12
71 75
89 93
64 68
85 88
36 40
21 89
15 18
44 63
23 39
25 28
20 24
73 76
66 69
57 60
11 15
42 45
88 91
37 41
27 30
63 67
33 36
16 43
22 26
88 92
87 90
47 50
7 10
27 31
9 13
20 43
26 29
7 11
25 89
9 51
62 65
12 50
13 16
52 60
45 67
50 53
38 74
62 66
44 66
66 88
13 99
14 17
99 102
63 95
49 52
98 101
15 19
5 8
12 16
37 74
41 71
78 84
33 37
28 31
94 97
72 78
59 98
16 46
70 73
26 30
61 65
46 53
50 54
31 34
20 44
65 69
61 64
37 73
64 93
90 94
91 94
62 94
8 51
8 52
80 85
14 18
23 27
41 44
39 42
73 80
97 100
5 50
86 90
56 102
18 96
58 61
20 92
57 61
5 9
59 99
40 43
44 47
92 96
72 76
28 86
8 53
51 60
24 27
51 64
