38 34
21 18
38 35
68 65
39 36
84 81
41 38
67 64
66 63
22 19
21 17
23 20
19 16
25 22
23 19
75 72
40 37
14 11
96 21
74 71
24 21
48 45
74 41
20 17
91 66
89 85
15 12
39 35
20 16
26 23
47 13
12 9
25 21
92 89
11 8
91 87
14 10
49 46
49 45
50 46
22 18
13 10
76 34
77 72
93 90
43 19
10 6
84 80
9 6
79 32
33 30
37 34
34 38
18 21
35 38
65 68
36 39
81 84
38 41
64 67
63 66
19 22
17 21
20 23
16 19
22 25
19 23
72 75
37 40
11 14
21 96
71 74
21 24
45 48
41 74
17 20
66 91
85 89
12 15
35 39
16 20
23 26
13 47
9 12
21 25
89 92
8 11
87 91
10 14
46 49
45 49
46 50
18 22
10 13
34 76
72 77
90 93
19 43
6 10
80 84
6 9
32 79
30 33
34 37
