38 35
23 20
24 21
66 63
84 81
68 65
15 12
21 18
25 22
39 36
38 34
19 16
20 17
22 19
41 38
14 11
50 47
91 88
48 45
23 19
21 17
67 64
37 34
93 89
26 23
9 6
76 73
39 35
92 89
11 8
49 46
75 72
12 9
40 37
13 10
40 36
14 10
25 21
50 46
65 62
36 33
28 25
68 64
20 16
93 90
74 71
16 13
8 5
89 85
30 27
91 87
102 99
92 88
10 7
33 30
12 8
10 6
67 63
69 66
24 20
84 80
22 18
31 27
29 26
41 37
45 42
51 9
18 15
89 86
16 12
49 45
26 22
15 11
17 14
46 43
75 71
88 85
90 87
53 50
76 34
11 7
31 28
13 9
34 31
64 61
90 86
76 72
101 98
37 33
91 66
52 49
60 57
47 44
44 41
69 65
30 26
73 70
66 62
43 40
96 21
42 39
77 72
85 82
85 81
94 90
35 38
20 23
21 24
63 66
81 84
65 68
12 15
18 21
22 25
36 39
34 38
16 19
17 20
19 22
38 41
11 14
47 50
88 91
45 48
19 23
17 21
64 67
34 37
89 93
23 26
6 9
73 76
35 39
89 92
8 11
46 49
72 75
9 12
37 40
10 13
36 40
10 14
21 25
46 50
62 65
33 36
25 28
64 68
16 20
90 93
71 74
13 16
5 8
85 89
27 30
87 91
99 102
88 92
7 10
30 33
8 12
6 10
63 67
66 69
20 24
80 84
18 22
27 31
26 29
37 41
42 45
9 51
15 18
86 89
12 16
45 49
22 26
11 15
14 17
43 46
71 75
85 88
87 90
50 53
34 76
7 11
28 31
9 13
31 34
61 64
86 90
72 76
98 101
33 37
66 91
49 52
57 60
44 47
41 44
65 69
26 30
70 73
62 66
40 43
21 96
39 42
72 77
82 85
81 85
90 94
