33 30
96 21
74 41
47 13
43 16
77 72
39 23
91 66
38 34
60 52
84 81
43 19
89 21
89 85
28 25
51 9
95 63
50 46
89 25
75 71
63 44
50 12
68 65
88 66
76 34
79 32
78 72
46 16
66 44
84 78
19 16
99 13
80 73
44 20
98 59
61 57
54 50
74 38
41 38
73 37
93 89
102 56
14 10
93 64
40 23
31 27
60 51
71 41
86 28
85 80
39 19
94 62
67 45
96 18
43 20
50 5
53 50
36 23
45 42
48 45
22 19
74 71
43 23
39 35
99 59
84 73
50 13
84 80
38 35
53 8
23 19
52 8
40 20
20 16
26 23
92 20
86 25
39 36
21 17
64 51
67 48
64 41
67 42
48 42
102 10
11 7
60 57
84 69
53 46
26 22
90 79
11 8
63 53
60 53
75 72
79 61
98 94
92 21
47 5
74 37
97 94
95 14
95 66
50 16
75 29
25 21
22 18
10 6
53 47
88 24
82 28
54 5
100 32
36 27
47 16
56 50
34 31
36 33
70 44
20 5
67 64
72 15
96 92
50 8
44 16
68 64
94 90
89 52
53 5
12 8
36 26
40 36
89 28
71 54
49 45
66 51
58 40
65 61
91 87
99 17
80 30
101 14
46 4
85 28
92 35
96 14
54 16
50 21
18 15
52 5
95 59
72 65
79 76
55 11
91 62
44 5
100 14
