33 30
96 21
74 41
47 13
43 16
77 72
39 23
91 66
38 34
60 52
84 81
43 19
89 21
89 85
28 25
51 9
95 63
50 46
89 25
75 71
63 44
50 12
68 65
88 66
76 34
79 32
78 72
46 16
66 44
84 78
19 16
99 13
80 73
44 20
98 59
61 57
54 50
74 38
41 38
73 37
93 89
102 56
14 10
93 64
40 23
31 27
60 51
71 41
86 28
85 80
39 19
94 62
67 45
96 18
43 20
50 5
53 50
36 23
45 42
48 45
22 19
74 71
43 23
39 35
99 59
84 73
50 13
84 80
38 35
53 8
23 19
52 8
40 20
20 16
26 23
92 20
86 25
39 36
21 17
64 51
67 48
64 41
67 42
48 42
102 10
11 7
60 57
84 69
53 46
26 22
90 79
11 8
63 53
60 53
75 72
79 61
98 94
92 21
47 5
74 37
97 94
95 14
95 66
50 16
75 29
30 33
21 96
41 74
13 47
16 43
72 77
23 39
66 91
34 38
52 60
81 84
19 43
21 89
85 89
25 28
9 51
63 95
46 50
25 89
71 75
44 63
12 50
65 68
66 88
34 76
32 79
72 78
16 46
44 66
78 84
16 19
13 99
73 80
20 44
59 98
57 61
50 54
38 74
38 41
37 73
89 93
56 102
10 14
64 93
23 40
27 31
51 60
41 71
28 86
80 85
19 39
62 94
45 67
18 96
20 43
5 50
50 53
23 36
42 45
45 48
19 22
71 74
23 43
35 39
59 99
73 84
13 50
80 84
35 38
8 53
19 23
8 52
20 40
16 20
23 26
20 92
25 86
36 39
17 21
51 64
48 67
41 64
42 67
42 48
10 102
7 11
57 60
69 84
46 53
22 26
79 90
8 11
53 63
53 60
72 75
61 79
94 98
21 92
5 47
37 74
94 97
14 95
66 95
16 50
29 75
