85 61
89 52
106 87
129 88
110 83
59 56
119 111
49 11
132 128
131 128
102 97
82 12
122 110
112 9
86 12
101 98
97 45
89 60
76 68
121 68
108 104
88 60
113 13
106 83
129 67
86 49
129 92
93 59
81 78
20 16
132 67
119 107
50 11
111 108
75 71
129 63
81 19
102 91
46 14
94 48
54 18
93 56
80 77
118 80
123 107
106 90
130 103
85 19
132 66
51 47
11 7
21 17
89 48
122 83
46 7
50 46
73 65
130 91
121 76
109 12
113 9
109 86
93 60
108 105
88 64
89 49
128 124
93 89
89 53
125 68
61 85
52 89
87 106
88 129
83 110
56 59
111 119
11 49
128 132
128 131
97 102
12 82
110 122
9 112
12 86
98 101
45 97
60 89
68 76
68 121
104 108
60 88
13 113
83 106
67 129
49 86
92 129
59 93
78 81
16 20
67 132
107 119
11 50
108 111
71 75
63 129
19 81
91 102
14 46
48 94
18 54
56 93
77 80
80 118
107 123
90 106
103 130
19 85
66 132
47 51
7 11
17 21
48 89
83 122
7 46
46 50
65 73
91 130
76 121
12 109
9 113
86 109
60 93
105 108
64 88
49 89
124 128
89 93
53 89
68 125
