19 16
12 9
11 8
20 16
111 108
20 17
50 46
21 17
126 123
18 15
101 98
133 130
49 46
12 8
13 10
14 11
11 7
131 128
127 124
18 14
48 45
108 104
59 56
112 109
49 45
108 105
81 78
50 47
48 44
132 128
19 15
13 9
64 61
133 129
66 63
125 122
132 129
110 83
47 44
112 108
126 122
51 47
49 11
80 77
61 58
66 62
17 14
110 107
106 87
85 61
62 59
60 57
51 48
89 52
14 10
21 18
61 57
122 110
86 12
46 43
67 64
119 111
97 45
65 62
127 123
27 24
102 97
107 104
112 9
128 125
101 97
111 107
85 82
109 106
92 89
128 124
63 60
121 118
93 59
15 12
129 88
75 71
85 81
10 7
107 103
132 66
67 63
119 107
45 42
89 60
76 68
62 58
82 12
110 106
118 115
103 100
119 116
46 42
52 49
129 67
125 121
29 26
47 43
64 60
113 110
121 76
121 68
102 91
94 48
105 101
124 121
28 24
52 48
131 127
93 89
73 65
120 117
129 63
88 60
91 88
118 80
113 13
63 59
106 90
82 78
65 61
113 109
89 48
132 67
106 103
31 28
15 11
93 56
129 126
109 105
92 88
105 102
54 18
82 79
86 49
81 19
