19 16
12 9
11 8
20 16
111 108
20 17
50 46
21 17
126 123
18 15
101 98
133 130
49 46
12 8
13 10
14 11
11 7
131 128
127 124
18 14
48 45
108 104
59 56
112 109
49 45
108 105
81 78
50 47
48 44
132 128
19 15
13 9
64 61
133 129
66 63
125 122
132 129
110 83
47 44
112 108
126 122
51 47
49 11
80 77
61 58
66 62
17 14
110 107
106 87
85 61
62 59
60 57
51 48
89 52
14 10
21 18
61 57
122 110
86 12
46 43
67 64
119 111
97 45
65 62
127 123
27 24
102 97
107 104
112 9
128 125
16 19
9 12
8 11
16 20
108 111
17 20
46 50
17 21
123 126
15 18
98 101
130 133
46 49
8 12
10 13
11 14
7 11
128 131
124 127
14 18
45 48
104 108
56 59
109 112
45 49
105 108
78 81
47 50
44 48
128 132
15 19
9 13
61 64
129 133
63 66
122 125
129 132
83 110
44 47
108 112
122 126
47 51
11 49
77 80
58 61
62 66
14 17
107 110
87 106
61 85
59 62
57 60
48 51
52 89
10 14
18 21
57 61
110 122
12 86
43 46
64 67
111 119
45 97
62 65
123 127
24 27
97 102
104 107
9 112
125 128
