85 61
89 52
106 87
129 88
110 83
59 56
119 111
49 11
132 128
131 128
102 97
82 12
122 110
112 9
86 12
101 98
97 45
89 60
76 68
121 68
108 104
88 60
113 13
106 83
129 67
86 49
129 92
93 59
81 78
20 16
132 67
119 107
50 11
111 108
75 71
129 63
81 19
102 91
46 14
94 48
54 18
93 56
80 77
118 80
123 107
106 90
130 103
85 19
132 66
51 47
11 7
21 17
89 48
122 83
46 7
50 46
73 65
130 91
121 76
109 12
113 9
109 86
93 60
108 105
88 64
89 49
128 124
93 89
89 53
125 68
113 12
27 24
48 44
19 15
88 63
86 15
28 24
130 99
118 114
92 63
66 62
109 83
128 69
102 87
78 20
57 19
82 16
81 61
114 80
55 48
85 81
83 12
13 9
85 82
112 108
50 14
118 77
79 12
128 67
53 11
111 107
85 53
29 18
68 64
49 45
94 89
122 80
118 115
82 15
79 16
47 30
122 84
91 87
105 101
73 68
32 10
126 87
85 60
119 116
115 77
99 91
92 59
82 19
127 103
85 57
80 76
107 103
127 124
6 3
32 14
43 33
74 65
131 127
94 45
51 27
86 53
109 9
31 28
55 51
79 20
63 59
50 18
96 45
36 32
84 64
94 90
52 11
82 57
61 57
64 61
110 80
51 48
112 5
122 107
125 122
101 97
102 86
78 16
29 14
90 45
130 88
44 40
81 73
48 45
107 100
47 27
90 87
102 90
15 8
42 26
82 78
113 16
114 110
127 100
120 69
19 16
47 43
60 53
16 12
47 26
62 58
121 114
94 49
54 26
82 76
11 8
34 31
29 23
21 13
117 69
103 91
53 15
127 88
121 118
32 17
111 104
121 77
57 53
97 94
32 29
14 10
62 59
120 117
119 115
46 32
45 42
51 31
120 68
51 28
109 106
114 106
