85 61
89 52
106 87
129 88
110 83
59 56
119 111
49 11
132 128
131 128
102 97
82 12
122 110
112 9
86 12
101 98
97 45
89 60
76 68
121 68
108 104
88 60
113 13
106 83
129 67
86 49
129 92
93 59
81 78
20 16
132 67
119 107
50 11
111 108
75 71
129 63
81 19
102 91
46 14
94 48
54 18
93 56
80 77
118 80
123 107
106 90
130 103
85 19
132 66
51 47
11 7
21 17
89 48
122 83
46 7
50 46
73 65
130 91
121 76
109 12
113 9
109 86
93 60
108 105
88 64
89 49
128 124
93 89
89 53
125 68
113 12
27 24
48 44
19 15
88 63
86 15
28 24
130 99
118 114
92 63
66 62
109 83
128 69
102 87
78 20
57 19
82 16
81 61
114 80
55 48
85 81
83 12
13 9
85 82
112 108
50 14
118 77
79 12
128 67
53 11
111 107
85 53
29 18
68 64
49 45
94 89
122 80
118 115
82 15
79 16
47 30
122 84
91 87
105 101
73 68
32 10
126 87
85 60
119 116
115 77
99 91
92 59
82 19
127 103
85 57
80 76
107 103
127 124
6 3
32 14
43 33
74 65
131 127
94 45
51 27
86 53
109 9
31 28
55 51
79 20
63 59
61 85
52 89
87 106
88 129
83 110
56 59
111 119
11 49
128 132
128 131
97 102
12 82
110 122
9 112
12 86
98 101
45 97
60 89
68 76
68 121
104 108
60 88
13 113
83 106
67 129
49 86
92 129
59 93
78 81
16 20
67 132
107 119
11 50
108 111
71 75
63 129
19 81
91 102
14 46
48 94
18 54
56 93
77 80
80 118
107 123
90 106
103 130
19 85
66 132
47 51
7 11
17 21
48 89
83 122
7 46
46 50
65 73
91 130
76 121
12 109
9 113
86 109
60 93
105 108
64 88
49 89
124 128
89 93
53 89
68 125
12 113
24 27
44 48
15 19
63 88
15 86
24 28
99 130
114 118
63 92
62 66
83 109
69 128
87 102
20 78
19 57
16 82
61 81
80 114
48 55
81 85
12 83
9 13
82 85
108 112
14 50
77 118
12 79
67 128
11 53
107 111
53 85
18 29
64 68
45 49
89 94
80 122
115 118
15 82
16 79
30 47
84 122
87 91
101 105
68 73
10 32
87 126
60 85
116 119
77 115
91 99
59 92
19 82
103 127
57 85
76 80
103 107
124 127
3 6
14 32
33 43
65 74
127 131
45 94
27 51
53 86
9 109
28 31
51 55
20 79
59 63
