115 111
110 80
75 71
126 84
138 96
107 104
60 53
137 96
48 44
44 41
127 124
82 78
31 27
21 17
118 111
60 57
99 91
82 16
129 126
73 61
30 13
117 111
28 25
86 83
85 64
35 32
122 84
89 60
50 46
16 12
81 76
111 107
105 5
114 110
128 125
126 88
84 64
123 120
35 31
42 7
10 6
30 14
61 58
89 85
85 82
118 107
47 43
113 79
29 14
113 109
57 53
133 129
93 90
68 64
34 10
83 79
42 3
123 103
119 116
51 27
26 14
9 6
64 60
18 14
7 3
14 11
11 7
134 130
134 91
122 83
29 26
45 42
82 15
114 79
131 128
25 22
11 8
101 97
82 12
43 40
134 129
45 7
46 10
18 15
89 49
42 2
120 107
89 86
55 52
33 14
80 76
51 48
122 110
85 81
38 2
61 57
29 25
49 46
118 110
102 90
42 4
45 41
21 18
39 2
83 80
63 59
59 56
134 131
48 45
125 64
115 110
126 123
69 65
20 17
55 51
73 68
66 62
97 94
124 121
30 11
84 81
138 95
126 103
105 102
119 108
135 92
72 68
83 12
72 65
88 60
85 53
121 118
118 80
108 105
92 89
102 87
133 130
8 4
122 80
112 108
94 91
17 14
33 30
22 19
15 11
46 42
86 12
130 127
33 10
46 11
52 48
73 64
67 63
38 7
64 61
93 89
78 16
13 9
112 109
113 110
109 105
130 91
132 128
19 16
91 87
81 78
137 95
127 123
97 90
33 29
29 24
115 112
13 10
54 26
78 19
30 26
73 65
138 97
97 91
134 99
12 9
17 13
75 72
30 27
129 88
103 100
102 97
68 65
43 7
134 92
25 18
132 129
120 116
34 30
10 7
85 60
89 52
46 8
125 67
123 119
110 79
119 114
104 100
88 84
76 73
107 103
94 89
126 87
110 107
57 54
125 121
87 84
53 49
95 90
65 62
52 49
38 35
29 17
56 52
119 110
123 107
106 87
15 12
129 64
133 92
14 10
114 111
135 95
90 49
72 69
30 10
124 120
104 101
24 18
34 31
76 72
121 117
50 11
120 117
85 61
103 99
88 64
91 88
125 68
38 34
37 2
92 88
46 7
8 5
22 18
130 99
131 127
12 8
95 92
108 104
50 30
88 85
29 18
119 111
123 104
106 86
105 101
71 68
16 13
51 47
76 71
128 124
109 9
47 27
95 91
106 84
31 28
56 53
53 50
50 47
9 5
43 34
41 2
26 15
82 79
81 77
60 56
65 61
125 122
119 115
89 53
109 83
138 135
86 82
39 36
110 106
129 125
44 40
109 106
67 64
49 11
122 107
85 57
138 134
7 2
7 4
28 24
77 74
54 50
43 39
122 106
33 13
90 86
32 29
106 103
37 34
49 45
62 58
102 91
110 83
94 90
20 16
118 115
87 83
47 30
81 74
43 38
117 114
46 30
90 87
126 122
42 38
86 11
116 111
66 63
62 59
54 51
24 21
118 114
84 80
79 76
79 16
32 28
130 126
128 67
122 118
135 91
102 98
106 83
119 107
42 39
86 53
129 67
6 2
46 43
26 18
138 99
50 27
138 98
19 15
127 103
81 73
111 108
122 119
106 102
63 60
47 11
50 26
101 98
6 3
103 87
47 44
102 99
80 77
111 115
80 110
71 75
84 126
96 138
104 107
53 60
96 137
44 48
41 44
124 127
78 82
27 31
17 21
111 118
57 60
91 99
16 82
126 129
61 73
13 30
111 117
25 28
83 86
64 85
32 35
84 122
60 89
46 50
12 16
76 81
107 111
5 105
110 114
125 128
88 126
64 84
120 123
31 35
7 42
6 10
14 30
58 61
85 89
82 85
107 118
43 47
79 113
14 29
109 113
53 57
129 133
90 93
64 68
10 34
79 83
3 42
103 123
116 119
27 51
14 26
6 9
60 64
14 18
3 7
11 14
7 11
130 134
91 134
83 122
26 29
42 45
15 82
79 114
128 131
22 25
8 11
97 101
12 82
40 43
129 134
7 45
10 46
15 18
49 89
2 42
107 120
86 89
52 55
14 33
76 80
48 51
110 122
81 85
2 38
57 61
25 29
46 49
110 118
90 102
4 42
41 45
18 21
2 39
80 83
59 63
56 59
131 134
45 48
64 125
110 115
123 126
65 69
17 20
51 55
68 73
62 66
94 97
121 124
11 30
81 84
95 138
103 126
102 105
108 119
92 135
68 72
12 83
65 72
60 88
53 85
118 121
80 118
105 108
89 92
87 102
130 133
4 8
80 122
108 112
91 94
14 17
30 33
19 22
11 15
42 46
12 86
127 130
10 33
11 46
48 52
64 73
63 67
7 38
61 64
89 93
16 78
9 13
109 112
110 113
105 109
91 130
128 132
16 19
87 91
78 81
95 137
123 127
90 97
29 33
24 29
112 115
10 13
26 54
19 78
26 30
65 73
97 138
91 97
99 134
9 12
13 17
72 75
27 30
88 129
100 103
97 102
65 68
7 43
92 134
18 25
129 132
116 120
30 34
7 10
60 85
52 89
8 46
67 125
119 123
79 110
114 119
100 104
84 88
73 76
103 107
89 94
87 126
107 110
54 57
121 125
84 87
49 53
90 95
62 65
49 52
35 38
17 29
52 56
110 119
107 123
87 106
12 15
64 129
92 133
10 14
111 114
95 135
49 90
69 72
10 30
120 124
101 104
18 24
31 34
72 76
117 121
11 50
117 120
61 85
99 103
64 88
88 91
68 125
34 38
2 37
88 92
7 46
5 8
18 22
99 130
127 131
8 12
92 95
104 108
30 50
85 88
18 29
111 119
104 123
86 106
101 105
68 71
13 16
47 51
71 76
124 128
9 109
27 47
91 95
84 106
28 31
53 56
50 53
47 50
5 9
34 43
2 41
15 26
79 82
77 81
56 60
61 65
122 125
115 119
53 89
83 109
135 138
82 86
36 39
106 110
125 129
40 44
106 109
64 67
11 49
107 122
57 85
134 138
2 7
4 7
24 28
74 77
50 54
39 43
106 122
13 33
86 90
29 32
103 106
34 37
45 49
58 62
91 102
83 110
90 94
16 20
115 118
83 87
30 47
74 81
38 43
114 117
30 46
87 90
122 126
38 42
11 86
111 116
63 66
59 62
51 54
21 24
114 118
80 84
76 79
16 79
28 32
126 130
67 128
118 122
91 135
98 102
83 106
107 119
39 42
53 86
67 129
2 6
43 46
18 26
99 138
27 50
98 138
15 19
103 127
73 81
108 111
119 122
102 106
60 63
11 47
26 50
98 101
3 6
87 103
44 47
99 102
77 80
