19 16
12 9
11 8
20 16
111 108
20 17
50 46
21 17
126 123
18 15
101 98
133 130
49 46
12 8
13 10
14 11
11 7
131 128
127 124
18 14
48 45
108 104
59 56
112 109
49 45
108 105
81 78
50 47
48 44
132 128
19 15
13 9
64 61
133 129
66 63
125 122
132 129
110 83
47 44
112 108
126 122
51 47
49 11
80 77
61 58
66 62
17 14
110 107
106 87
85 61
62 59
60 57
51 48
89 52
14 10
21 18
61 57
122 110
86 12
46 43
67 64
119 111
97 45
65 62
127 123
27 24
102 97
107 104
112 9
128 125
101 97
111 107
85 82
109 106
92 89
128 124
63 60
121 118
93 59
15 12
129 88
75 71
85 81
10 7
107 103
132 66
67 63
119 107
45 42
89 60
76 68
62 58
82 12
110 106
118 115
103 100
119 116
46 42
52 49
129 67
125 121
29 26
47 43
64 60
113 110
121 76
121 68
102 91
94 48
105 101
124 121
28 24
52 48
131 127
93 89
73 65
120 117
129 63
88 60
91 88
118 80
113 13
63 59
106 90
82 78
65 61
113 109
89 48
132 67
106 103
31 28
15 11
93 56
129 126
109 105
92 88
105 102
54 18
82 79
86 49
81 19
118 114
84 81
16 13
60 56
106 83
102 99
68 64
114 80
93 60
50 11
134 130
120 116
46 14
123 120
106 102
134 131
130 127
123 107
89 49
128 67
80 76
83 80
129 125
16 12
81 77
109 83
104 101
130 91
54 51
46 7
93 90
113 12
34 31
129 92
53 50
39 36
53 49
119 115
130 103
9 6
91 87
32 29
28 25
58 55
90 87
89 53
42 39
102 98
10 6
75 72
114 110
85 19
78 20
17 13
113 9
122 83
44 40
59 55
86 83
92 59
88 64
22 18
94 90
82 16
103 99
35 32
22 19
109 12
125 68
79 76
16 19
9 12
8 11
16 20
108 111
17 20
46 50
17 21
123 126
15 18
98 101
130 133
46 49
8 12
10 13
11 14
7 11
128 131
124 127
14 18
45 48
104 108
56 59
109 112
45 49
105 108
78 81
47 50
44 48
128 132
15 19
9 13
61 64
129 133
63 66
122 125
129 132
83 110
44 47
108 112
122 126
47 51
11 49
77 80
58 61
62 66
14 17
107 110
87 106
61 85
59 62
57 60
48 51
52 89
10 14
18 21
57 61
110 122
12 86
43 46
64 67
111 119
45 97
62 65
123 127
24 27
97 102
104 107
9 112
125 128
97 101
107 111
82 85
106 109
89 92
124 128
60 63
118 121
59 93
12 15
88 129
71 75
81 85
7 10
103 107
66 132
63 67
107 119
42 45
60 89
68 76
58 62
12 82
106 110
115 118
100 103
116 119
42 46
49 52
67 129
121 125
26 29
43 47
60 64
110 113
76 121
68 121
91 102
48 94
101 105
121 124
24 28
48 52
127 131
89 93
65 73
117 120
63 129
60 88
88 91
80 118
13 113
59 63
90 106
78 82
61 65
109 113
48 89
67 132
103 106
28 31
11 15
56 93
126 129
105 109
88 92
102 105
18 54
79 82
49 86
19 81
114 118
81 84
13 16
56 60
83 106
99 102
64 68
80 114
60 93
11 50
130 134
116 120
14 46
120 123
102 106
131 134
127 130
107 123
49 89
67 128
76 80
80 83
125 129
12 16
77 81
83 109
101 104
91 130
51 54
7 46
90 93
12 113
31 34
92 129
50 53
36 39
49 53
115 119
103 130
6 9
87 91
29 32
25 28
55 58
87 90
53 89
39 42
98 102
6 10
72 75
110 114
19 85
20 78
13 17
9 113
83 122
40 44
55 59
83 86
59 92
64 88
18 22
90 94
16 82
99 103
32 35
19 22
12 109
68 125
76 79
