52 23
63 59
18 13
36 33
31 7
50 38
31 19
53 34
57 39
60 52
48 40
27 22
57 54
33 7
18 15
53 25
51 21
35 30
34 31
34 9
11 6
54 34
51 38
32 18
50 24
31 14
29 7
49 40
52 25
30 9
51 23
8 4
62 58
31 20
29 3
39 25
53 28
50 40
29 20
59 56
51 37
60 25
63 60
49 39
14 5
56 52
31 12
58 54
56 53
28 22
45 41
64 61
51 24
61 57
60 56
52 35
27 24
44 24
57 52
28 2
54 37
26 23
52 39
14 6
56 23
54 35
52 38
50 41
61 58
46 24
31 10
57 53
12 7
28 8
30 21
34 10
11 7
36 32
31 18
44 41
64 60
32 21
35 32
31 21
33 10
18 14
30 7
60 57
51 22
27 2
45 42
50 46
46 42
46 41
30 22
47 42
13 5
29 14
14 7
53 23
11 8
59 25
29 22
51 35
41 25
53 8
53 30
56 26
29 4
29 8
52 26
19 14
41 24
31 9
35 31
28 4
53 26
35 21
10 7
29 23
56 39
12 6
60 39
58 55
29 21
32 19
34 7
46 40
20 14
29 2
30 8
52 37
59 55
47 40
18 12
50 39
28 23
19 16
19 15
56 25
62 59
29 6
34 30
30 23
49 38
52 24
53 35
35 23
53 9
13 6
57 37
27 23
34 8
54 9
55 26
