51 35
54 37
10 7
19 14
11 6
35 30
57 54
8 2
54 36
30 9
18 15
57 37
58 55
24 21
28 8
29 20
24 19
19 15
19 16
26 23
27 22
56 53
34 29
18 14
27 24
22 19
55 9
60 34
58 54
47 44
35 32
51 24
27 23
18 13
18 12
29 8
27 21
36 30
47 43
26 22
44 41
57 53
25 22
24 14
24 20
23 7
36 33
29 4
29 19
11 7
23 20
26 21
50 41
35 21
25 20
43 25
59 56
11 8
36 32
10 6
23 19
28 2
59 25
48 41
34 30
59 55
28 9
35 51
37 54
7 10
14 19
6 11
30 35
54 57
2 8
36 54
9 30
15 18
37 57
55 58
21 24
8 28
20 29
19 24
15 19
16 19
23 26
22 27
53 56
29 34
14 18
24 27
19 22
9 55
34 60
54 58
44 47
32 35
24 51
23 27
13 18
12 18
8 29
21 27
30 36
43 47
22 26
41 44
53 57
22 25
14 24
20 24
7 23
33 36
4 29
19 29
7 11
20 23
21 26
41 50
21 35
20 25
25 43
56 59
8 11
32 36
6 10
19 23
2 28
25 59
41 48
30 34
55 59
9 28
