51 35
54 37
30 9
24 21
35 30
28 8
8 2
57 37
19 14
54 36
10 7
29 20
18 12
55 9
24 19
59 25
11 6
51 24
26 23
43 25
34 29
60 34
21 14
24 14
36 30
27 22
22 19
58 9
23 7
35 21
19 16
56 53
29 4
19 15
28 2
60 25
29 19
50 41
59 36
33 12
32 18
27 21
18 15
50 44
55 12
59 11
54 9
23 10
47 43
28 9
29 8
59 55
51 14
52 38
27 24
60 39
52 41
27 23
47 15
37 33
58 55
51 21
27 14
62 50
18 13
53 31
49 42
36 32
54 5
34 9
29 22
60 49
40 37
25 20
48 41
31 26
47 13
46 20
38 32
60 37
39 17
26 10
37 11
15 6
42 25
58 47
25 18
31 23
38 11
55 6
25 17
25 16
18 14
62 40
32 12
49 43
14 7
11 5
48 17
46 15
35 51
37 54
9 30
21 24
30 35
8 28
2 8
37 57
14 19
36 54
7 10
20 29
12 18
9 55
19 24
25 59
6 11
24 51
23 26
25 43
29 34
34 60
14 21
14 24
30 36
22 27
19 22
9 58
7 23
21 35
16 19
53 56
4 29
15 19
2 28
25 60
19 29
41 50
36 59
12 33
18 32
21 27
15 18
44 50
12 55
11 59
9 54
10 23
43 47
9 28
8 29
55 59
14 51
38 52
24 27
39 60
41 52
23 27
15 47
33 37
55 58
21 51
14 27
50 62
13 18
31 53
42 49
32 36
5 54
9 34
22 29
49 60
37 40
20 25
41 48
26 31
13 47
20 46
32 38
37 60
17 39
10 26
11 37
6 15
25 42
47 58
18 25
23 31
11 38
6 55
17 25
16 25
14 18
40 62
12 32
43 49
7 14
5 11
17 48
15 46
