172 159
85 63
83 63
168 132
54 50
169 14
43 38
125 81
171 23
121 117
150 112
179 176
111 103
121 78
131 27
150 146
124 121
158 120
92 84
179 148
86 53
154 146
140 100
65 61
181 177
114 76
182 148
85 50
23 16
177 17
158 116
183 138
173 23
129 81
184 180
131 94
96 79
186 182
146 112
49 22
178 148
85 54
180 17
141 138
162 123
46 28
128 125
162 127
122 98
80 67
157 116
111 105
170 159
129 125
22 19
185 149
66 62
49 45
155 119
152 138
167 127
176 148
47 43
135 25
174 15
183 179
136 122
185 181
96 27
179 138
118 98
161 158
78 75
128 124
47 38
125 79
48 44
184 181
158 154
42 31
156 15
182 152
139 100
148 138
146 103
80 74
187 15
162 124
179 141
180 174
171 14
166 127
88 24
144 140
183 174
161 157
75 34
23 18
121 79
111 106
33 30
182 138
97 82
85 53
134 126
122 96
131 26
180 15
102 76
150 103
93 26
71 67
183 141
39 32
187 156
99 34
67 64
65 37
61 38
44 41
124 120
155 136
46 20
129 94
61 43
115 101
152 141
80 75
64 38
131 81
188 185
165 127
172 138
22 18
151 119
144 39
44 39
65 62
154 112
166 130
117 78
48 19
182 149
144 32
164 160
183 152
178 149
182 179
186 153
174 138
46 42
61 37
143 32
72 68
173 18
113 110
99 74
63 53
74 71
144 43
167 132
78 74
120 116
151 146
46 21
143 31
66 63
73 35
171 24
38 35
80 71
41 33
83 50
134 27
28 21
170 162
133 93
36 31
94 27
83 53
163 11
116 112
139 98
151 147
151 102
171 25
168 127
143 40
45 21
54 47
186 183
144 41
159 172
63 85
63 83
132 168
50 54
14 169
38 43
81 125
23 171
117 121
112 150
176 179
103 111
78 121
27 131
146 150
121 124
120 158
84 92
148 179
53 86
146 154
100 140
61 65
177 181
76 114
148 182
50 85
16 23
17 177
116 158
138 183
23 173
81 129
180 184
94 131
79 96
182 186
112 146
22 49
148 178
54 85
17 180
138 141
123 162
28 46
125 128
127 162
98 122
67 80
116 157
105 111
159 170
125 129
19 22
149 185
62 66
45 49
119 155
138 152
127 167
148 176
43 47
25 135
15 174
179 183
122 136
181 185
27 96
138 179
98 118
158 161
75 78
124 128
38 47
79 125
44 48
181 184
154 158
31 42
15 156
152 182
100 139
138 148
103 146
74 80
15 187
124 162
141 179
174 180
14 171
127 166
24 88
140 144
174 183
157 161
34 75
18 23
79 121
106 111
30 33
138 182
82 97
53 85
126 134
96 122
26 131
15 180
76 102
103 150
26 93
67 71
141 183
32 39
156 187
34 99
64 67
37 65
38 61
41 44
120 124
136 155
20 46
94 129
43 61
101 115
141 152
75 80
38 64
81 131
185 188
127 165
138 172
18 22
119 151
39 144
39 44
62 65
112 154
130 166
78 117
19 48
149 182
32 144
160 164
152 183
149 178
179 182
153 186
138 174
42 46
37 61
32 143
68 72
18 173
110 113
74 99
53 63
71 74
43 144
132 167
74 78
116 120
146 151
21 46
31 143
63 66
35 73
24 171
35 38
71 80
33 41
50 83
27 134
21 28
162 170
93 133
31 36
27 94
53 83
11 163
112 116
98 139
147 151
102 151
25 171
127 168
40 143
21 45
47 54
183 186
41 144
