146 103
38 32
151 146
159 123
57 52
139 119
51 47
186 182
84 27
44 40
17 3
43 36
54 38
54 43
58 38
11 8
43 33
67 64
157 153
134 25
129 27
92 23
98 31
23 20
171 133
140 118
118 99
159 155
120 117
170 12
84 28
56 47
179 175
60 51
186 153
50 47
144 104
173 136
175 20
38 30
129 94
139 136
155 138
134 131
69 65
173 19
188 184
151 141
150 146
126 123
133 24
65 36
159 8
63 59
96 80
99 34
173 16
174 17
184 181
131 93
95 92
46 21
125 122
93 84
117 113
130 127
121 118
173 28
73 34
189 186
46 38
83 50
140 31
137 28
170 136
140 100
161 120
184 4
97 65
172 15
88 85
171 15
129 125
112 107
117 76
169 11
13 5
179 148
185 182
157 116
55 51
86 51
99 76
146 140
169 134
54 44
142 41
180 3
124 120
119 115
97 32
136 20
51 48
158 155
114 111
98 77
74 65
165 10
94 26
114 76
144 31
28 20
175 42
61 57
143 41
59 56
146 107
169 133
137 31
80 64
167 130
47 38
99 74
16 2
140 102
185 181
131 27
177 17
73 65
144 101
5 2
128 124
50 21
127 123
86 52
180 174
129 81
168 12
96 30
137 42
114 101
99 32
95 28
47 30
95 46
156 153
151 138
170 14
64 61
118 100
115 76
93 88
23 19
118 115
28 23
134 27
36 33
180 176
125 96
142 138
43 38
145 102
134 28
58 47
90 87
111 106
171 25
37 33
15 5
167 127
61 32
115 100
159 13
135 25
133 27
154 116
48 45
147 103
166 126
93 27
14 2
74 36
151 148
91 24
118 76
173 23
95 27
89 86
182 152
94 82
115 112
13 7
44 38
121 77
151 147
159 156
165 127
60 56
85 50
45 41
65 61
43 31
85 57
145 140
168 132
12 6
187 6
187 156
172 155
135 20
158 116
162 123
58 54
92 26
166 130
171 134
147 105
87 50
57 51
153 150
187 184
56 53
81 68
15 2
43 40
49 46
96 28
161 158
55 39
57 48
48 44
44 41
139 29
111 107
139 118
92 27
135 23
157 154
53 48
167 11
186 156
92 84
43 32
128 125
57 53
151 140
150 112
180 175
64 60
155 151
125 79
168 10
173 135
83 60
97 36
187 152
16 3
173 20
158 120
173 17
113 109
175 17
169 14
118 98
61 47
98 30
80 61
166 131
131 26
140 115
167 162
174 18
145 142
174 15
121 98
148 141
56 51
52 48
94 27
114 100
95 29
179 138
137 29
133 25
60 57
99 77
118 101
174 16
54 39
94 81
186 183
132 126
94 84
167 123
87 49
75 34
45 42
96 79
95 30
183 15
146 105
162 158
46 28
82 50
96 81
144 100
13 8
144 103
11 7
147 107
43 30
123 120
179 174
61 58
166 127
119 98
47 43
68 64
12 7
100 76
23 18
135 16
122 98
187 4
57 38
135 27
134 29
126 27
119 116
122 29
90 24
85 82
146 101
127 124
132 26
84 50
91 26
118 77
134 96
98 78
14 4
131 127
78 69
143 40
146 115
90 22
95 83
187 3
13 4
92 88
183 179
96 27
88 83
160 156
28 21
62 35
167 133
170 123
184 3
57 47
95 82
81 64
66 62
124 79
136 28
22 18
124 121
172 138
170 11
28 25
91 88
121 117
22 19
158 121
126 96
172 137
82 57
61 36
72 62
154 151
169 132
174 137
45 21
97 74
95 87
112 108
55 47
172 152
158 154
145 104
46 42
70 65
156 152
180 16
111 101
120 77
170 167
46 20
142 31
135 29
42 30
189 185
183 174
49 21
101 76
93 83
97 79
162 127
114 110
140 101
97 61
15 4
36 32
141 138
100 31
182 179
90 21
121 79
162 11
92 87
82 64
186 149
151 115
116 112
180 177
184 180
137 20
74 34
54 47
171 23
167 132
154 150
187 15
99 78
180 17
170 133
155 139
78 74
146 111
97 80
167 164
134 26
98 29
50 46
175 18
58 39
54 40
129 126
92 28
72 65
172 14
154 112
139 100
54 48
172 13
98 79
145 141
99 75
154 119
118 114
49 45
70 66
107 103
68 65
58 36
155 119
151 139
122 96
80 69
188 4
45 40
172 16
181 177
88 84
55 38
111 108
171 14
61 38
170 134
136 29
144 141
97 81
162 159
166 129
158 119
87 84
182 148
80 68
170 135
142 42
159 119
46 43
169 12
169 25
146 142
175 19
187 183
158 123
160 157
115 111
14 5
79 74
180 15
67 63
131 94
117 114
139 98
171 13
181 178
122 119
152 148
181 3
45 20
78 75
122 27
65 62
72 35
179 176
161 157
98 32
82 60
163 10
93 26
183 152
140 103
183 138
179 141
46 30
12 5
85 51
95 81
154 115
182 149
82 61
73 35
92 21
171 16
183 148
71 65
15 3
136 122
99 33
131 126
173 137
167 134
42 31
172 136
117 77
145 103
152 138
113 110
86 50
180 18
97 30
164 127
44 39
59 55
185 149
111 103
164 10
97 82
139 115
170 13
91 87
174 138
157 119
170 159
62 36
188 185
62 59
56 52
139 31
168 133
155 136
71 66
87 28
77 74
43 39
45 19
171 135
148 138
131 125
173 18
133 26
183 180
150 147
66 63
80 32
58 55
170 8
47 39
52 49
96 29
130 126
57 54
122 79
134 122
138 31
120 116
122 118
121 78
116 113
125 121
183 172
94 28
115 101
136 119
125 81
160 8
152 149
57 46
92 25
126 122
146 141
167 131
150 107
85 60
168 11
172 135
95 50
112 109
42 20
182 178
167 126
144 102
74 69
123 119
63 60
184 15
72 66
106 103
176 17
80 74
162 124
80 65
166 132
144 140
54 51
74 32
97 29
147 141
145 105
94 83
62 58
167 10
99 31
162 120
186 152
134 126
95 84
47 44
171 136
87 21
137 30
13 6
135 28
153 149
183 3
80 36
23 16
69 66
70 67
58 37
57 50
86 49
41 31
155 152
134 123
159 11
