66 63
184 181
182 179
67 64
128 125
186 183
66 62
186 182
184 180
185 182
47 43
65 62
47 44
183 180
185 181
162 159
187 184
48 44
183 179
48 45
65 61
67 63
187 183
22 19
128 124
179 176
181 178
115 112
124 121
69 66
49 45
182 178
46 43
188 185
161 158
68 65
126 123
71 68
127 124
163 160
188 184
70 67
181 177
45 42
164 161
180 177
68 64
160 157
158 155
129 125
46 42
125 122
163 159
69 65
121 117
161 157
141 138
114 111
86 53
70 66
168 132
71 67
129 126
119 116
162 158
120 117
22 18
169 14
151 148
78 75
159 156
108 105
43 38
127 123
158 154
64 61
72 69
113 110
126 122
72 68
116 113
109 106
85 54
111 105
189 186
49 46
165 162
54 50
44 41
125 121
110 107
171 23
152 148
119 115
159 155
164 160
63 66
181 184
179 182
64 67
125 128
183 186
62 66
182 186
180 184
182 185
43 47
62 65
44 47
180 183
181 185
159 162
184 187
44 48
179 183
45 48
61 65
63 67
183 187
19 22
124 128
176 179
178 181
112 115
121 124
66 69
45 49
178 182
43 46
185 188
158 161
65 68
123 126
68 71
124 127
160 163
184 188
67 70
177 181
42 45
161 164
177 180
64 68
157 160
155 158
125 129
42 46
122 125
159 163
65 69
117 121
157 161
138 141
111 114
53 86
66 70
132 168
67 71
126 129
116 119
158 162
117 120
18 22
14 169
148 151
75 78
156 159
105 108
38 43
123 127
154 158
61 64
69 72
110 113
122 126
68 72
113 116
106 109
54 85
105 111
186 189
46 49
162 165
50 54
41 44
121 125
107 110
23 171
148 152
115 119
155 159
160 164
