66 63
184 181
182 179
67 64
128 125
186 183
66 62
186 182
184 180
185 182
47 43
65 62
47 44
183 180
185 181
162 159
187 184
48 44
183 179
48 45
65 61
67 63
187 183
22 19
128 124
179 176
181 178
115 112
124 121
69 66
49 45
182 178
46 43
188 185
161 158
68 65
126 123
71 68
127 124
163 160
188 184
70 67
181 177
45 42
164 161
180 177
68 64
160 157
158 155
129 125
46 42
125 122
163 159
69 65
121 117
161 157
141 138
114 111
86 53
70 66
168 132
71 67
129 126
119 116
162 158
120 117
22 18
169 14
151 148
78 75
159 156
108 105
43 38
127 123
158 154
64 61
72 69
113 110
126 122
72 68
116 113
109 106
85 54
111 105
189 186
49 46
165 162
54 50
44 41
125 121
110 107
171 23
152 148
119 115
159 155
164 160
54 51
53 50
150 147
153 149
156 153
120 116
86 54
152 149
124 120
160 156
43 39
85 50
177 17
42 31
151 147
180 176
131 27
189 185
78 74
157 154
114 110
96 79
143 32
33 30
111 106
85 53
23 18
121 118
115 111
55 52
172 159
111 108
83 63
44 39
111 103
155 152
140 100
74 71
50 47
107 104
45 41
85 63
42 38
173 23
171 24
42 39
123 120
166 163
144 32
122 118
130 126
50 46
112 109
130 127
116 112
110 106
170 159
93 26
166 127
143 40
23 16
80 74
143 31
121 78
44 40
125 81
179 148
111 104
167 132
52 49
183 138
108 104
143 140
92 84
150 146
39 32
157 153
142 139
180 17
153 150
23 19
180 15
110 105
79 75
167 127
144 140
122 119
7 4
178 148
158 116
42 32
144 39
125 79
176 148
47 38
165 161
63 66
181 184
179 182
64 67
125 128
183 186
62 66
182 186
180 184
182 185
43 47
62 65
44 47
180 183
181 185
159 162
184 187
44 48
179 183
45 48
61 65
63 67
183 187
19 22
124 128
176 179
178 181
112 115
121 124
66 69
45 49
178 182
43 46
185 188
158 161
65 68
123 126
68 71
124 127
160 163
184 188
67 70
177 181
42 45
161 164
177 180
64 68
157 160
155 158
125 129
42 46
122 125
159 163
65 69
117 121
157 161
138 141
111 114
53 86
66 70
132 168
67 71
126 129
116 119
158 162
117 120
18 22
14 169
148 151
75 78
156 159
105 108
38 43
123 127
154 158
61 64
69 72
110 113
122 126
68 72
113 116
106 109
54 85
105 111
186 189
46 49
162 165
50 54
41 44
121 125
107 110
23 171
148 152
115 119
155 159
160 164
51 54
50 53
147 150
149 153
153 156
116 120
54 86
149 152
120 124
156 160
39 43
50 85
17 177
31 42
147 151
176 180
27 131
185 189
74 78
154 157
110 114
79 96
32 143
30 33
106 111
53 85
18 23
118 121
111 115
52 55
159 172
108 111
63 83
39 44
103 111
152 155
100 140
71 74
47 50
104 107
41 45
63 85
38 42
23 173
24 171
39 42
120 123
163 166
32 144
118 122
126 130
46 50
109 112
127 130
112 116
106 110
159 170
26 93
127 166
40 143
16 23
74 80
31 143
78 121
40 44
81 125
148 179
104 111
132 167
49 52
138 183
104 108
140 143
84 92
146 150
32 39
153 157
139 142
17 180
150 153
19 23
15 180
105 110
75 79
127 167
140 144
119 122
4 7
148 178
116 158
32 42
39 144
79 125
148 176
38 47
161 165
