128 125
184 181
66 63
182 179
186 183
186 182
185 182
47 43
183 179
48 44
183 180
66 62
67 64
184 180
181 178
185 181
65 62
47 44
162 159
124 121
46 43
54 50
128 124
161 158
67 63
150 112
171 23
187 184
65 61
121 117
181 177
49 45
169 14
127 124
154 146
48 45
46 42
179 176
188 185
69 66
187 183
172 159
188 184
45 42
83 63
126 123
68 65
177 17
180 177
22 19
43 38
161 157
125 81
86 53
121 78
71 68
68 64
140 100
114 76
162 123
85 63
124 120
129 125
176 148
131 27
70 67
92 84
158 155
23 16
150 146
69 65
129 126
183 138
158 116
126 122
160 157
125 122
115 112
141 138
71 67
163 160
168 132
85 50
163 159
96 79
164 161
158 120
120 117
182 178
129 81
111 103
70 66
162 158
114 111
119 116
173 23
162 127
22 18
127 123
146 112
170 159
49 22
49 46
179 148
158 154
78 75
120 116
85 54
151 148
131 94
159 156
180 17
80 67
182 148
174 15
44 41
139 100
85 53
46 28
64 61
118 98
157 116
152 138
155 119
125 79
182 138
23 18
42 31
119 115
122 98
165 162
153 149
164 160
111 105
156 15
78 74
54 51
187 15
165 127
125 121
143 32
88 24
166 127
178 148
47 38
108 105
157 153
167 127
131 26
180 15
179 138
93 26
159 155
157 154
72 68
189 186
96 27
144 140
152 148
113 110
151 147
109 106
55 52
50 47
160 156
111 106
182 152
152 149
72 69
167 132
180 174
155 152
156 153
33 30
136 122
115 111
110 105
185 149
116 113
121 118
46 20
121 79
44 39
80 74
116 112
162 124
43 39
142 139
146 103
148 138
171 24
122 118
45 41
117 113
189 185
39 32
144 39
110 107
187 156
183 174
75 34
171 14
143 31
42 38
180 176
172 138
129 94
135 25
92 26
80 75
50 46
65 37
130 127
144 32
99 34
107 104
166 130
114 110
94 27
150 147
53 50
42 39
171 25
179 141
154 151
122 119
150 103
122 96
38 35
110 106
61 38
143 41
83 54
97 82
123 119
143 140
74 71
155 151
153 150
102 76
118 115
174 138
52 49
151 146
112 109
143 39
109 105
117 114
64 38
183 152
73 35
165 161
143 40
79 74
44 40
108 104
96 81
115 101
111 108
123 120
46 21
79 75
134 131
156 152
83 50
179 174
118 114
41 33
91 88
169 13
134 126
63 53
86 54
83 53
107 103
110 103
61 37
133 25
144 43
111 104
88 85
172 23
167 131
91 84
82 63
146 102
130 126
142 138
