172 159
85 63
83 63
168 132
54 50
169 14
43 38
125 81
171 23
121 117
150 112
179 176
111 103
121 78
131 27
150 146
124 121
158 120
92 84
179 148
86 53
154 146
140 100
65 61
181 177
114 76
182 148
85 50
23 16
177 17
158 116
183 138
173 23
129 81
184 180
131 94
96 79
186 182
146 112
49 22
178 148
85 54
180 17
141 138
162 123
46 28
128 125
162 127
122 98
80 67
157 116
111 105
170 159
129 125
22 19
185 149
66 62
49 45
155 119
152 138
167 127
176 148
47 43
135 25
174 15
183 179
136 122
185 181
96 27
179 138
118 98
161 158
78 75
128 124
47 38
125 79
48 44
184 181
158 154
42 31
156 15
182 152
139 100
148 138
146 103
80 74
187 15
162 124
179 141
180 174
171 14
166 127
88 24
144 140
183 174
161 157
75 34
23 18
121 79
111 106
33 30
182 138
97 82
85 53
134 126
122 96
131 26
180 15
102 76
150 103
93 26
71 67
183 141
39 32
187 156
99 34
67 64
65 37
61 38
44 41
124 120
155 136
46 20
129 94
61 43
115 101
152 141
80 75
64 38
131 81
188 185
165 127
172 138
22 18
151 119
144 39
44 39
65 62
154 112
166 130
117 78
48 19
182 149
144 32
164 160
183 152
178 149
182 179
186 153
174 138
46 42
61 37
143 32
72 68
173 18
113 110
99 74
63 53
74 71
144 43
167 132
78 74
120 116
151 146
46 21
143 31
66 63
73 35
171 24
38 35
80 71
41 33
83 50
134 27
28 21
170 162
133 93
36 31
94 27
83 53
163 11
116 112
139 98
151 147
151 102
171 25
168 127
143 40
45 21
54 47
186 183
144 41
144 38
134 122
131 126
189 153
80 36
73 68
161 120
144 99
119 47
117 113
88 28
183 172
189 185
168 12
119 115
82 64
133 25
161 116
144 31
118 99
107 103
143 44
83 54
143 39
118 79
100 31
98 74
71 68
172 155
121 98
85 80
44 31
170 163
151 141
148 141
154 116
126 122
76 34
131 96
82 63
176 138
110 103
96 81
162 159
110 105
180 127
181 113
79 74
98 77
80 72
144 100
188 184
186 152
49 21
72 67
173 20
80 73
111 104
180 177
134 131
170 13
171 16
99 76
80 68
134 29
174 137
147 103
98 79
151 136
155 151
43 37
64 47
42 39
134 125
85 66
171 18
100 33
174 141
39 33
124 78
147 102
185 108
131 125
129 79
158 123
175 142
184 15
139 119
52 47
182 176
43 32
169 13
166 129
164 161
41 31
124 109
