172 159
85 63
83 63
168 132
54 50
169 14
43 38
125 81
171 23
121 117
150 112
179 176
111 103
121 78
131 27
150 146
124 121
158 120
92 84
179 148
86 53
154 146
140 100
65 61
181 177
114 76
182 148
85 50
23 16
177 17
158 116
183 138
173 23
129 81
184 180
131 94
96 79
186 182
146 112
49 22
178 148
85 54
180 17
141 138
162 123
46 28
128 125
162 127
122 98
80 67
157 116
111 105
170 159
129 125
22 19
185 149
66 62
49 45
155 119
152 138
167 127
176 148
47 43
135 25
174 15
183 179
136 122
185 181
96 27
179 138
118 98
161 158
78 75
128 124
47 38
125 79
48 44
184 181
158 154
42 31
156 15
182 152
139 100
148 138
146 103
80 74
187 15
162 124
179 141
180 174
171 14
166 127
88 24
144 140
183 174
161 157
