78 64
20 7
80 33
79 65
74 33
81 8
19 4
78 75
32 29
80 63
67 62
21 4
23 2
81 62
77 3
21 2
15 7
82 34
17 7
72 68
71 31
65 62
18 12
72 63
83 67
20 17
61 30
82 61
32 28
79 4
43 38
82 7
14 10
70 34
79 6
40 36
83 10
35 31
73 28
83 60
83 6
44 41
45 38
10 7
83 8
75 63
81 6
76 3
39 35
39 36
72 30
62 6
60 10
41 17
45 42
40 22
73 27
59 11
65 34
68 61
65 6
81 13
84 12
36 26
36 24
35 32
36 28
81 9
20 15
67 9
14 11
81 65
61 34
67 60
16 13
36 25
36 27
58 10
82 11
62 9
41 15
33 24
36 32
59 12
9 6
44 15
84 64
64 78
7 20
33 80
65 79
33 74
8 81
4 19
75 78
29 32
63 80
62 67
4 21
2 23
62 81
3 77
2 21
7 15
34 82
7 17
68 72
31 71
62 65
12 18
63 72
67 83
17 20
30 61
61 82
28 32
4 79
38 43
7 82
10 14
34 70
6 79
36 40
10 83
31 35
28 73
60 83
6 83
41 44
38 45
7 10
8 83
63 75
6 81
3 76
35 39
36 39
30 72
6 62
10 60
17 41
42 45
22 40
27 73
11 59
34 65
61 68
6 65
13 81
12 84
26 36
24 36
32 35
28 36
9 81
15 20
9 67
11 14
65 81
34 61
60 67
13 16
25 36
27 36
10 58
11 82
9 62
15 41
24 33
32 36
12 59
6 9
15 44
64 84
