78 64
20 7
80 33
79 65
74 33
81 8
19 4
78 75
32 29
80 63
67 62
21 4
23 2
81 62
77 3
21 2
15 7
82 34
17 7
72 68
71 31
65 62
18 12
72 63
83 67
20 17
61 30
82 61
32 28
79 4
43 38
82 7
14 10
70 34
79 6
40 36
83 10
35 31
73 28
83 60
83 6
44 41
45 38
10 7
83 8
75 63
81 6
76 3
39 35
39 36
72 30
62 6
60 10
41 17
45 42
40 22
73 27
59 11
65 34
68 61
65 6
81 13
84 12
36 26
36 24
35 32
36 28
81 9
20 15
67 9
14 11
81 65
61 34
67 60
16 13
36 25
36 27
58 10
82 11
62 9
41 15
33 24
36 32
59 12
9 6
44 15
84 64
37 22
70 31
83 59
33 5
57 9
73 39
15 12
80 30
12 9
68 32
45 35
53 50
62 8
62 58
46 38
41 7
82 8
22 5
58 39
46 43
32 25
67 37
83 9
78 74
19 6
74 2
24 3
52 49
46 42
71 46
73 29
51 46
41 20
37 5
60 14
62 14
62 13
49 45
79 44
65 10
31 23
41 5
71 51
