33 30
81 63
82 8
14 11
80 62
33 5
61 34
17 7
57 54
15 5
80 33
80 30
73 29
68 30
43 14
68 63
58 47
61 50
44 14
74 28
66 63
38 34
32 24
41 16
36 33
19 5
74 24
18 6
40 15
33 24
41 14
61 52
60 49
81 65
77 4
15 11
37 5
69 51
79 64
34 31
33 3
79 6
60 52
41 38
20 17
70 51
46 43
19 7
15 12
81 61
21 4
60 54
72 29
20 4
33 28
78 75
79 63
71 31
24 3
72 30
70 31
77 2
76 2
83 62
65 62
47 44
44 38
61 30
12 9
79 4
39 36
82 5
21 5
32 29
37 34
81 8
59 49
27 24
15 7
37 22
78 64
54 50
40 37
58 49
40 36
42 38
79 65
84 10
74 32
57 49
67 60
70 34
24 2
80 61
77 3
21 3
66 62
14 10
82 11
45 42
33 22
44 37
71 30
19 4
70 29
57 48
76 3
20 5
63 30
78 4
83 59
41 15
74 30
59 48
44 11
12 7
36 32
74 29
83 7
37 15
44 41
73 28
71 29
80 74
35 32
61 33
12 8
81 62
73 27
60 57
60 53
41 37
33 29
39 35
78 74
58 48
11 7
83 11
84 9
79 3
32 27
82 7
16 13
28 25
68 61
84 8
81 6
80 4
72 63
72 68
74 3
84 58
18 15
21 2
83 8
59 44
23 2
47 14
45 38
67 62
14 7
67 52
72 69
16 7
22 2
80 5
59 11
82 6
82 59
35 31
81 7
11 8
20 15
17 12
47 43
22 5
70 30
82 15
83 60
16 12
74 33
40 20
67 53
80 63
18 12
84 59
22 3
80 6
69 52
81 5
80 3
13 10
69 30
83 9
74 63
83 61
82 37
32 28
19 6
47 11
84 60
37 33
34 30
59 47
68 52
61 49
44 15
36 24
60 50
38 35
32 25
49 34
28 24
54 51
20 7
59 50
42 39
82 61
57 50
36 22
68 62
18 7
74 27
78 3
78 63
84 11
40 22
