39 36
14 11
39 35
40 37
35 32
32 29
38 35
33 30
21 4
35 31
19 4
12 9
14 10
36 33
74 33
81 62
21 2
20 7
37 34
34 31
13 10
37 33
79 65
81 8
80 33
32 28
15 12
38 34
40 36
78 64
67 62
20 17
34 30
65 62
82 61
15 11
23 2
80 63
72 68
15 7
20 4
21 3
78 75
47 44
33 29
45 42
10 7
72 69
46 43
36 32
71 31
77 3
41 38
41 37
43 38
13 9
83 67
82 7
79 6
81 6
17 7
83 60
20 5
81 61
12 8
67 60
19 6
11 8
16 12
59 11
83 8
19 5
48 45
18 12
82 62
66 62
22 2
72 63
73 28
76 3
80 62
83 10
66 63
67 61
79 4
70 34
81 7
82 8
22 3
16 13
47 43
21 5
49 46
70 31
84 12
22 5
68 61
44 41
20 6
82 34
53 50
80 6
76 2
42 38
82 60
42 39
22 4
83 6
72 29
81 9
83 9
73 27
46 42
61 30
11 7
60 10
48 44
36 25
84 8
83 61
83 59
45 38
83 11
9 6
58 10
36 24
82 11
59 12
60 11
74 2
36 39
11 14
35 39
37 40
32 35
29 32
35 38
30 33
4 21
31 35
4 19
9 12
10 14
33 36
33 74
62 81
2 21
7 20
34 37
31 34
10 13
33 37
65 79
8 81
33 80
28 32
12 15
34 38
36 40
64 78
62 67
17 20
30 34
62 65
61 82
11 15
2 23
63 80
68 72
7 15
4 20
3 21
75 78
44 47
29 33
42 45
7 10
69 72
43 46
32 36
31 71
3 77
38 41
37 41
38 43
9 13
67 83
7 82
6 79
6 81
7 17
60 83
5 20
61 81
8 12
60 67
6 19
8 11
12 16
11 59
8 83
5 19
45 48
12 18
62 82
62 66
2 22
63 72
28 73
3 76
62 80
10 83
63 66
61 67
4 79
34 70
7 81
8 82
3 22
13 16
43 47
5 21
46 49
31 70
12 84
5 22
61 68
41 44
6 20
34 82
50 53
6 80
2 76
38 42
60 82
39 42
4 22
6 83
29 72
9 81
9 83
27 73
42 46
30 61
7 11
10 60
44 48
25 36
8 84
61 83
59 83
38 45
11 83
6 9
10 58
24 36
11 82
12 59
11 60
2 74
