35 30
59 9
67 37
32 28
78 75
31 27
89 77
63 7
88 53
28 24
56 13
66 6
60 43
58 48
80 76
58 46
22 10
85 11
67 39
87 56
80 6
91 66
41 27
87 49
82 78
73 68
31 28
27 24
67 3
91 6
56 11
81 77
85 22
57 52
76 6
56 12
64 8
43 20
18 15
14 10
63 42
72 68
74 71
90 7
91 77
60 19
62 43
91 73
44 7
43 19
24 20
72 69
84 25
93 2
74 70
60 46
64 27
52 12
65 40
72 33
75 29
76 30
75 35
72 30
92 7
61 46
83 25
91 70
86 80
23 8
61 47
79 29
61 44
96 93
21 17
33 29
86 10
55 52
94 65
83 26
87 52
23 10
81 73
24 2
79 75
48 26
39 3
89 81
83 79
80 26
96 66
65 39
63 44
23 19
25 21
64 41
73 66
81 67
74 69
85 21
24 21
53 9
80 66
48 29
81 12
55 19
78 29
57 48
95 13
75 71
91 79
103 99
31 24
73 70
25 22
57 37
89 79
59 49
20 17
64 23
92 38
84 50
71 54
70 2
58 11
50 17
77 70
90 84
81 17
46 42
12 9
94 91
91 80
62 47
78 74
58 41
18 13
44 16
58 40
37 24
27 8
46 19
18 14
49 12
92 17
67 2
82 6
87 45
33 26
90 50
52 44
61 51
66 62
76 71
48 25
37 31
80 38
102 99
95 66
60 26
