78 75
74 71
22 19
31 28
31 27
32 28
23 20
23 19
21 18
24 21
79 76
24 20
81 77
27 24
22 18
32 29
80 76
60 43
20 17
63 7
28 24
80 77
59 9
25 22
81 78
26 23
78 74
35 30
28 25
30 27
88 53
67 37
79 75
82 78
62 43
73 70
75 72
58 46
25 21
85 11
89 77
58 48
29 26
33 30
82 79
30 26
66 6
75 71
33 29
76 73
80 6
26 22
41 27
18 15
77 74
21 17
87 49
74 70
63 42
61 44
62 42
56 13
61 43
67 39
64 8
72 69
76 72
60 46
73 69
73 68
56 11
14 11
91 6
19 16
72 68
27 23
87 56
90 7
61 47
20 16
43 19
22 10
67 3
77 73
56 12
57 52
83 79
61 46
34 30
85 22
14 10
29 25
91 66
43 20
91 77
84 25
55 52
62 41
76 6
65 39
83 80
101 98
60 44
19 15
87 53
93 2
96 93
