35 30
59 9
67 37
32 28
78 75
31 27
89 77
63 7
88 53
28 24
56 13
66 6
60 43
58 48
80 76
58 46
22 10
85 11
67 39
87 56
80 6
91 66
41 27
87 49
82 78
73 68
31 28
27 24
67 3
91 6
56 11
81 77
85 22
57 52
76 6
56 12
64 8
43 20
18 15
14 10
63 42
72 68
74 71
90 7
91 77
60 19
62 43
91 73
44 7
43 19
24 20
72 69
84 25
30 35
9 59
37 67
28 32
75 78
27 31
77 89
7 63
53 88
24 28
13 56
6 66
43 60
48 58
76 80
46 58
10 22
11 85
39 67
56 87
6 80
66 91
27 41
49 87
78 82
68 73
28 31
24 27
3 67
6 91
11 56
77 81
22 85
52 57
6 76
12 56
8 64
20 43
15 18
10 14
42 63
68 72
71 74
7 90
77 91
19 60
43 62
73 91
7 44
19 43
20 24
69 72
25 84
