19 16
76 26
59 56
36 30
35 31
39 3
81 78
25 21
83 80
97 3
80 76
60 10
54 11
58 12
78 75
59 53
66 6
70 2
66 3
62 44
100 96
59 45
62 42
60 9
60 44
85 11
37 31
87 53
91 6
86 9
73 4
60 16
79 26
103 99
32 29
101 97
59 49
87 59
55 52
91 5
23 10
23 20
92 6
58 49
31 28
26 8
81 77
19 14
27 24
69 2
63 6
65 42
89 7
64 26
75 34
79 76
86 80
91 7
58 48
69 35
101 98
32 28
19 15
60 19
38 27
88 53
67 3
99 96
18 14
57 48
89 9
76 6
65 41
30 27
68 34
20 16
85 14
34 30
102 98
80 77
84 11
47 44
26 6
56 13
56 53
59 11
60 11
90 8
82 79
82 78
80 8
29 26
72 69
68 4
27 23
68 2
63 7
94 4
62 45
70 4
89 8
25 22
60 12
70 34
72 35
79 33
59 10
66 38
18 15
67 2
76 29
62 7
33 30
103 100
65 39
102 99
14 11
68 36
26 22
104 101
63 41
56 12
60 14
65 3
30 26
57 52
62 10
83 22
64 38
77 73
66 34
79 75
72 68
88 54
64 5
57 49
22 10
64 30
29 25
94 5
64 40
19 10
67 37
76 34
73 34
61 44
62 23
98 3
91 73
22 18
21 18
62 43
61 46
68 35
65 40
64 7
94 65
34 31
97 65
89 6
41 38
90 6
73 70
53 49
58 47
36 31
61 8
83 79
85 10
89 86
41 27
79 29
60 47
52 49
56 52
75 72
64 42
20 17
68 30
91 4
67 39
87 56
86 83
98 95
30 6
88 9
63 44
93 2
24 20
93 4
92 4
87 11
91 76
38 30
67 4
85 22
60 45
86 11
28 25
97 94
87 9
66 36
34 29
72 33
59 46
87 84
62 41
65 4
62 8
73 68
14 10
66 30
68 37
61 9
86 10
58 46
90 7
66 4
76 30
98 93
31 27
76 73
64 27
63 40
21 17
64 6
22 14
23 19
56 49
92 5
61 43
88 8
101 3
86 22
100 97
63 42
87 54
63 5
72 34
65 5
75 33
79 25
61 47
66 39
43 23
35 32
33 29
66 37
59 12
93 3
99 95
78 74
89 80
62 9
64 41
94 3
71 68
67 36
38 31
87 10
61 7
28 24
75 29
24 21
59 9
91 77
59 47
61 45
65 38
76 33
60 46
46 12
85 18
62 26
77 74
53 9
98 94
56 11
104 100
98 2
22 19
86 8
41 23
26 23
