35 30
59 9
67 37
32 28
78 75
31 27
89 77
63 7
88 53
28 24
56 13
66 6
60 43
58 48
80 76
58 46
22 10
85 11
67 39
87 56
80 6
91 66
41 27
87 49
82 78
73 68
31 28
27 24
67 3
91 6
56 11
81 77
85 22
57 52
76 6
56 12
64 8
43 20
18 15
14 10
63 42
72 68
74 71
90 7
91 77
60 19
62 43
91 73
44 7
43 19
24 20
72 69
84 25
93 2
74 70
60 46
64 27
52 12
65 40
72 33
75 29
76 30
75 35
72 30
92 7
61 46
83 25
91 70
86 80
23 8
61 47
79 29
61 44
96 93
21 17
33 29
86 10
55 52
94 65
83 26
87 52
23 10
81 73
24 2
79 75
48 26
39 3
89 81
83 79
80 26
96 66
65 39
63 44
23 19
25 21
64 41
73 66
81 67
74 69
85 21
24 21
53 9
80 66
48 29
81 12
55 19
78 29
