21 18
22 19
31 27
23 20
23 19
22 18
31 28
74 71
78 75
81 78
24 21
80 77
73 70
80 76
32 28
79 75
24 20
81 77
79 76
27 24
26 23
30 27
25 22
20 17
32 29
60 43
78 74
82 78
75 72
25 21
74 70
61 43
26 22
33 30
82 79
33 29
29 26
72 69
61 44
62 43
76 73
30 26
75 71
58 46
77 74
28 25
28 24
76 72
63 7
73 69
21 17
63 42
62 42
18 21
19 22
27 31
20 23
19 23
18 22
28 31
71 74
75 78
78 81
21 24
77 80
70 73
76 80
28 32
75 79
20 24
77 81
76 79
24 27
23 26
27 30
22 25
17 20
29 32
43 60
74 78
78 82
72 75
21 25
70 74
43 61
22 26
30 33
79 82
29 33
26 29
69 72
44 61
43 62
73 76
26 30
71 75
46 58
74 77
25 28
24 28
72 76
7 63
69 73
17 21
42 63
42 62
