21 18
22 19
31 27
23 20
23 19
22 18
31 28
74 71
78 75
81 78
24 21
80 77
73 70
80 76
32 28
79 75
24 20
81 77
79 76
27 24
26 23
30 27
25 22
20 17
32 29
60 43
78 74
82 78
75 72
25 21
74 70
61 43
26 22
33 30
82 79
33 29
29 26
72 69
61 44
62 43
76 73
30 26
75 71
58 46
77 74
28 25
28 24
76 72
63 7
73 69
21 17
63 42
62 42
77 73
67 37
34 30
19 16
20 16
88 53
18 15
104 101
29 25
72 68
103 100
58 48
35 30
62 44
14 11
61 46
27 23
34 31
63 8
56 13
60 44
85 11
60 46
63 43
60 47
61 47
55 52
59 48
104 100
59 9
73 68
63 41
58 47
83 79
64 8
64 7
83 80
94 91
96 93
91 6
102 99
90 7
14 10
101 98
67 39
56 11
61 45
57 48
80 6
89 77
19 15
12 9
56 12
85 22
87 53
65 40
59 46
45 42
87 56
18 14
62 41
84 81
65 39
100 97
86 11
87 49
64 42
15 12
22 10
57 11
62 8
91 7
57 52
35 32
66 6
86 10
63 44
95 92
16 13
74 69
64 41
102 98
85 10
59 47
43 19
91 77
66 39
76 6
54 51
84 25
62 45
53 50
60 45
87 52
13 10
62 47
71 68
83 25
90 77
12 8
5 2
16 12
41 27
67 3
6 3
11 8
43 20
18 21
19 22
27 31
20 23
19 23
18 22
28 31
71 74
75 78
78 81
21 24
77 80
70 73
76 80
28 32
75 79
20 24
77 81
76 79
24 27
23 26
27 30
22 25
17 20
29 32
43 60
74 78
78 82
72 75
21 25
70 74
43 61
22 26
30 33
79 82
29 33
26 29
69 72
44 61
43 62
73 76
26 30
71 75
46 58
74 77
25 28
24 28
72 76
7 63
69 73
17 21
42 63
42 62
73 77
37 67
30 34
16 19
16 20
53 88
15 18
101 104
25 29
68 72
100 103
48 58
30 35
44 62
11 14
46 61
23 27
31 34
8 63
13 56
44 60
11 85
46 60
43 63
47 60
47 61
52 55
48 59
100 104
9 59
68 73
41 63
47 58
79 83
8 64
7 64
80 83
91 94
93 96
6 91
99 102
7 90
10 14
98 101
39 67
11 56
45 61
48 57
6 80
77 89
15 19
9 12
12 56
22 85
53 87
40 65
46 59
42 45
56 87
14 18
41 62
81 84
39 65
97 100
11 86
49 87
42 64
12 15
10 22
11 57
8 62
7 91
52 57
32 35
6 66
10 86
44 63
92 95
13 16
69 74
41 64
98 102
10 85
47 59
19 43
77 91
39 66
6 76
51 54
25 84
45 62
50 53
45 60
52 87
10 13
47 62
68 71
25 83
77 90
8 12
2 5
12 16
27 41
3 67
3 6
8 11
20 43
