103 53
94 65
97 40
99 62
100 37
96 63
99 95
42 39
102 58
103 36
93 62
100 59
101 38
25 22
46 43
94 63
108 105
100 35
110 106
92 47
66 47
92 43
94 43
97 61
93 45
108 32
71 61
98 39
49 46
98 40
115 111
93 64
71 63
102 33
98 37
92 65
89 51
44 38
62 57
96 71
95 42
73 61
104 33
96 61
116 25
23 13
92 46
89 45
26 13
58 35
76 72
72 64
100 58
103 55
111 108
91 64
101 55
99 57
115 28
25 21
116 28
124 120
89 82
74 59
114 110
103 34
127 124
77 54
78 55
101 36
101 62
121 114
99 38
118 25
31 27
95 38
62 44
111 32
67 47
72 57
88 50
78 72
94 41
106 86
76 73
105 53
31 28
128 124
113 109
32 28
102 35
53 36
120 117
99 44
125 121
130 80
99 61
93 78
42 38
122 20
30 27
78 62
119 112
83 54
92 67
55 44
62 38
70 64
97 59
27 23
95 39
89 79
65 43
27 9
111 107
109 54
130 126
88 85
90 81
82 51
106 83
58 33
95 41
85 81
120 113
91 45
104 56
104 54
30 26
105 52
126 122
78 44
101 44
