31 28
25 22
115 111
100 37
26 23
103 53
124 121
71 63
94 63
92 65
30 27
114 111
99 37
102 35
93 64
98 37
101 36
32 28
92 64
100 36
128 124
125 122
42 39
100 35
113 110
93 62
114 110
71 61
127 124
111 108
112 109
103 36
128 125
94 65
103 55
125 121
112 108
32 29
46 43
27 24
102 34
25 21
124 120
110 106
129 126
110 107
111 107
103 34
120 117
31 27
92 43
102 33
113 109
123 120
89 51
93 63
101 35
108 32
28 25
116 112
109 106
115 112
76 72
101 38
122 119
96 63
92 47
99 38
108 105
98 39
71 62
126 123
127 123
96 61
101 55
42 38
27 23
66 47
116 25
129 125
76 73
103 54
23 13
104 33
94 62
100 58
121 118
102 58
49 46
102 56
102 55
26 22
91 64
99 95
33 29
130 126
94 43
26 13
126 122
116 113
95 62
95 42
104 54
62 57
100 59
99 62
29 26
92 46
33 30
89 45
30 26
70 64
115 28
94 64
72 64
98 40
130 127
14 11
99 57
96 71
88 50
72 62
29 25
78 55
97 61
97 40
93 45
73 61
94 41
103 33
111 32
93 43
44 38
89 82
94 42
104 53
91 65
105 53
116 28
98 38
14 10
28 24
101 37
101 56
101 57
70 63
95 41
77 54
15 12
122 118
100 38
121 117
93 65
58 35
123 119
72 57
13 10
62 44
118 25
72 63
34 30
93 44
103 35
7 4
74 59
102 36
92 67
103 56
67 47
105 52
104 34
72 61
15 11
6 3
121 114
95 63
120 116
78 72
47 44
5 2
69 63
71 64
92 66
8 5
89 49
99 39
96 40
122 20
100 57
95 38
95 61
109 105
88 85
96 41
77 55
26 21
95 39
34 31
130 80
28 31
22 25
111 115
37 100
23 26
53 103
121 124
63 71
63 94
65 92
27 30
111 114
37 99
35 102
64 93
37 98
36 101
28 32
64 92
36 100
124 128
122 125
39 42
35 100
110 113
62 93
110 114
61 71
124 127
108 111
109 112
36 103
125 128
65 94
55 103
121 125
108 112
29 32
43 46
24 27
34 102
21 25
120 124
106 110
126 129
107 110
107 111
34 103
117 120
27 31
43 92
33 102
109 113
120 123
51 89
63 93
35 101
32 108
25 28
112 116
106 109
112 115
72 76
38 101
119 122
63 96
47 92
38 99
105 108
39 98
62 71
123 126
123 127
61 96
55 101
38 42
23 27
47 66
25 116
125 129
73 76
54 103
13 23
33 104
62 94
58 100
118 121
58 102
46 49
56 102
55 102
22 26
64 91
95 99
29 33
126 130
43 94
13 26
122 126
113 116
62 95
42 95
54 104
57 62
59 100
62 99
26 29
46 92
30 33
45 89
26 30
64 70
28 115
64 94
64 72
40 98
127 130
11 14
57 99
71 96
50 88
62 72
25 29
55 78
61 97
40 97
45 93
61 73
41 94
33 103
32 111
43 93
38 44
82 89
42 94
53 104
65 91
53 105
28 116
38 98
10 14
24 28
37 101
56 101
57 101
63 70
41 95
54 77
12 15
118 122
38 100
117 121
65 93
35 58
119 123
57 72
10 13
44 62
25 118
63 72
30 34
44 93
35 103
4 7
59 74
36 102
67 92
56 103
47 67
52 105
34 104
61 72
11 15
3 6
114 121
63 95
116 120
72 78
44 47
2 5
63 69
64 71
66 92
5 8
49 89
39 99
40 96
20 122
57 100
38 95
61 95
105 109
85 88
41 96
55 77
21 26
39 95
31 34
80 130
