103 53
94 65
97 40
99 62
100 37
96 63
99 95
42 39
102 58
103 36
93 62
100 59
101 38
25 22
46 43
94 63
108 105
100 35
110 106
92 47
66 47
92 43
94 43
97 61
93 45
108 32
71 61
98 39
49 46
98 40
115 111
93 64
71 63
102 33
98 37
92 65
89 51
44 38
62 57
96 71
95 42
73 61
104 33
96 61
116 25
23 13
92 46
89 45
26 13
58 35
76 72
72 64
100 58
103 55
111 108
91 64
101 55
99 57
115 28
25 21
116 28
124 120
89 82
74 59
114 110
103 34
127 124
77 54
78 55
101 36
101 62
121 114
99 38
118 25
31 27
95 38
62 44
111 32
67 47
72 57
88 50
78 72
94 41
106 86
76 73
105 53
31 28
128 124
113 109
32 28
102 35
53 36
120 117
99 44
125 121
130 80
99 61
93 78
42 38
122 20
30 27
78 62
119 112
83 54
92 67
55 44
62 38
70 64
97 59
27 23
95 39
89 79
65 43
27 9
111 107
109 54
130 126
88 85
90 81
82 51
106 83
58 33
95 41
85 81
120 113
91 45
104 56
104 54
30 26
105 52
126 122
78 44
101 44
28 25
27 24
19 16
93 89
123 109
77 56
106 52
95 62
89 49
120 114
26 21
122 17
56 15
95 44
108 34
14 10
120 116
112 29
91 82
129 126
69 63
91 81
58 11
89 80
93 80
26 23
96 40
123 113
72 62
106 53
74 57
15 11
118 114
112 32
98 95
115 112
90 82
129 85
86 50
76 57
112 109
102 56
98 59
33 30
90 79
122 119
121 110
55 38
118 22
126 77
110 86
34 30
83 51
128 125
13 9
103 100
101 95
26 18
28 24
69 66
121 117
121 118
119 17
119 25
79 51
124 121
53 103
65 94
40 97
62 99
37 100
63 96
95 99
39 42
58 102
36 103
62 93
59 100
38 101
22 25
43 46
63 94
105 108
35 100
106 110
47 92
47 66
43 92
43 94
61 97
45 93
32 108
61 71
39 98
46 49
40 98
111 115
64 93
63 71
33 102
37 98
65 92
51 89
38 44
57 62
71 96
42 95
61 73
33 104
61 96
25 116
13 23
46 92
45 89
13 26
35 58
72 76
64 72
58 100
55 103
108 111
64 91
55 101
57 99
28 115
21 25
28 116
120 124
82 89
59 74
110 114
34 103
124 127
54 77
55 78
36 101
62 101
114 121
38 99
25 118
27 31
38 95
44 62
32 111
47 67
57 72
50 88
72 78
41 94
86 106
73 76
53 105
28 31
124 128
109 113
28 32
35 102
36 53
117 120
44 99
121 125
80 130
61 99
78 93
38 42
20 122
27 30
62 78
112 119
54 83
67 92
44 55
38 62
64 70
59 97
23 27
39 95
79 89
43 65
9 27
107 111
54 109
126 130
85 88
81 90
51 82
83 106
33 58
41 95
81 85
113 120
45 91
56 104
54 104
26 30
52 105
122 126
44 78
44 101
25 28
24 27
16 19
89 93
109 123
56 77
52 106
62 95
49 89
114 120
21 26
17 122
15 56
44 95
34 108
10 14
116 120
29 112
82 91
126 129
63 69
81 91
11 58
80 89
80 93
23 26
40 96
113 123
62 72
53 106
57 74
11 15
114 118
32 112
95 98
112 115
82 90
85 129
50 86
57 76
109 112
56 102
59 98
30 33
79 90
119 122
110 121
38 55
22 118
77 126
86 110
30 34
51 83
125 128
9 13
100 103
95 101
18 26
24 28
66 69
117 121
118 121
17 119
25 119
51 79
121 124
