31 28
124 121
32 28
30 27
94 63
26 23
93 64
25 22
99 37
125 122
93 63
101 35
100 37
113 110
94 64
129 126
114 111
101 36
92 65
32 29
100 35
42 39
93 65
100 36
115 111
102 34
102 35
102 36
127 124
103 35
128 125
125 121
92 64
124 120
112 109
103 54
27 24
101 37
115 112
71 63
103 34
110 107
116 112
31 27
113 109
114 110
112 108
126 122
129 125
126 123
95 63
76 73
111 108
33 30
123 120
128 124
103 55
26 22
127 123
103 53
71 62
100 38
116 113
102 55
120 117
121 118
28 25
93 62
49 46
72 63
98 37
27 23
94 42
99 38
108 105
111 107
71 64
122 119
29 26
104 34
101 55
102 33
109 106
110 106
94 43
25 21
14 11
91 65
92 66
104 54
130 127
94 62
130 126
46 43
91 64
97 40
71 61
102 56
101 56
30 26
33 29
92 46
70 63
72 62
104 55
104 53
92 47
13 10
98 39
76 72
95 42
103 56
100 59
104 33
92 43
98 38
15 12
96 62
98 40
100 58
99 39
97 61
103 36
123 119
89 51
95 62
96 61
102 57
28 24
70 64
6 3
121 117
96 63
28 31
121 124
28 32
27 30
63 94
23 26
64 93
22 25
37 99
122 125
63 93
35 101
37 100
110 113
64 94
126 129
111 114
36 101
65 92
29 32
35 100
39 42
65 93
36 100
111 115
34 102
35 102
36 102
124 127
35 103
125 128
121 125
64 92
120 124
109 112
54 103
24 27
37 101
112 115
63 71
34 103
107 110
112 116
27 31
109 113
110 114
108 112
122 126
125 129
123 126
63 95
73 76
108 111
30 33
120 123
124 128
55 103
22 26
123 127
53 103
62 71
38 100
113 116
55 102
117 120
118 121
25 28
62 93
46 49
63 72
37 98
23 27
42 94
38 99
105 108
107 111
64 71
119 122
26 29
34 104
55 101
33 102
106 109
106 110
43 94
21 25
11 14
65 91
66 92
54 104
127 130
62 94
126 130
43 46
64 91
40 97
61 71
56 102
56 101
26 30
29 33
46 92
63 70
62 72
55 104
53 104
47 92
10 13
39 98
72 76
42 95
56 103
59 100
33 104
43 92
38 98
12 15
62 96
40 98
58 100
39 99
61 97
36 103
119 123
51 89
62 95
61 96
57 102
24 28
64 70
3 6
117 121
63 96
