31 28
124 121
32 28
30 27
94 63
26 23
93 64
25 22
99 37
125 122
93 63
101 35
100 37
113 110
94 64
129 126
114 111
101 36
92 65
32 29
100 35
42 39
93 65
100 36
115 111
102 34
102 35
102 36
127 124
103 35
128 125
125 121
92 64
124 120
112 109
103 54
27 24
101 37
115 112
71 63
103 34
110 107
116 112
31 27
113 109
114 110
112 108
126 122
129 125
126 123
95 63
76 73
111 108
33 30
123 120
128 124
103 55
26 22
127 123
103 53
71 62
100 38
116 113
102 55
120 117
121 118
28 31
121 124
28 32
27 30
63 94
23 26
64 93
22 25
37 99
122 125
63 93
35 101
37 100
110 113
64 94
126 129
111 114
36 101
65 92
29 32
35 100
39 42
65 93
36 100
111 115
34 102
35 102
36 102
124 127
35 103
125 128
121 125
64 92
120 124
109 112
54 103
24 27
37 101
112 115
63 71
34 103
107 110
112 116
27 31
109 113
110 114
108 112
122 126
125 129
123 126
63 95
73 76
108 111
30 33
120 123
124 128
55 103
22 26
123 127
53 103
62 71
38 100
113 116
55 102
117 120
118 121
