103 53
94 65
97 40
99 62
100 37
96 63
99 95
42 39
102 58
103 36
93 62
100 59
101 38
25 22
46 43
94 63
108 105
100 35
110 106
92 47
66 47
92 43
94 43
97 61
93 45
108 32
71 61
98 39
49 46
98 40
115 111
93 64
71 63
102 33
98 37
92 65
89 51
44 38
62 57
96 71
95 42
73 61
104 33
96 61
116 25
23 13
92 46
89 45
26 13
58 35
76 72
72 64
100 58
103 55
111 108
91 64
101 55
99 57
115 28
25 21
116 28
124 120
89 82
74 59
114 110
103 34
53 103
65 94
40 97
62 99
37 100
63 96
95 99
39 42
58 102
36 103
62 93
59 100
38 101
22 25
43 46
63 94
105 108
35 100
106 110
47 92
47 66
43 92
43 94
61 97
45 93
32 108
61 71
39 98
46 49
40 98
111 115
64 93
63 71
33 102
37 98
65 92
51 89
38 44
57 62
71 96
42 95
61 73
33 104
61 96
25 116
13 23
46 92
45 89
13 26
35 58
72 76
64 72
58 100
55 103
108 111
64 91
55 101
57 99
28 115
21 25
28 116
120 124
82 89
59 74
110 114
34 103
