129 126
102 34
92 47
35 8
127 124
102 57
83 54
78 54
93 63
103 55
89 81
60 57
31 27
115 25
123 120
100 58
93 45
101 57
57 15
28 25
105 53
87 82
86 83
74 15
98 38
118 20
101 55
70 64
112 25
104 33
114 110
88 82
119 112
74 60
80 55
101 37
111 107
29 26
116 21
91 46
104 54
113 109
95 40
109 104
123 80
93 65
99 95
62 57
99 40
75 15
85 82
92 65
71 61
82 50
99 57
94 63
89 50
119 116
95 38
9 6
75 58
98 95
11 7
25 21
96 62
83 79
10 6
7 3
14 11
88 49
128 125
71 64
101 56
73 57
104 53
75 57
85 81
99 62
87 50
87 81
92 89
89 49
96 63
95 44
91 47
77 56
103 33
26 21
61 57
18 15
92 66
49 46
56 15
58 11
88 50
95 39
101 38
71 62
11 8
98 37
99 39
93 62
83 80
25 22
94 62
102 36
94 44
112 108
99 58
72 63
117 113
89 46
121 118
15 11
8 4
102 58
73 61
98 60
84 81
96 71
120 114
58 14
103 34
89 79
33 30
100 37
108 105
97 60
106 53
73 59
77 54
112 29
95 43
22 19
69 65
35 4
126 123
124 121
130 127
20 17
105 32
91 66
102 33
127 81
79 53
88 48
5 2
19 16
102 55
127 80
104 55
127 123
103 56
113 110
79 51
83 52
99 37
125 121
92 45
96 40
109 105
75 14
13 9
80 54
31 28
103 54
12 9
95 41
82 51
100 57
115 112
99 60
95 61
92 43
14 10
30 26
30 27
80 53
92 64
124 84
69 64
30 5
97 62
72 61
15 12
101 59
75 16
116 113
120 116
74 58
58 12
76 73
27 24
90 82
94 65
123 119
76 56
10 7
112 109
101 35
110 107
93 47
81 78
93 64
26 22
103 36
96 60
102 11
98 40
68 65
79 45
90 48
27 23
31 5
108 32
88 47
13 10
105 52
12 8
116 112
74 14
98 41
120 117
58 15
72 62
73 62
91 65
90 47
98 61
70 63
114 111
101 58
97 39
72 64
26 23
69 63
77 57
83 53
92 44
74 59
108 104
106 52
97 61
108 29
33 29
100 38
89 45
124 120
8 5
34 4
76 72
121 117
75 17
78 55
44 38
33 8
104 32
101 36
89 82
109 106
110 106
30 12
9 5
119 20
96 61
99 61
96 41
92 46
76 57
89 51
129 125
102 35
86 82
82 79
128 124
93 46
77 72
106 54
125 122
16 13
99 96
70 65
74 61
94 64
94 41
21 18
91 64
32 29
102 56
88 51
90 87
97 41
94 43
100 36
93 44
59 14
117 114
105 33
30 8
87 51
32 28
119 113
79 55
18 13
42 38
122 118
42 39
99 38
130 126
84 80
111 108
89 47
94 45
6 3
79 54
95 42
98 39
95 63
106 83
19 15
100 59
82 52
18 12
126 122
86 81
70 66
72 57
109 53
105 54
103 35
94 42
93 43
49 45
97 40
69 66
26 18
104 34
119 17
91 45
90 81
6 2
87 83
100 35
28 24
103 53
120 113
76 15
7 4
122 119
78 56
127 84
89 48
83 51
46 43
75 56
74 57
99 59
54 51
91 48
120 112
29 25
95 62
115 111
73 60
77 55
80 77
30 9
100 60
71 63
51 45
126 129
34 102
47 92
8 35
124 127
57 102
54 83
54 78
63 93
55 103
81 89
57 60
27 31
25 115
120 123
58 100
45 93
57 101
15 57
25 28
53 105
82 87
83 86
15 74
38 98
20 118
55 101
64 70
25 112
33 104
110 114
82 88
112 119
60 74
55 80
37 101
107 111
26 29
21 116
46 91
54 104
109 113
40 95
104 109
80 123
65 93
95 99
57 62
40 99
15 75
82 85
65 92
61 71
50 82
57 99
63 94
50 89
116 119
38 95
6 9
58 75
95 98
7 11
21 25
62 96
79 83
6 10
3 7
11 14
49 88
125 128
64 71
56 101
57 73
53 104
57 75
81 85
62 99
50 87
81 87
89 92
49 89
63 96
44 95
47 91
56 77
33 103
21 26
57 61
15 18
66 92
46 49
15 56
11 58
50 88
39 95
38 101
62 71
8 11
37 98
39 99
62 93
80 83
22 25
62 94
36 102
44 94
108 112
58 99
63 72
113 117
46 89
118 121
11 15
4 8
58 102
61 73
60 98
81 84
71 96
114 120
14 58
34 103
79 89
30 33
37 100
105 108
60 97
53 106
59 73
54 77
29 112
43 95
19 22
65 69
4 35
123 126
121 124
127 130
17 20
32 105
66 91
33 102
81 127
53 79
48 88
2 5
16 19
55 102
80 127
55 104
123 127
56 103
110 113
51 79
52 83
37 99
121 125
45 92
40 96
105 109
14 75
9 13
54 80
28 31
54 103
9 12
41 95
51 82
57 100
112 115
60 99
61 95
43 92
10 14
26 30
27 30
53 80
64 92
84 124
64 69
5 30
62 97
61 72
12 15
59 101
16 75
113 116
116 120
58 74
12 58
73 76
24 27
82 90
65 94
119 123
56 76
7 10
109 112
35 101
107 110
47 93
78 81
64 93
22 26
36 103
60 96
11 102
40 98
65 68
45 79
48 90
23 27
5 31
32 108
47 88
10 13
52 105
8 12
112 116
14 74
41 98
117 120
15 58
62 72
62 73
65 91
47 90
61 98
63 70
111 114
58 101
39 97
64 72
23 26
63 69
57 77
53 83
44 92
59 74
104 108
52 106
61 97
29 108
29 33
38 100
45 89
120 124
5 8
4 34
72 76
117 121
17 75
55 78
38 44
8 33
32 104
36 101
82 89
106 109
106 110
12 30
5 9
20 119
61 96
61 99
41 96
46 92
57 76
51 89
125 129
35 102
82 86
79 82
124 128
46 93
72 77
54 106
122 125
13 16
96 99
65 70
61 74
64 94
41 94
18 21
64 91
29 32
56 102
51 88
87 90
41 97
43 94
36 100
44 93
14 59
114 117
33 105
8 30
51 87
28 32
113 119
55 79
13 18
38 42
118 122
39 42
38 99
126 130
80 84
108 111
47 89
45 94
3 6
54 79
42 95
39 98
63 95
83 106
15 19
59 100
52 82
12 18
122 126
81 86
66 70
57 72
53 109
54 105
35 103
42 94
43 93
45 49
40 97
66 69
18 26
34 104
17 119
45 91
81 90
2 6
83 87
35 100
24 28
53 103
113 120
15 76
4 7
119 122
56 78
84 127
48 89
51 83
43 46
56 75
57 74
59 99
51 54
48 91
112 120
25 29
62 95
111 115
60 73
55 77
77 80
9 30
60 100
63 71
45 51
