171 30
177 46
156 151
87 33
83 78
78 49
67 63
110 14
28 12
156 153
86 49
70 64
76 52
52 27
75 71
73 70
48 30
82 79
172 32
176 32
74 59
178 158
179 9
79 54
171 48
84 80
66 63
65 61
115 26
173 34
175 170
137 106
176 34
33 8
163 158
42 37
83 51
87 31
184 36
180 36
108 105
180 176
83 49
39 6
174 171
26 16
171 50
134 112
116 12
119 27
106 103
66 62
119 80
45 35
65 62
173 48
169 155
90 47
54 27
82 78
86 47
183 7
46 43
35 6
170 13
178 165
64 59
161 145
67 29
189 185
36 9
73 50
76 73
170 11
180 9
91 87
80 27
77 50
35 8
89 85
90 33
87 47
188 185
122 119
90 35
94 35
175 13
25 18
134 108
173 32
122 27
86 78
184 181
77 49
182 157
71 58
142 138
181 163
161 157
63 60
71 59
90 45
51 31
177 173
141 137
29 15
121 118
182 158
119 84
177 174
31 12
71 64
170 111
122 118
48 32
176 9
94 8
74 69
110 107
173 46
120 84
115 28
183 137
115 16
47 33
186 141
179 154
51 28
89 86
40 37
111 11
125 85
120 88
87 10
145 141
186 144
184 180
174 169
117 112
83 31
111 13
73 69
69 50
74 53
169 165
181 177
180 34
77 73
119 28
94 6
175 11
123 119
146 142
186 145
74 71
92 89
80 53
187 183
179 176
115 17
183 9
26 18
175 111
60 26
64 60
152 138
159 156
141 138
43 34
165 158
140 136
115 14
186 161
185 161
106 102
80 28
93 89
156 152
75 52
178 174
79 52
91 10
44 35
182 161
127 117
83 80
176 173
181 178
83 77
115 19
64 61
85 81
53 27
90 87
77 52
50 30
67 59
137 107
91 8
141 136
111 12
73 64
118 24
182 154
44 39
185 182
55 27
171 73
59 29
185 181
105 102
71 63
111 107
63 59
175 172
24 18
87 49
71 54
115 12
71 60
94 39
188 184
90 8
63 29
174 165
74 60
125 120
77 51
73 29
60 15
157 141
120 80
84 28
81 54
179 108
122 80
178 167
152 141
27 15
169 158
94 90
88 85
139 136
140 137
86 83
69 64
182 163
87 83
80 51
67 62
174 168
74 29
53 29
179 137
105 7
55 26
178 169
71 57
115 15
92 88
69 66
112 10
105 10
152 142
44 37
181 166
78 50
57 54
183 179
152 146
88 84
59 16
85 79
186 140
43 36
137 134
63 16
107 103
180 43
110 63
36 7
127 120
107 14
123 80
144 141
184 43
160 148
172 30
189 145
120 91
189 186
161 141
157 137
60 29
101 97
37 6
33 10
90 46
38 7
173 30
