90 87
186 182
187 184
186 183
188 185
184 181
187 183
88 85
121 118
89 86
91 87
185 182
66 63
92 89
122 119
82 79
188 184
66 62
181 178
88 84
142 139
185 181
179 176
178 175
141 138
90 86
177 174
91 88
89 85
73 70
122 118
87 84
183 180
65 62
182 179
141 137
184 180
176 173
67 63
74 71
143 140
63 60
64 61
83 80
178 174
144 141
123 120
189 186
183 179
159 156
86 83
180 176
48 30
92 88
180 177
84 80
33 8
75 72
35 8
123 119
181 177
110 14
177 46
65 61
156 153
171 30
42 37
189 185
142 138
64 60
75 71
175 172
179 175
156 151
171 48
145 141
87 83
140 137
67 64
121 117
82 78
52 27
93 89
28 12
145 142
178 158
184 36
161 158
182 178
70 64
78 49
74 59
63 59
160 157
79 54
83 79
47 33
115 26
73 69
86 49
180 36
137 106
76 73
177 173
35 6
143 139
39 6
163 158
174 171
176 32
86 82
77 73
175 170
85 82
36 9
93 90
84 81
87 33
119 80
179 9
45 35
76 52
48 32
172 32
83 51
161 157
94 35
83 49
85 81
176 34
35 7
77 49
170 13
160 156
144 140
110 107
87 31
140 136
169 155
86 47
90 33
183 7
67 29
139 136
146 142
170 11
116 12
134 112
26 16
120 117
74 70
134 108
25 18
83 78
76 72
64 59
119 27
146 143
71 59
54 27
173 48
94 6
182 157
176 172
157 154
178 165
34 8
90 47
119 84
36 7
46 43
175 171
77 50
71 58
124 121
158 155
44 35
47 32
173 34
29 15
86 78
159 155
77 74
181 163
71 64
161 145
175 13
173 46
53 27
124 120
73 50
171 50
174 169
111 107
180 34
77 52
31 12
173 32
48 31
80 27
49 31
169 165
90 35
106 103
108 105
90 45
162 159
94 8
101 98
74 53
186 144
24 18
182 158
111 11
40 37
156 152
74 69
120 116
75 52
51 28
43 35
120 84
125 85
68 65
80 53
46 33
68 64
169 166
165 158
170 111
111 108
115 28
174 170
179 154
175 11
43 34
190 187
87 47
117 112
185 161
186 145
43 36
51 31
112 109
87 10
115 16
190 186
69 50
115 14
111 12
26 15
46 34
77 51
50 30
122 27
158 154
111 13
94 90
78 50
69 64
33 9
183 137
109 106
176 9
79 52
172 31
74 52
55 27
79 53
152 138
163 159
119 116
34 9
119 28
139 135
137 107
78 52
120 88
115 12
106 102
180 9
36 6
172 48
26 18
157 153
41 37
110 13
115 17
49 30
116 113
38 6
196 193
197 194
115 19
168 165
36 8
162 158
80 54
186 161
27 15
87 90
182 186
184 187
183 186
185 188
181 184
183 187
85 88
118 121
86 89
87 91
182 185
63 66
89 92
119 122
79 82
184 188
62 66
178 181
84 88
139 142
181 185
176 179
175 178
138 141
86 90
174 177
88 91
85 89
70 73
118 122
84 87
180 183
62 65
179 182
137 141
180 184
173 176
63 67
71 74
140 143
60 63
61 64
80 83
174 178
141 144
120 123
186 189
179 183
156 159
83 86
176 180
30 48
88 92
177 180
80 84
8 33
72 75
8 35
119 123
177 181
14 110
46 177
61 65
153 156
30 171
37 42
185 189
138 142
60 64
71 75
172 175
175 179
151 156
48 171
141 145
83 87
137 140
64 67
117 121
78 82
27 52
89 93
12 28
142 145
158 178
36 184
158 161
178 182
64 70
49 78
59 74
59 63
157 160
54 79
79 83
33 47
26 115
69 73
49 86
36 180
106 137
73 76
173 177
6 35
139 143
6 39
158 163
171 174
32 176
82 86
73 77
170 175
82 85
9 36
90 93
81 84
33 87
80 119
9 179
35 45
52 76
32 48
32 172
51 83
157 161
35 94
49 83
81 85
34 176
7 35
49 77
13 170
156 160
140 144
107 110
31 87
136 140
155 169
47 86
33 90
7 183
29 67
136 139
142 146
11 170
12 116
112 134
16 26
117 120
70 74
108 134
18 25
78 83
72 76
59 64
27 119
143 146
59 71
27 54
48 173
6 94
157 182
172 176
154 157
165 178
8 34
47 90
84 119
7 36
43 46
171 175
50 77
58 71
121 124
155 158
35 44
32 47
34 173
15 29
78 86
155 159
74 77
163 181
64 71
145 161
13 175
46 173
27 53
120 124
50 73
50 171
169 174
107 111
34 180
52 77
12 31
32 173
31 48
27 80
31 49
165 169
35 90
103 106
105 108
45 90
159 162
8 94
98 101
53 74
144 186
18 24
158 182
11 111
37 40
152 156
69 74
116 120
52 75
28 51
35 43
84 120
85 125
65 68
53 80
33 46
64 68
166 169
158 165
111 170
108 111
28 115
170 174
154 179
11 175
34 43
187 190
47 87
112 117
161 185
145 186
36 43
31 51
109 112
10 87
16 115
186 190
50 69
14 115
12 111
15 26
34 46
51 77
30 50
27 122
154 158
13 111
90 94
50 78
64 69
9 33
137 183
106 109
9 176
52 79
31 172
52 74
27 55
53 79
138 152
159 163
116 119
9 34
28 119
135 139
107 137
52 78
88 120
12 115
102 106
9 180
6 36
48 172
18 26
153 157
37 41
13 110
17 115
30 49
113 116
6 38
193 196
194 197
19 115
165 168
8 36
158 162
54 80
161 186
15 27
