185 182
90 87
91 87
142 139
186 183
187 184
184 181
121 118
88 85
187 183
92 89
66 63
89 86
122 119
188 185
123 120
73 70
90 86
91 88
179 176
186 182
67 63
185 181
83 80
178 175
188 184
82 79
65 62
87 84
141 138
184 180
122 118
64 61
181 178
189 185
142 138
89 85
74 71
189 186
177 174
159 156
88 84
144 141
183 179
75 72
92 88
66 62
65 61
140 137
176 173
183 180
182 179
67 64
143 140
141 137
145 142
180 177
63 60
76 73
75 71
178 174
180 176
175 172
123 119
82 78
181 177
84 81
64 60
179 175
86 83
161 158
93 89
87 83
160 157
161 157
77 73
73 69
83 79
143 139
110 107
35 8
84 80
121 117
85 82
63 59
144 140
36 8
182 178
145 141
74 70
146 143
140 136
177 173
120 117
158 155
156 153
79 54
174 171
35 7
77 74
156 151
139 136
47 33
160 156
33 8
124 121
85 81
124 120
52 27
93 90
171 48
34 8
146 142
45 35
159 155
176 172
169 166
86 82
77 50
137 106
42 37
76 52
70 64
176 32
44 35
83 78
48 30
54 27
78 49
101 98
163 158
111 108
108 105
175 170
172 32
156 152
76 72
48 31
163 159
77 49
26 16
43 35
68 65
190 187
35 6
48 32
171 30
162 159
79 53
175 171
110 14
36 7
190 186
68 64
106 103
77 52
174 170
47 32
35 9
40 37
111 107
157 154
196 193
53 27
79 52
49 31
94 90
50 31
69 64
47 34
43 36
64 59
46 34
80 54
71 64
46 43
173 32
80 53
106 102
71 59
46 33
162 158
36 9
41 37
100 97
172 48
77 51
195 192
78 50
44 36
25 18
48 33
102 99
158 154
119 116
52 28
115 26
109 106
37 7
112 109
182 185
87 90
87 91
139 142
183 186
184 187
181 184
118 121
85 88
183 187
89 92
63 66
86 89
119 122
185 188
120 123
70 73
86 90
88 91
176 179
182 186
63 67
181 185
80 83
175 178
184 188
79 82
62 65
84 87
138 141
180 184
118 122
61 64
178 181
185 189
138 142
85 89
71 74
186 189
174 177
156 159
84 88
141 144
179 183
72 75
88 92
62 66
61 65
137 140
173 176
180 183
179 182
64 67
140 143
137 141
142 145
177 180
60 63
73 76
71 75
174 178
176 180
172 175
119 123
78 82
177 181
81 84
60 64
175 179
83 86
158 161
89 93
83 87
157 160
157 161
73 77
69 73
79 83
139 143
107 110
8 35
80 84
117 121
82 85
59 63
140 144
8 36
178 182
141 145
70 74
143 146
136 140
173 177
117 120
155 158
153 156
54 79
171 174
7 35
74 77
151 156
136 139
33 47
156 160
8 33
121 124
81 85
120 124
27 52
90 93
48 171
8 34
142 146
35 45
155 159
172 176
166 169
82 86
50 77
106 137
37 42
52 76
64 70
32 176
35 44
78 83
30 48
27 54
49 78
98 101
158 163
108 111
105 108
170 175
32 172
152 156
72 76
31 48
159 163
49 77
16 26
35 43
65 68
187 190
6 35
32 48
30 171
159 162
53 79
171 175
14 110
7 36
186 190
64 68
103 106
52 77
170 174
32 47
9 35
37 40
107 111
154 157
193 196
27 53
52 79
31 49
90 94
31 50
64 69
34 47
36 43
59 64
34 46
54 80
64 71
43 46
32 173
53 80
102 106
59 71
33 46
158 162
9 36
37 41
97 100
48 172
51 77
192 195
50 78
36 44
18 25
33 48
99 102
154 158
116 119
28 52
26 115
106 109
7 37
109 112
