171 30
177 46
156 151
87 33
83 78
78 49
67 63
110 14
28 12
156 153
86 49
70 64
76 52
52 27
75 71
73 70
48 30
82 79
172 32
176 32
74 59
178 158
179 9
79 54
171 48
84 80
66 63
65 61
115 26
173 34
175 170
137 106
176 34
33 8
163 158
42 37
83 51
87 31
184 36
180 36
108 105
180 176
83 49
39 6
174 171
26 16
171 50
134 112
116 12
119 27
106 103
66 62
119 80
45 35
65 62
173 48
169 155
90 47
54 27
82 78
86 47
183 7
46 43
35 6
170 13
178 165
64 59
161 145
67 29
189 185
36 9
73 50
76 73
170 11
180 9
91 87
80 27
77 50
35 8
89 85
90 33
87 47
188 185
122 119
90 35
94 35
175 13
25 18
134 108
173 32
122 27
86 78
184 181
77 49
182 157
71 58
142 138
181 163
161 157
63 60
30 171
46 177
151 156
33 87
78 83
49 78
63 67
14 110
12 28
153 156
49 86
64 70
52 76
27 52
71 75
70 73
30 48
79 82
32 172
32 176
59 74
158 178
9 179
54 79
48 171
80 84
63 66
61 65
26 115
34 173
170 175
106 137
34 176
8 33
158 163
37 42
51 83
31 87
36 184
36 180
105 108
176 180
49 83
6 39
171 174
16 26
50 171
112 134
12 116
27 119
103 106
62 66
80 119
35 45
62 65
48 173
155 169
47 90
27 54
78 82
47 86
7 183
43 46
6 35
13 170
165 178
59 64
145 161
29 67
185 189
9 36
50 73
73 76
11 170
9 180
87 91
27 80
50 77
8 35
85 89
33 90
47 87
185 188
119 122
35 90
35 94
13 175
18 25
108 134
32 173
27 122
78 86
181 184
49 77
157 182
58 71
138 142
163 181
157 161
60 63
