90 87
186 182
187 184
186 183
188 185
184 181
187 183
88 85
121 118
89 86
91 87
185 182
66 63
92 89
122 119
82 79
188 184
66 62
181 178
88 84
142 139
185 181
179 176
178 175
141 138
90 86
177 174
91 88
89 85
73 70
122 118
87 84
183 180
65 62
182 179
141 137
184 180
176 173
67 63
74 71
143 140
63 60
64 61
83 80
178 174
144 141
123 120
189 186
183 179
159 156
86 83
180 176
48 30
92 88
180 177
84 80
33 8
75 72
35 8
123 119
181 177
110 14
177 46
65 61
156 153
171 30
42 37
189 185
142 138
64 60
75 71
175 172
179 175
156 151
171 48
145 141
87 83
140 137
67 64
121 117
82 78
52 27
93 89
28 12
145 142
178 158
184 36
161 158
182 178
70 64
78 49
74 59
63 59
160 157
79 54
83 79
47 33
115 26
73 69
86 49
87 90
182 186
184 187
183 186
185 188
181 184
183 187
85 88
118 121
86 89
87 91
182 185
63 66
89 92
119 122
79 82
184 188
62 66
178 181
84 88
139 142
181 185
176 179
175 178
138 141
86 90
174 177
88 91
85 89
70 73
118 122
84 87
180 183
62 65
179 182
137 141
180 184
173 176
63 67
71 74
140 143
60 63
61 64
80 83
174 178
141 144
120 123
186 189
179 183
156 159
83 86
176 180
30 48
88 92
177 180
80 84
8 33
72 75
8 35
119 123
177 181
14 110
46 177
61 65
153 156
30 171
37 42
185 189
138 142
60 64
71 75
172 175
175 179
151 156
48 171
141 145
83 87
137 140
64 67
117 121
78 82
27 52
89 93
12 28
142 145
158 178
36 184
158 161
178 182
64 70
49 78
59 74
59 63
157 160
54 79
79 83
33 47
26 115
69 73
49 86
