171 30
177 46
156 151
87 33
83 78
78 49
67 63
110 14
28 12
156 153
86 49
70 64
76 52
52 27
75 71
73 70
48 30
82 79
172 32
176 32
74 59
178 158
179 9
79 54
171 48
84 80
66 63
65 61
115 26
173 34
175 170
137 106
176 34
33 8
163 158
42 37
83 51
87 31
184 36
180 36
108 105
180 176
83 49
39 6
174 171
26 16
171 50
134 112
116 12
119 27
106 103
66 62
119 80
45 35
65 62
173 48
169 155
90 47
54 27
82 78
86 47
183 7
46 43
35 6
170 13
178 165
64 59
161 145
67 29
189 185
36 9
73 50
76 73
170 11
180 9
91 87
80 27
77 50
35 8
89 85
90 33
87 47
188 185
122 119
90 35
94 35
175 13
25 18
134 108
173 32
122 27
86 78
184 181
77 49
182 157
71 58
142 138
181 163
161 157
63 60
71 59
90 45
51 31
177 173
141 137
29 15
121 118
182 158
119 84
177 174
31 12
71 64
170 111
122 118
48 32
176 9
94 8
74 69
110 107
173 46
120 84
115 28
183 137
115 16
47 33
186 141
179 154
51 28
89 86
40 37
111 11
125 85
120 88
87 10
145 141
186 144
184 180
174 169
117 112
83 31
111 13
73 69
69 50
74 53
169 165
181 177
180 34
77 73
119 28
94 6
175 11
123 119
146 142
186 145
74 71
92 89
80 53
187 183
179 176
115 17
183 9
26 18
175 111
60 26
64 60
152 138
159 156
141 138
43 34
165 158
140 136
115 14
186 161
185 161
106 102
80 28
93 89
156 152
75 52
178 174
79 52
91 10
44 35
182 161
127 117
83 80
176 173
181 178
83 77
115 19
64 61
85 81
53 27
90 87
77 52
50 30
67 59
137 107
91 8
141 136
30 171
46 177
151 156
33 87
78 83
49 78
63 67
14 110
12 28
153 156
49 86
64 70
52 76
27 52
71 75
70 73
30 48
79 82
32 172
32 176
59 74
158 178
9 179
54 79
48 171
80 84
63 66
61 65
26 115
34 173
170 175
106 137
34 176
8 33
158 163
37 42
51 83
31 87
36 184
36 180
105 108
176 180
49 83
6 39
171 174
16 26
50 171
112 134
12 116
27 119
103 106
62 66
80 119
35 45
62 65
48 173
155 169
47 90
27 54
78 82
47 86
7 183
43 46
6 35
13 170
165 178
59 64
145 161
29 67
185 189
9 36
50 73
73 76
11 170
9 180
87 91
27 80
50 77
8 35
85 89
33 90
47 87
185 188
119 122
35 90
35 94
13 175
18 25
108 134
32 173
27 122
78 86
181 184
49 77
157 182
58 71
138 142
163 181
157 161
60 63
59 71
45 90
31 51
173 177
137 141
15 29
118 121
158 182
84 119
174 177
12 31
64 71
111 170
118 122
32 48
9 176
8 94
69 74
107 110
46 173
84 120
28 115
137 183
16 115
33 47
141 186
154 179
28 51
86 89
37 40
11 111
85 125
88 120
10 87
141 145
144 186
180 184
169 174
112 117
31 83
13 111
69 73
50 69
53 74
165 169
177 181
34 180
73 77
28 119
6 94
11 175
119 123
142 146
145 186
71 74
89 92
53 80
183 187
176 179
17 115
9 183
18 26
111 175
26 60
60 64
138 152
156 159
138 141
34 43
158 165
136 140
14 115
161 186
161 185
102 106
28 80
89 93
152 156
52 75
174 178
52 79
10 91
35 44
161 182
117 127
80 83
173 176
178 181
77 83
19 115
61 64
81 85
27 53
87 90
52 77
30 50
59 67
107 137
8 91
136 141
