116 28
77 49
123 81
171 69
62 17
87 83
194 135
191 188
56 53
182 178
83 80
140 137
63 16
196 139
76 72
24 20
192 3
53 15
65 61
90 87
60 17
112 108
163 160
143 140
96 92
43 34
118 115
177 173
104 8
126 121
169 67
68 63
33 8
64 59
25 22
29 15
96 91
100 96
172 13
106 11
83 79
59 56
153 138
105 8
93 89
74 50
38 4
101 97
115 12
28 13
40 37
51 28
143 139
152 142
176 10
36 9
171 168
121 117
36 6
92 89
80 51
165 158
59 15
134 103
30 12
42 38
45 35
112 12
191 187
29 12
49 32
103 4
186 141
112 109
35 7
145 142
137 106
115 110
172 31
64 61
79 52
173 33
83 49
102 97
164 158
104 9
29 13
124 121
135 106
184 38
45 34
31 11
152 141
180 43
170 68
63 60
187 183
66 63
66 62
63 17
170 67
176 173
102 8
33 9
115 14
50 31
46 43
178 174
132 127
172 32
48 30
74 70
176 33
41 38
31 12
55 27
105 9
38 6
115 26
179 176
140 136
173 32
47 33
96 6
183 180
156 153
46 34
26 16
119 27
105 7
48 31
176 34
173 48
68 65
160 156
101 6
56 15
103 6
131 128
185 181
69 63
180 176
38 2
175 172
174 171
86 83
75 52
189 185
142 138
152 149
140 135
122 119
118 26
184 180
43 35
180 177
98 95
144 141
162 159
65 62
53 27
39 5
142 139
154 107
74 69
87 84
60 16
112 10
99 96
157 151
171 67
127 117
45 36
193 140
26 15
188 184
86 82
168 165
151 142
94 91
141 137
83 78
62 18
27 14
118 27
114 111
111 11
88 85
112 107
57 52
74 71
119 115
176 11
159 156
177 34
49 31
28 12
179 175
139 136
135 103
119 80
169 165
158 155
44 35
67 13
186 182
95 92
34 9
196 140
77 51
31 28
100 95
180 34
84 81
133 130
105 10
174 168
63 18
131 104
107 11
63 59
101 4
134 131
121 118
117 113
184 181
156 152
59 16
32 10
74 53
91 88
92 88
183 179
175 170
39 2
95 91
149 142
83 31
31 10
100 4
47 32
189 186
67 64
109 106
193 186
163 158
196 133
179 107
42 37
102 6
43 36
195 136
115 112
85 81
73 50
102 5
136 107
31 13
146 143
134 106
187 184
75 72
78 50
82 79
71 58
149 138
21 18
42 36
114 109
79 53
44 36
153 150
157 153
175 169
135 104
111 12
120 117
103 8
157 152
179 154
47 34
175 168
37 5
70 64
71 64
113 109
111 106
174 167
53 29
48 33
5 2
195 134
37 7
89 86
32 12
161 158
151 147
126 120
174 170
134 105
136 105
28 15
77 73
178 165
184 41
41 36
100 6
165 155
136 109
33 11
58 53
196 135
125 120
193 187
51 30
125 122
124 120
73 70
20 17
133 104
35 9
46 32
159 155
119 28
80 53
90 47
56 27
185 182
69 65
173 11
197 133
151 148
158 154
147 142
176 32
177 9
102 7
62 16
138 108
35 6
197 135
191 186
131 113
100 97
106 9
96 93
182 158
119 116
51 31
139 108
43 37
162 158
77 52
147 143
180 36
174 166
64 60
172 67
197 134
138 107
112 106
146 141
74 52
46 35
104 10
191 144
67 63
172 11
177 174
125 121
175 171
75 71
132 113
50 30
136 108
27 15
182 179
164 155
131 127
38 5
111 108
79 51
171 13
172 30
34 8
115 111
148 142
74 51
36 8
171 68
68 64
88 84
127 116
63 15
170 13
112 11
179 9
180 9
174 169
46 33
85 82
123 80
183 137
132 129
172 12
137 105
182 157
173 31
152 148
137 107
152 138
134 104
123 119
73 69
163 159
80 52
136 106
50 29
125 81
101 5
127 120
195 133
30 14
195 135
70 59
44 37
24 21
192 187
117 114
51 29
80 28
74 29
172 169
188 185
48 32
76 73
101 96
176 172
47 31
55 25
91 87
152 147
24 17
145 141
178 166
94 90
90 86
102 96
82 78
181 177
164 159
160 157
157 154
32 11
157 141
176 9
197 136
116 113
53 28
196 134
100 5
120 116
102 4
7 4
173 34
111 107
114 110
141 138
30 13
103 7
35 8
21 17
153 149
77 50
26 14
97 92
116 112
78 52
132 128
161 157
178 175
38 7
49 30
101 98
186 183
118 114
24 16
149 139
181 178
170 66
99 95
34 10
175 11
156 151
137 108
106 10
87 47
52 29
147 141
36 7
195 103
190 186
93 90
77 74
41 37
33 10
123 120
144 140
28 14
122 118
83 51
113 110
190 187
104 7
84 80
57 54
135 105
179 106
37 6
60 15
78 51
56 25
115 28
119 26
89 85
57 53
193 135
196 136
76 52
71 59
69 64
29 14
146 142
115 27
20 16
28 116
49 77
81 123
69 171
17 62
83 87
135 194
188 191
53 56
178 182
80 83
137 140
16 63
139 196
72 76
20 24
3 192
15 53
61 65
87 90
17 60
108 112
160 163
140 143
92 96
34 43
115 118
173 177
8 104
121 126
67 169
63 68
8 33
59 64
22 25
15 29
91 96
96 100
13 172
11 106
79 83
56 59
138 153
8 105
89 93
50 74
4 38
97 101
12 115
13 28
37 40
28 51
139 143
142 152
10 176
9 36
168 171
117 121
6 36
89 92
51 80
158 165
15 59
103 134
12 30
38 42
35 45
12 112
187 191
12 29
32 49
4 103
141 186
109 112
7 35
142 145
106 137
110 115
31 172
61 64
52 79
33 173
49 83
97 102
158 164
9 104
13 29
121 124
106 135
38 184
34 45
11 31
141 152
43 180
68 170
60 63
183 187
63 66
62 66
17 63
67 170
173 176
8 102
9 33
14 115
31 50
43 46
174 178
127 132
32 172
30 48
70 74
33 176
38 41
12 31
27 55
9 105
6 38
26 115
176 179
136 140
32 173
33 47
6 96
180 183
153 156
34 46
16 26
27 119
7 105
31 48
34 176
48 173
65 68
156 160
6 101
15 56
6 103
128 131
181 185
63 69
176 180
2 38
172 175
171 174
83 86
52 75
185 189
138 142
149 152
135 140
119 122
26 118
180 184
35 43
177 180
95 98
141 144
159 162
62 65
27 53
5 39
139 142
107 154
69 74
84 87
16 60
10 112
96 99
151 157
67 171
117 127
36 45
140 193
15 26
184 188
82 86
165 168
142 151
91 94
137 141
78 83
18 62
14 27
27 118
111 114
11 111
85 88
107 112
52 57
71 74
115 119
11 176
156 159
34 177
31 49
12 28
175 179
136 139
103 135
80 119
165 169
155 158
35 44
13 67
182 186
92 95
9 34
140 196
51 77
28 31
95 100
34 180
81 84
130 133
10 105
168 174
18 63
104 131
11 107
59 63
4 101
131 134
118 121
113 117
181 184
152 156
16 59
10 32
53 74
88 91
88 92
179 183
170 175
2 39
91 95
142 149
31 83
10 31
4 100
32 47
186 189
64 67
106 109
186 193
158 163
133 196
107 179
37 42
6 102
36 43
136 195
112 115
81 85
50 73
5 102
107 136
13 31
143 146
106 134
184 187
72 75
50 78
79 82
58 71
138 149
18 21
36 42
109 114
53 79
36 44
150 153
153 157
169 175
104 135
12 111
117 120
8 103
152 157
154 179
34 47
168 175
5 37
64 70
64 71
109 113
106 111
167 174
29 53
33 48
2 5
134 195
7 37
86 89
12 32
158 161
147 151
120 126
170 174
105 134
105 136
15 28
73 77
165 178
41 184
36 41
6 100
155 165
109 136
11 33
53 58
135 196
120 125
187 193
30 51
122 125
120 124
70 73
17 20
104 133
9 35
32 46
155 159
28 119
53 80
47 90
27 56
182 185
65 69
11 173
133 197
148 151
154 158
142 147
32 176
9 177
7 102
16 62
108 138
6 35
135 197
186 191
113 131
97 100
9 106
93 96
158 182
116 119
31 51
108 139
37 43
158 162
52 77
143 147
36 180
166 174
60 64
67 172
134 197
107 138
106 112
141 146
52 74
35 46
10 104
144 191
63 67
11 172
174 177
121 125
171 175
71 75
113 132
30 50
108 136
15 27
179 182
155 164
127 131
5 38
108 111
51 79
13 171
30 172
8 34
111 115
142 148
51 74
8 36
68 171
64 68
84 88
116 127
15 63
13 170
11 112
9 179
9 180
169 174
33 46
82 85
80 123
137 183
129 132
12 172
105 137
157 182
31 173
148 152
107 137
138 152
104 134
119 123
69 73
159 163
52 80
106 136
29 50
81 125
5 101
120 127
133 195
14 30
135 195
59 70
37 44
21 24
187 192
114 117
29 51
28 80
29 74
169 172
185 188
32 48
73 76
96 101
172 176
31 47
25 55
87 91
147 152
17 24
141 145
166 178
90 94
86 90
96 102
78 82
177 181
159 164
157 160
154 157
11 32
141 157
9 176
136 197
113 116
28 53
134 196
5 100
116 120
4 102
4 7
34 173
107 111
110 114
138 141
13 30
7 103
8 35
17 21
149 153
50 77
14 26
92 97
112 116
52 78
128 132
157 161
175 178
7 38
30 49
98 101
183 186
114 118
16 24
139 149
178 181
66 170
95 99
10 34
11 175
151 156
108 137
10 106
47 87
29 52
141 147
7 36
103 195
186 190
90 93
74 77
37 41
10 33
120 123
140 144
14 28
118 122
51 83
110 113
187 190
7 104
80 84
54 57
105 135
106 179
6 37
15 60
51 78
25 56
28 115
26 119
85 89
53 57
135 193
136 196
52 76
59 71
64 69
14 29
142 146
27 115
16 20
