102 63
62 35
102 34
91 86
118 98
44 17
94 11
30 3
23 3
99 63
36 23
45 14
41 19
75 67
95 12
61 37
20 6
83 60
49 14
38 23
57 15
57 40
53 43
81 65
105 102
98 11
83 8
52 45
56 40
114 110
83 59
77 66
81 7
74 70
101 10
105 62
61 7
19 5
66 33
43 6
95 92
100 63
29 26
108 104
62 10
14 11
97 84
92 84
92 87
119 101
45 42
17 9
63 10
16 8
109 90
113 97
39 20
96 11
76 70
64 33
102 68
107 104
113 86
93 87
46 14
36 32
119 99
83 7
82 63
94 14
67 33
17 8
101 97
118 97
58 39
42 18
82 10
110 60
86 37
104 68
64 34
108 105
55 51
16 9
83 40
39 24
77 67
92 13
18 15
41 21
73 70
49 46
102 78
32 20
51 13
59 40
85 58
61 33
112 91
17 6
117 113
35 32
15 11
21 3
68 34
57 39
105 35
81 63
43 19
19 4
42 17
86 60
63 34
114 106
60 38
67 34
20 5
18 6
84 9
51 14
55 52
29 22
40 20
93 50
98 12
110 105
108 60
52 42
81 5
102 67
45 16
23 2
55 42
58 40
38 18
110 86
39 21
115 112
82 8
31 2
97 92
40 19
38 7
67 64
105 101
92 86
116 92
82 9
78 63
91 87
110 106
96 12
80 65
102 62
29 24
77 64
92 85
20 7
22 3
52 49
57 18
116 113
117 100
64 61
54 42
93 57
97 62
85 51
43 17
119 100
5 2
81 78
94 12
38 21
81 61
78 64
37 24
80 8
40 18
93 51
38 24
61 35
83 38
13 9
50 14
59 37
81 6
77 65
45 15
100 78
117 101
114 111
37 23
79 65
52 48
68 33
113 60
105 60
18 9
37 25
117 99
85 59
61 34
112 90
43 16
78 67
68 64
46 16
93 11
85 13
83 18
82 62
114 105
54 43
58 38
17 7
84 62
110 35
113 62
32 2
75 70
40 7
102 35
113 110
118 100
114 103
94 13
64 32
31 23
32 23
36 29
61 36
98 10
83 61
41 18
30 2
38 32
38 20
85 11
14 9
53 42
81 64
80 63
58 24
78 65
56 39
116 112
93 13
86 59
82 78
83 10
20 2
61 32
104 34
84 11
87 58
60 36
51 42
75 69
85 57
39 22
61 38
112 92
74 69
75 68
93 85
59 38
88 58
57 51
56 42
32 5
101 63
85 15
118 99
94 85
29 25
111 106
84 59
90 60
23 20
54 41
84 10
53 45
57 42
20 3
36 25
18 7
59 7
117 97
19 7
73 69
113 92
106 103
83 62
57 41
117 114
53 44
110 90
49 45
56 41
101 62
19 6
76 67
44 15
97 10
97 11
30 23
36 33
90 87
90 86
56 21
29 23
36 24
40 21
82 7
83 9
42 15
113 90
50 13
38 22
104 35
115 111
76 68
85 9
116 95
59 9
77 68
102 76
85 18
51 45
113 84
58 37
116 96
105 34
92 11
116 97
114 101
51 15
81 8
113 105
82 61
15 9
60 35
108 35
86 58
44 16
62 34
113 101
43 18
59 18
84 60
20 4
93 86
99 10
60 37
117 62
55 41
