83 18
57 40
38 20
17 6
40 18
19 4
43 19
91 87
83 59
5 2
39 24
83 9
93 50
54 41
68 34
104 70
44 17
30 26
61 32
88 58
67 33
107 93
101 62
93 85
17 8
114 105
18 9
42 18
58 39
61 18
41 19
75 69
85 18
19 6
113 101
43 6
80 8
82 63
85 40
86 37
111 106
91 50
64 54
67 34
22 3
115 112
41 3
110 90
100 53
55 21
85 57
116 96
21 16
93 89
53 41
55 51
105 101
110 52
90 86
112 96
80 63
20 7
75 67
99 63
97 66
84 62
46 13
62 13
14 11
87 55
100 44
103 25
22 13
114 111
110 37
59 40
30 27
107 50
97 50
28 22
97 75
109 44
108 105
110 60
85 59
107 82
88 55
108 75
92 57
117 104
91 65
119 98
54 49
56 49
60 45
57 18
66 5
118 92
111 51
116 113
98 9
100 63
113 60
68 33
85 27
106 52
82 70
73 70
51 15
39 34
89 58
57 42
87 20
19 3
85 50
30 23
100 10
32 23
86 65
53 27
61 51
104 82
97 44
111 61
50 28
86 60
49 5
38 7
49 46
43 17
41 20
76 34
31 28
93 87
83 7
113 62
106 79
57 41
63 10
25 15
118 114
96 92
76 73
65 4
31 27
25 2
62 5
108 55
94 68
74 54
92 61
108 39
97 74
78 23
115 25
83 31
88 61
114 109
119 116
74 71
102 75
66 31
53 26
113 104
67 64
60 8
70 42
113 56
89 83
20 5
110 23
76 68
102 78
109 91
108 102
89 46
118 62
114 68
63 52
97 60
105 96
93 54
62 36
18 83
40 57
20 38
6 17
18 40
4 19
19 43
87 91
59 83
2 5
24 39
9 83
50 93
41 54
34 68
70 104
17 44
26 30
32 61
58 88
33 67
93 107
62 101
85 93
8 17
105 114
9 18
18 42
39 58
18 61
19 41
69 75
18 85
6 19
101 113
6 43
8 80
63 82
40 85
37 86
106 111
50 91
54 64
34 67
3 22
112 115
3 41
90 110
53 100
21 55
57 85
96 116
16 21
89 93
41 53
51 55
101 105
52 110
86 90
96 112
63 80
7 20
67 75
63 99
66 97
62 84
13 46
13 62
11 14
55 87
44 100
25 103
13 22
111 114
37 110
40 59
27 30
50 107
50 97
22 28
75 97
44 109
105 108
60 110
59 85
82 107
55 88
75 108
57 92
104 117
65 91
98 119
49 54
49 56
45 60
18 57
5 66
92 118
51 111
113 116
9 98
63 100
60 113
33 68
27 85
52 106
70 82
70 73
15 51
34 39
58 89
42 57
20 87
3 19
50 85
23 30
10 100
23 32
65 86
27 53
51 61
82 104
44 97
61 111
28 50
60 86
5 49
7 38
46 49
17 43
20 41
34 76
28 31
87 93
7 83
62 113
79 106
41 57
10 63
15 25
114 118
92 96
73 76
4 65
27 31
2 25
5 62
55 108
68 94
54 74
61 92
39 108
74 97
23 78
25 115
31 83
61 88
109 114
116 119
71 74
75 102
31 66
26 53
104 113
64 67
8 60
42 70
56 113
83 89
5 20
23 110
68 76
78 102
91 109
102 108
46 89
62 118
68 114
52 63
60 97
96 105
54 93
36 62
