18 6
5 2
90 87
17 6
57 40
41 19
116 113
19 7
18 7
17 8
41 18
19 6
91 88
42 18
38 20
92 89
43 19
40 18
18 8
117 114
91 87
30 27
31 28
42 19
118 115
40 19
58 40
92 88
93 90
115 112
119 116
90 86
93 89
58 39
17 7
31 27
83 59
19 5
55 52
19 4
118 114
18 9
30 26
41 20
20 6
43 17
94 90
29 26
114 111
89 86
43 18
67 34
67 33
94 91
114 105
68 34
42 17
93 85
54 41
59 39
83 18
6 18
2 5
87 90
6 17
40 57
19 41
113 116
7 19
7 18
8 17
18 41
6 19
88 91
18 42
20 38
89 92
19 43
18 40
8 18
114 117
87 91
27 30
28 31
19 42
115 118
19 40
40 58
88 92
90 93
112 115
116 119
86 90
89 93
39 58
7 17
27 31
59 83
5 19
52 55
4 19
114 118
9 18
26 30
20 41
6 20
17 43
90 94
26 29
111 114
86 89
18 43
34 67
33 67
91 94
105 114
34 68
17 42
85 93
41 54
39 59
18 83
