57 40
40 18
17 6
83 18
38 20
5 2
83 59
19 4
90 87
41 19
18 6
43 19
19 6
91 87
17 8
18 7
42 18
54 41
119 116
93 85
116 113
93 50
90 86
101 62
93 89
115 112
107 93
58 39
114 105
83 9
117 114
18 9
30 26
92 88
118 115
39 24
67 34
92 89
68 34
104 70
44 17
31 28
75 69
43 17
41 18
67 33
17 7
61 32
30 27
20 7
88 58
118 114
29 26
55 52
40 19
82 63
113 101
55 21
91 50
43 6
19 5
111 106
55 51
85 57
20 5
93 90
94 90
85 59
19 7
42 19
14 11
94 91
41 20
110 90
80 63
42 17
75 67
108 105
116 96
75 68
73 70
57 39
86 37
59 40
22 3
61 18
91 88
114 111
68 33
31 27
58 40
112 96
85 18
49 46
89 86
15 12
18 8
53 41
80 8
116 112
104 101
119 115
64 54
57 41
21 16
117 113
105 101
99 63
109 106
93 87
54 51
54 49
56 40
20 4
100 53
92 87
85 40
64 61
97 75
39 20
84 59
76 73
40 57
18 40
6 17
18 83
20 38
2 5
59 83
4 19
87 90
19 41
6 18
19 43
6 19
87 91
8 17
7 18
18 42
41 54
116 119
85 93
113 116
50 93
86 90
62 101
89 93
112 115
93 107
39 58
105 114
9 83
114 117
9 18
26 30
88 92
115 118
24 39
34 67
89 92
34 68
70 104
17 44
28 31
69 75
17 43
18 41
33 67
7 17
32 61
27 30
7 20
58 88
114 118
26 29
52 55
19 40
63 82
101 113
21 55
50 91
6 43
5 19
106 111
51 55
57 85
5 20
90 93
90 94
59 85
7 19
19 42
11 14
91 94
20 41
90 110
63 80
17 42
67 75
105 108
96 116
68 75
70 73
39 57
37 86
40 59
3 22
18 61
88 91
111 114
33 68
27 31
40 58
96 112
18 85
46 49
86 89
12 15
8 18
41 53
8 80
112 116
101 104
115 119
54 64
41 57
16 21
113 117
101 105
63 99
106 109
87 93
51 54
49 54
40 56
4 20
53 100
87 92
40 85
61 64
75 97
20 39
59 84
73 76
