57 40
40 18
17 6
83 18
38 20
5 2
83 59
19 4
90 87
41 19
18 6
43 19
19 6
91 87
17 8
18 7
42 18
54 41
119 116
93 85
116 113
93 50
90 86
101 62
93 89
115 112
107 93
58 39
114 105
83 9
117 114
18 9
30 26
92 88
118 115
39 24
67 34
92 89
68 34
104 70
44 17
31 28
75 69
43 17
41 18
67 33
17 7
61 32
30 27
20 7
88 58
118 114
29 26
55 52
40 19
82 63
113 101
55 21
91 50
43 6
19 5
111 106
55 51
85 57
20 5
93 90
94 90
85 59
19 7
42 19
14 11
94 91
41 20
110 90
80 63
42 17
75 67
108 105
116 96
75 68
73 70
57 39
86 37
59 40
22 3
61 18
91 88
114 111
68 33
31 27
58 40
112 96
85 18
49 46
89 86
15 12
18 8
53 41
80 8
116 112
104 101
119 115
64 54
57 41
21 16
117 113
105 101
99 63
109 106
93 87
54 51
54 49
56 40
20 4
100 53
92 87
85 40
64 61
97 75
39 20
84 59
76 73
17 9
53 50
29 25
91 86
59 38
105 102
35 32
15 11
50 47
20 6
76 68
109 90
95 92
43 18
109 91
100 63
28 22
22 13
32 28
41 3
83 7
91 65
56 39
48 45
32 29
117 104
113 105
113 104
33 30
83 60
14 10
58 38
32 23
74 71
59 39
57 42
65 62
39 19
6 3
86 65
56 49
88 55
87 55
84 62
62 13
16 13
38 19
86 57
106 103
82 62
86 60
119 98
109 44
67 64
84 60
113 60
30 23
16 8
56 41
30 25
74 69
