83 18
57 40
38 20
17 6
40 18
19 4
43 19
91 87
83 59
5 2
39 24
83 9
93 50
54 41
68 34
104 70
44 17
30 26
61 32
88 58
67 33
107 93
101 62
93 85
17 8
114 105
18 9
42 18
58 39
61 18
41 19
75 69
85 18
19 6
113 101
43 6
80 8
82 63
85 40
86 37
111 106
91 50
64 54
67 34
22 3
115 112
41 3
110 90
100 53
55 21
85 57
116 96
21 16
93 89
53 41
55 51
105 101
110 52
90 86
112 96
80 63
18 83
40 57
20 38
6 17
18 40
4 19
19 43
87 91
59 83
2 5
24 39
9 83
50 93
41 54
34 68
70 104
17 44
26 30
32 61
58 88
33 67
93 107
62 101
85 93
8 17
105 114
9 18
18 42
39 58
18 61
19 41
69 75
18 85
6 19
101 113
6 43
8 80
63 82
40 85
37 86
106 111
50 91
54 64
34 67
3 22
112 115
3 41
90 110
53 100
21 55
57 85
96 116
16 21
89 93
41 53
51 55
101 105
52 110
86 90
96 112
63 80
