67 51
90 41
9 5
74 49
104 90
81 77
81 44
59 26
65 22
64 50
91 2
74 71
91 12
101 20
103 20
73 16
49 18
26 23
93 30
89 37
77 69
57 36
55 40
67 20
95 31
40 37
69 49
93 35
54 40
37 3
88 16
56 30
109 86
82 79
99 96
61 55
89 6
8 4
59 25
109 13
33 30
105 89
105 16
104 17
52 40
61 57
80 76
106 15
31 28
52 42
105 18
89 42
48 45
68 19
81 43
65 20
30 22
102 20
51 41
51 40
75 72
66 49
12 6
52 43
63 59
101 27
29 25
66 50
7 2
67 19
54 36
104 91
55 35
106 89
49 43
91 6
62 54
103 17
73 70
50 44
103 51
69 18
88 43
108 86
50 42
83 80
101 30
30 26
88 41
107 80
103 18
103 19
107 83
49 42
67 21
66 48
50 45
109 85
38 5
83 79
90 3
101 22
12 7
89 41
101 94
108 10
103 67
101 19
9 6
80 14
90 40
109 10
10 6
88 42
33 29
69 19
102 95
102 96
93 90
61 58
64 51
103 91
107 15
65 21
57 29
74 70
67 48
56 26
29 26
99 95
73 18
105 88
52 41
7 3
55 36
105 17
27 22
104 94
90 37
76 72
68 21
78 74
57 34
106 91
28 25
53 40
77 73
57 35
53 38
54 35
37 6
49 44
101 93
68 20
92 3
69 16
62 53
89 10
102 18
100 95
48 44
106 12
8 5
87 41
31 27
103 93
95 30
102 17
91 15
76 14
100 96
66 20
86 83
106 88
90 51
56 34
65 54
75 71
108 13
54 51
104 93
107 12
76 16
58 29
108 6
108 87
26 22
108 11
59 23
77 49
107 87
57 32
51 20
103 92
10 7
107 14
86 13
104 16
108 89
105 90
103 90
65 51
86 80
74 69
63 23
89 3
81 78
56 35
32 28
101 95
37 5
55 38
56 29
105 42
105 91
107 13
92 2
100 19
90 54
67 42
67 50
91 7
6 3
104 92
76 73
40 36
15 12
35 29
27 24
61 56
108 12
80 77
68 18
50 43
90 42
81 42
53 39
47 44
34 29
102 19
77 74
90 6
104 15
93 20
53 41
107 88
102 93
105 15
106 16
58 25
7 4
34 30
78 75
77 16
73 69
66 21
73 17
102 94
66 51
106 6
40 3
89 39
108 88
59 24
35 30
62 55
32 29
106 14
30 27
64 52
89 40
67 18
67 49
63 60
54 37
56 36
107 86
88 81
87 10
109 11
106 13
91 3
105 67
65 50
51 42
