82 79
83 80
82 78
83 79
84 81
9 6
80 77
108 12
81 78
66 48
81 77
108 13
109 12
75 72
69 18
84 80
69 17
103 94
49 44
75 71
66 21
9 5
10 7
49 42
69 16
51 43
109 11
74 71
109 13
8 5
54 40
104 92
52 43
64 50
61 58
103 93
30 27
99 96
80 76
54 51
15 12
50 44
47 44
88 42
74 49
69 49
52 41
86 83
105 88
78 75
101 27
76 73
79 76
109 87
35 30
97 94
7 2
54 37
108 11
79 75
65 50
70 17
93 35
86 13
109 86
101 93
85 82
102 93
108 87
106 12
10 6
49 43
73 70
50 43
77 73
108 86
95 27
63 60
101 94
102 94
107 12
104 93
64 52
62 55
74 70
103 92
8 4
59 25
15 7
107 13
50 42
101 20
48 44
76 72
77 74
11 7
104 15
11 8
50 45
92 2
107 80
106 16
34 30
52 42
74 69
54 38
100 97
68 18
54 36
107 16
62 58
95 30
64 51
7 4
91 12
62 59
53 41
7 3
51 42
85 81
86 82
68 19
101 95
66 50
53 40
52 44
49 45
99 95
55 37
66 49
109 85
102 20
69 19
56 30
104 94
39 36
12 8
105 42
33 30
104 91
77 16
107 14
55 36
68 49
100 95
67 20
6 3
60 57
95 31
107 87
95 25
51 41
103 51
54 41
54 35
107 86
101 30
101 21
67 19
52 45
12 7
107 15
106 15
67 21
48 45
98 95
57 36
70 18
79 82
80 83
78 82
79 83
81 84
6 9
77 80
12 108
78 81
48 66
77 81
13 108
12 109
72 75
18 69
80 84
17 69
94 103
44 49
71 75
21 66
5 9
7 10
42 49
16 69
43 51
11 109
71 74
13 109
5 8
40 54
92 104
43 52
50 64
58 61
93 103
27 30
96 99
76 80
51 54
12 15
44 50
44 47
42 88
49 74
49 69
41 52
83 86
88 105
75 78
27 101
73 76
76 79
87 109
30 35
94 97
2 7
37 54
11 108
75 79
50 65
17 70
35 93
13 86
86 109
93 101
82 85
93 102
87 108
12 106
6 10
43 49
70 73
43 50
73 77
86 108
27 95
60 63
94 101
94 102
12 107
93 104
52 64
55 62
70 74
92 103
4 8
25 59
7 15
13 107
42 50
20 101
44 48
72 76
74 77
7 11
15 104
8 11
45 50
2 92
80 107
16 106
30 34
42 52
69 74
38 54
97 100
18 68
36 54
16 107
58 62
30 95
51 64
4 7
12 91
59 62
41 53
3 7
42 51
81 85
82 86
19 68
95 101
50 66
40 53
44 52
45 49
95 99
37 55
49 66
85 109
20 102
19 69
30 56
94 104
36 39
8 12
42 105
30 33
91 104
16 77
14 107
36 55
49 68
95 100
20 67
3 6
57 60
31 95
87 107
25 95
41 51
51 103
41 54
35 54
86 107
30 101
21 101
19 67
45 52
7 12
15 107
15 106
21 67
45 48
95 98
36 57
18 70
