54 40
54 51
86 13
91 12
66 48
93 35
66 21
106 12
104 15
69 49
35 30
101 27
75 71
104 92
59 25
105 42
74 49
49 42
108 12
95 27
7 2
109 13
52 43
88 42
49 44
15 7
9 5
103 51
69 18
103 20
94 17
105 88
83 80
92 2
64 52
30 27
109 11
77 16
101 93
74 44
64 45
62 55
52 41
107 80
15 12
74 69
100 70
95 30
82 78
88 44
95 25
109 86
79 75
104 94
107 79
38 5
40 54
51 54
13 86
12 91
48 66
35 93
21 66
12 106
15 104
49 69
30 35
27 101
71 75
92 104
25 59
42 105
49 74
42 49
12 108
27 95
2 7
13 109
43 52
42 88
44 49
7 15
5 9
51 103
18 69
20 103
17 94
88 105
80 83
2 92
52 64
27 30
11 109
16 77
93 101
44 74
45 64
55 62
41 52
80 107
12 15
69 74
70 100
30 95
78 82
44 88
25 95
86 109
75 79
94 104
79 107
5 38
