82 79
83 80
82 78
83 79
84 81
9 6
80 77
108 12
81 78
66 48
81 77
108 13
109 12
75 72
69 18
84 80
69 17
103 94
49 44
75 71
66 21
9 5
10 7
49 42
69 16
51 43
109 11
74 71
109 13
8 5
54 40
104 92
52 43
64 50
61 58
103 93
30 27
99 96
80 76
54 51
15 12
50 44
47 44
88 42
74 49
69 49
52 41
86 83
105 88
78 75
101 27
76 73
79 76
109 87
35 30
97 94
79 82
80 83
78 82
79 83
81 84
6 9
77 80
12 108
78 81
48 66
77 81
13 108
12 109
72 75
18 69
80 84
17 69
94 103
44 49
71 75
21 66
5 9
7 10
42 49
16 69
43 51
11 109
71 74
13 109
5 8
40 54
92 104
43 52
50 64
58 61
93 103
27 30
96 99
76 80
51 54
12 15
44 50
44 47
42 88
49 74
49 69
41 52
83 86
88 105
75 78
27 101
73 76
76 79
87 109
30 35
94 97
