86 13
66 48
66 21
82 79
82 78
109 13
35 30
108 12
54 40
69 49
7 2
83 80
91 12
49 44
59 25
69 18
93 35
101 27
106 12
9 5
49 42
74 49
104 92
75 71
15 7
105 88
54 51
95 27
109 11
101 93
81 78
104 15
105 42
103 20
83 79
88 42
52 43
92 2
103 51
62 55
80 77
81 77
15 12
104 94
52 41
75 72
77 16
84 81
64 52
8 5
69 16
9 6
107 16
109 86
54 37
30 27
103 93
74 69
95 25
74 71
101 30
70 17
101 20
107 80
74 44
84 80
79 75
80 76
95 30
94 17
108 87
64 45
108 11
64 50
107 12
78 75
102 93
66 50
86 83
79 76
11 8
100 70
108 13
88 44
61 58
97 94
56 30
62 58
50 43
109 12
10 7
90 40
52 45
76 73
107 79
68 19
95 31
10 6
73 70
59 23
74 70
99 96
38 5
50 45
54 35
61 55
103 92
69 17
101 95
106 91
52 42
103 94
13 86
48 66
21 66
79 82
78 82
13 109
30 35
12 108
40 54
49 69
2 7
80 83
12 91
44 49
25 59
18 69
35 93
27 101
12 106
5 9
42 49
49 74
92 104
71 75
7 15
88 105
51 54
27 95
11 109
93 101
78 81
15 104
42 105
20 103
79 83
42 88
43 52
2 92
51 103
55 62
77 80
77 81
12 15
94 104
41 52
72 75
16 77
81 84
52 64
5 8
16 69
6 9
16 107
86 109
37 54
27 30
93 103
69 74
25 95
71 74
30 101
17 70
20 101
80 107
44 74
80 84
75 79
76 80
30 95
17 94
87 108
45 64
11 108
50 64
12 107
75 78
93 102
50 66
83 86
76 79
8 11
70 100
13 108
44 88
58 61
94 97
30 56
58 62
43 50
12 109
7 10
40 90
45 52
73 76
79 107
19 68
31 95
6 10
70 73
23 59
70 74
96 99
5 38
45 50
35 54
55 61
92 103
17 69
95 101
91 106
42 52
94 103
