54 40
54 51
86 13
91 12
66 48
93 35
66 21
106 12
104 15
69 49
35 30
101 27
75 71
104 92
59 25
105 42
74 49
49 42
108 12
95 27
7 2
109 13
52 43
88 42
49 44
15 7
9 5
103 51
69 18
103 20
94 17
105 88
83 80
92 2
64 52
30 27
109 11
77 16
101 93
74 44
64 45
62 55
52 41
107 80
15 12
74 69
100 70
95 30
82 78
88 44
95 25
109 86
79 75
104 94
107 79
38 5
101 30
54 37
107 16
90 40
56 30
95 31
69 16
70 17
39 36
106 91
52 45
62 58
78 75
108 87
88 49
64 43
103 93
101 20
54 35
77 69
88 81
88 77
61 55
59 23
93 54
34 29
100 21
99 90
91 7
8 5
89 53
64 50
65 54
97 94
12 7
62 38
48 21
84 80
81 77
76 72
86 83
66 50
61 58
103 90
18 5
107 69
58 36
106 16
57 34
78 44
73 70
45 2
101 95
43 8
38 9
60 14
40 54
51 54
13 86
12 91
48 66
35 93
21 66
12 106
15 104
49 69
30 35
27 101
71 75
92 104
25 59
42 105
49 74
42 49
12 108
27 95
2 7
13 109
43 52
42 88
44 49
7 15
5 9
51 103
18 69
20 103
17 94
88 105
80 83
2 92
52 64
27 30
11 109
16 77
93 101
44 74
45 64
55 62
41 52
80 107
12 15
69 74
70 100
30 95
78 82
44 88
25 95
86 109
75 79
94 104
79 107
5 38
30 101
37 54
16 107
40 90
30 56
31 95
16 69
17 70
36 39
91 106
45 52
58 62
75 78
87 108
49 88
43 64
93 103
20 101
35 54
69 77
81 88
77 88
55 61
23 59
54 93
29 34
21 100
90 99
7 91
5 8
53 89
50 64
54 65
94 97
7 12
38 62
21 48
80 84
77 81
72 76
83 86
50 66
58 61
90 103
5 18
69 107
36 58
16 106
34 57
44 78
70 73
2 45
95 101
8 43
9 38
14 60
