54 40
54 51
86 13
91 12
66 48
93 35
66 21
106 12
104 15
69 49
35 30
101 27
75 71
104 92
59 25
105 42
74 49
49 42
108 12
95 27
7 2
109 13
52 43
88 42
49 44
15 7
9 5
103 51
69 18
103 20
94 17
105 88
83 80
92 2
64 52
30 27
109 11
77 16
101 93
74 44
64 45
62 55
52 41
107 80
15 12
74 69
100 70
95 30
82 78
88 44
95 25
109 86
79 75
104 94
107 79
38 5
101 30
54 37
107 16
90 40
56 30
95 31
69 16
70 17
39 36
106 91
52 45
62 58
78 75
108 87
88 49
64 43
103 93
101 20
54 35
77 69
88 81
88 77
61 55
59 23
93 54
34 29
100 21
99 90
91 7
8 5
89 53
64 50
65 54
97 94
12 7
62 38
48 21
84 80
81 77
76 72
86 83
66 50
61 58
103 90
18 5
107 69
58 36
106 16
57 34
78 44
73 70
45 2
101 95
43 8
38 9
60 14
91 6
93 83
50 25
63 23
11 8
78 49
107 15
80 72
76 73
109 16
97 17
103 42
100 50
79 47
46 34
80 75
24 19
55 38
104 72
104 100
39 25
95 74
92 15
109 23
57 38
84 81
72 50
105 41
81 42
103 18
86 11
106 15
105 12
62 39
41 13
49 20
76 61
81 78
84 43
68 19
93 31
75 72
104 33
86 82
47 4
70 55
55 36
41 2
82 79
50 45
42 4
87 50
94 70
53 41
57 36
79 72
