133 99
152 98
79 66
28 25
36 32
98 42
86 83
92 76
35 32
112 104
94 40
140 105
16 12
111 100
155 109
119 74
135 51
155 139
132 111
158 25
50 46
162 157
77 66
130 123
38 33
128 42
85 77
157 133
128 96
152 132
164 152
140 9
87 78
160 31
160 156
121 118
142 106
138 9
56 30
161 131
124 121
53 43
89 75
64 57
76 66
164 155
152 130
105 102
132 99
157 25
117 72
53 26
89 76
161 32
51 18
52 19
67 44
156 26
29 26
123 120
143 110
11 7
156 131
133 51
90 65
10 6
61 58
135 16
74 70
85 82
102 49
96 39
161 154
118 73
129 96
7 3
57 43
137 15
53 46
131 100
97 42
126 92
49 10
98 95
112 5
154 32
97 36
60 57
151 111
21 17
139 106
130 100
65 41
60 34
75 67
35 31
25 21
14 11
9 6
122 67
149 120
18 13
139 136
139 105
59 56
111 102
55 23
61 57
49 9
157 134
85 81
133 29
144 5
52 18
94 76
160 25
131 99
99 41
66 45
11 8
51 26
41 33
65 40
137 12
123 100
158 135
150 119
128 98
123 98
75 68
51 21
137 16
97 41
133 100
103 6
151 110
29 25
143 105
25 22
154 129
90 78
164 107
73 70
156 28
21 18
139 107
152 123
56 41
148 120
52 46
155 134
56 43
155 132
160 32
99 53
101 47
95 65
99 44
8 4
104 6
33 30
112 102
122 73
15 11
59 26
156 133
94 91
66 43
132 100
22 19
158 136
85 68
121 72
84 68
87 77
161 155
152 111
64 43
78 66
23 20
154 132
63 41
55 52
87 81
164 154
126 123
112 2
135 13
149 145
129 38
157 139
62 39
133 102
134 25
110 105
161 28
20 17
163 153
53 29
90 76
159 136
152 105
66 44
99 43
95 41
67 42
129 98
78 63
103 49
154 131
50 44
156 25
5 2
119 100
143 111
133 25
53 22
13 9
51 46
78 64
41 38
155 152
101 50
138 12
111 105
62 33
99 42
12 9
129 97
149 110
155 105
50 47
9 5
78 65
138 104
30 26
156 32
79 43
63 39
79 57
133 53
164 151
143 108
26 23
13 10
135 25
14 10
23 19
60 33
116 72
154 130
30 27
109 105
138 105
62 40
88 77
65 43
34 30
51 25
149 143
27 24
15 12
118 67
122 74
160 29
139 135
144 2
97 38
123 119
55 26
10 7
132 109
131 32
79 64
152 100
138 134
113 103
162 159
112 9
153 109
151 109
143 2
130 98
26 22
60 41
96 38
133 26
132 102
85 66
150 120
57 54
125 121
160 28
96 40
60 29
27 23
89 68
64 41
134 104
138 103
103 13
31 28
138 13
122 92
150 123
140 5
59 27
161 29
8 5
22 18
51 22
118 69
79 65
88 78
138 102
142 108
12 8
76 65
119 111
101 46
128 95
158 28
101 44
156 132
139 134
95 92
130 99
140 8
163 154
122 98
95 40
62 38
157 135
56 26
60 30
141 106
155 133
135 12
64 42
80 66
62 57
148 117
145 142
101 51
33 29
62 41
113 102
112 103
90 77
143 106
132 101
74 67
157 28
111 104
161 31
110 106
162 156
134 105
60 56
96 41
131 97
109 106
112 6
49 13
131 29
65 42
155 131
118 72
142 110
21 16
125 92
56 53
104 9
151 108
118 74
134 51
53 25
75 70
126 95
153 129
112 105
124 120
98 41
121 117
64 56
114 103
16 13
34 31
158 21
157 136
52 22
59 30
54 43
140 106
120 117
138 135
56 33
86 82
77 65
152 131
125 122
77 67
103 10
7 4
152 109
160 157
85 80
149 146
140 112
162 154
122 119
143 5
80 77
87 79
85 78
89 77
102 50
128 97
156 134
100 44
76 42
36 33
133 101
118 114
56 29
95 42
74 68
162 155
58 55
139 104
104 5
143 112
76 68
86 81
95 76
6 2
104 12
94 90
99 56
103 9
155 107
132 105
28 24
165 108
150 124
87 80
164 153
164 109
37 34
53 44
156 29
55 22
111 103
126 93
32 29
97 33
75 69
59 55
54 46
153 130
63 40
135 21
6 3
46 22
130 97
77 68
73 69
126 122
143 104
161 156
126 98
121 74
119 113
164 108
97 40
130 126
91 76
158 24
76 67
143 140
127 93
122 118
37 33
86 80
74 69
131 98
24 21
165 107
145 110
140 104
50 18
66 42
24 20
121 73
129 36
134 102
159 28
