7 4
27 24
9 6
29 26
25 22
6 2
24 21
10 7
12 8
6 3
26 23
29 25
28 24
26 22
8 5
14 11
9 5
25 21
13 9
13 10
12 9
28 25
5 2
14 10
10 6
15 12
27 23
98 42
122 74
76 42
11 8
30 27
11 7
133 53
7 3
8 4
78 63
30 26
24 20
23 20
160 107
66 45
104 9
65 40
153 130
160 28
15 11
132 105
145 110
152 132
110 106
57 54
161 156
57 53
158 136
57 43
51 25
56 53
63 40
99 29
159 136
138 134
95 40
62 38
95 65
62 35
105 102
31 28
122 42
53 46
131 97
103 10
60 35
122 76
114 10
141 107
154 131
59 35
120 117
114 47
65 42
75 70
121 118
132 102
52 46
48 14
146 2
160 136
140 9
99 43
38 35
31 27
16 13
139 136
122 119
123 98
114 13
79 66
162 155
142 106
135 22
56 29
77 68
64 59
161 154
154 32
97 41
122 118
116 72
58 54
154 129
63 41
54 46
62 39
49 14
133 99
164 155
58 55
135 21
114 103
64 57
66 43
119 116
55 52
54 45
139 107
138 135
143 110
56 26
130 100
152 130
134 105
96 40
78 65
152 102
16 12
23 19
64 40
65 43
130 123
138 76
121 117
118 69
139 102
143 106
36 33
103 9
120 116
37 34
37 33
63 39
64 41
56 43
160 157
114 49
153 131
138 51
140 107
48 10
134 102
142 108
143 140
123 120
131 32
140 106
97 42
88 77
48 13
53 45
151 110
79 45
129 97
139 105
162 154
144 112
51 44
114 48
96 39
22 19
131 99
112 104
161 155
118 115
41 38
61 35
32 28
152 134
39 36
62 40
78 64
56 52
138 105
98 43
73 70
162 139
17 14
110 105
88 78
86 83
123 100
84 68
160 156
65 41
53 44
144 138
32 29
77 65
150 123
128 98
138 102
118 114
96 41
152 131
62 37
90 65
52 45
123 119
117 114
153 129
50 44
145 142
89 75
62 33
163 34
144 110
137 134
87 77
154 130
141 106
62 59
52 44
144 140
94 40
109 106
131 98
74 70
62 41
59 56
119 115
129 98
85 82
104 5
133 51
64 43
119 101
63 38
138 104
55 26
87 84
152 109
143 138
163 154
