145 110
104 9
159 136
65 40
53 46
110 106
12 8
76 42
78 63
152 132
98 42
66 45
122 74
63 40
105 102
160 107
133 53
51 25
62 38
103 10
57 43
99 29
95 65
6 2
153 130
160 28
135 22
158 136
160 136
122 76
161 156
114 10
95 40
132 105
131 97
64 59
122 42
138 134
114 13
141 107
60 35
154 131
62 35
57 53
54 46
99 43
59 35
79 66
56 29
140 9
135 21
114 103
154 129
52 46
114 47
15 11
146 2
139 102
49 14
142 106
5 2
139 136
116 72
151 110
143 106
56 26
134 105
152 102
164 155
77 68
65 42
75 70
38 35
139 107
132 102
154 32
48 14
24 21
134 102
9 5
112 104
48 10
133 99
130 123
131 32
118 69
123 98
8 4
133 56
138 76
161 154
144 112
123 100
143 110
90 65
138 51
79 45
64 57
55 52
54 45
130 100
156 32
97 35
138 105
162 139
104 5
142 108
30 26
152 130
25 21
143 140
56 43
97 41
99 25
152 134
66 43
158 21
51 44
28 24
96 39
163 34
114 48
122 118
84 68
88 78
144 138
64 53
136 107
89 75
118 92
114 49
129 97
56 53
38 33
21 13
41 38
36 33
112 5
27 23
98 76
119 44
53 44
150 123
95 76
149 120
119 100
52 22
119 101
62 39
161 32
62 41
94 40
88 77
35 30
150 130
128 98
13 10
150 140
48 13
149 111
105 76
133 29
83 45
24 20
120 117
119 50
155 102
37 33
