25 22
7 4
24 21
6 3
28 25
9 6
29 26
27 24
25 21
9 5
26 22
26 23
12 8
8 4
10 7
13 10
28 24
8 5
6 2
14 11
5 2
13 9
15 12
7 3
27 23
30 27
10 6
23 20
11 8
29 25
24 20
12 9
14 10
31 28
11 7
57 54
30 26
15 11
57 53
63 40
121 118
161 156
16 13
31 27
98 42
120 117
56 53
53 46
38 35
153 130
141 107
62 38
139 136
154 131
138 134
122 119
160 157
143 140
65 42
58 55
138 135
122 74
36 33
37 34
152 132
62 39
95 40
64 40
131 97
55 52
60 35
99 43
159 136
97 41
54 46
32 29
105 102
65 40
16 12
52 46
140 107
23 19
63 41
122 118
22 25
4 7
21 24
3 6
25 28
6 9
26 29
24 27
21 25
5 9
22 26
23 26
8 12
4 8
7 10
10 13
24 28
5 8
2 6
11 14
2 5
9 13
12 15
3 7
23 27
27 30
6 10
20 23
8 11
25 29
20 24
9 12
10 14
28 31
7 11
54 57
26 30
11 15
53 57
40 63
118 121
156 161
13 16
27 31
42 98
117 120
53 56
46 53
35 38
130 153
107 141
38 62
136 139
131 154
134 138
119 122
157 160
140 143
42 65
55 58
135 138
74 122
33 36
34 37
132 152
39 62
40 95
40 64
97 131
52 55
35 60
43 99
136 159
41 97
46 54
29 32
102 105
40 65
12 16
46 52
107 140
19 23
41 63
118 122
