7 4
27 24
9 6
29 26
25 22
6 2
24 21
10 7
12 8
6 3
26 23
29 25
28 24
26 22
8 5
14 11
9 5
25 21
13 9
13 10
12 9
28 25
5 2
14 10
10 6
15 12
27 23
98 42
122 74
76 42
11 8
30 27
11 7
133 53
7 3
8 4
78 63
30 26
24 20
23 20
160 107
66 45
104 9
65 40
153 130
160 28
15 11
132 105
145 110
152 132
110 106
57 54
161 156
57 53
158 136
57 43
51 25
56 53
63 40
99 29
159 136
138 134
95 40
62 38
95 65
62 35
105 102
31 28
122 42
53 46
131 97
103 10
60 35
122 76
114 10
141 107
154 131
59 35
120 117
114 47
65 42
75 70
121 118
132 102
52 46
48 14
146 2
160 136
140 9
99 43
38 35
31 27
16 13
139 136
122 119
123 98
114 13
79 66
162 155
142 106
135 22
56 29
77 68
64 59
161 154
154 32
97 41
122 118
116 72
58 54
154 129
63 41
54 46
62 39
49 14
133 99
164 155
58 55
135 21
114 103
64 57
66 43
119 116
55 52
54 45
139 107
138 135
143 110
56 26
130 100
152 130
134 105
96 40
78 65
152 102
16 12
23 19
64 40
65 43
130 123
138 76
121 117
118 69
139 102
143 106
36 33
103 9
120 116
37 34
37 33
63 39
64 41
56 43
160 157
114 49
153 131
138 51
140 107
48 10
134 102
142 108
143 140
123 120
131 32
140 106
97 42
88 77
48 13
4 7
24 27
6 9
26 29
22 25
2 6
21 24
7 10
8 12
3 6
23 26
25 29
24 28
22 26
5 8
11 14
5 9
21 25
9 13
10 13
9 12
25 28
2 5
10 14
6 10
12 15
23 27
42 98
74 122
42 76
8 11
27 30
7 11
53 133
3 7
4 8
63 78
26 30
20 24
20 23
107 160
45 66
9 104
40 65
130 153
28 160
11 15
105 132
110 145
132 152
106 110
54 57
156 161
53 57
136 158
43 57
25 51
53 56
40 63
29 99
136 159
134 138
40 95
38 62
65 95
35 62
102 105
28 31
42 122
46 53
97 131
10 103
35 60
76 122
10 114
107 141
131 154
35 59
117 120
47 114
42 65
70 75
118 121
102 132
46 52
14 48
2 146
136 160
9 140
43 99
35 38
27 31
13 16
136 139
119 122
98 123
13 114
66 79
155 162
106 142
22 135
29 56
68 77
59 64
154 161
32 154
41 97
118 122
72 116
54 58
129 154
41 63
46 54
39 62
14 49
99 133
155 164
55 58
21 135
103 114
57 64
43 66
116 119
52 55
45 54
107 139
135 138
110 143
26 56
100 130
130 152
105 134
40 96
65 78
102 152
12 16
19 23
40 64
43 65
123 130
76 138
117 121
69 118
102 139
106 143
33 36
9 103
116 120
34 37
33 37
39 63
41 64
43 56
157 160
49 114
131 153
51 138
107 140
10 48
102 134
108 142
140 143
120 123
32 131
106 140
42 97
77 88
13 48
