145 110
104 9
159 136
65 40
53 46
110 106
12 8
76 42
78 63
152 132
98 42
66 45
122 74
63 40
105 102
160 107
133 53
51 25
62 38
103 10
57 43
99 29
95 65
6 2
153 130
160 28
135 22
158 136
160 136
122 76
161 156
114 10
95 40
132 105
131 97
64 59
122 42
138 134
114 13
141 107
60 35
154 131
62 35
57 53
54 46
99 43
59 35
79 66
56 29
140 9
135 21
114 103
154 129
52 46
114 47
15 11
146 2
139 102
49 14
142 106
5 2
139 136
116 72
151 110
143 106
56 26
134 105
152 102
164 155
77 68
65 42
75 70
38 35
139 107
132 102
154 32
48 14
24 21
134 102
9 5
112 104
48 10
133 99
130 123
110 145
9 104
136 159
40 65
46 53
106 110
8 12
42 76
63 78
132 152
42 98
45 66
74 122
40 63
102 105
107 160
53 133
25 51
38 62
10 103
43 57
29 99
65 95
2 6
130 153
28 160
22 135
136 158
136 160
76 122
156 161
10 114
40 95
105 132
97 131
59 64
42 122
134 138
13 114
107 141
35 60
131 154
35 62
53 57
46 54
43 99
35 59
66 79
29 56
9 140
21 135
103 114
129 154
46 52
47 114
11 15
2 146
102 139
14 49
106 142
2 5
136 139
72 116
110 151
106 143
26 56
105 134
102 152
155 164
68 77
42 65
70 75
35 38
107 139
102 132
32 154
14 48
21 24
102 134
5 9
104 112
10 48
99 133
123 130
