105 102
123 106
99 74
98 84
159 76
144 74
120 88
106 100
192 160
164 142
172 61
121 113
169 159
179 173
24 21
155 146
109 98
171 152
112 31
145 61
89 21
85 28
50 29
21 18
123 100
215 195
98 78
38 35
115 31
96 87
49 46
122 95
13 9
96 73
91 62
123 113
141 74
167 163
163 144
53 44
90 59
56 9
125 100
154 150
131 99
115 27
94 91
212 194
109 28
112 108
82 55
24 20
39 35
124 97
90 17
106 78
100 74
127 101
42 32
17 10
30 26
88 55
155 149
111 31
182 151
121 88
121 85
231 228
121 98
141 97
104 40
95 72
109 100
210 176
214 192
109 78
86 58
110 106
130 126
228 130
82 28
234 230
200 60
102 99
181 177
115 111
89 24
173 152
125 106
86 25
190 156
230 227
205 52
123 109
235 229
107 99
108 80
84 78
100 78
159 146
9 6
22 7
141 137
104 37
112 109
55 51
209 57
213 198
214 194
207 103
15 10
105 80
99 76
145 109
182 178
55 25
192 187
163 76
111 35
179 152
125 103
154 151
55 29
94 88
147 54
215 193
234 227
155 150
109 105
204 52
208 199
50 33
213 168
212 197
109 102
169 160
214 156
121 109
94 73
141 99
11 7
118 89
145 73
141 131
163 139
207 53
235 226
21 17
86 55
71 67
120 96
107 103
114 110
159 150
234 222
232 227
131 124
143 73
140 72
47 33
71 68
96 88
49 44
227 219
50 45
159 144
112 85
172 58
157 154
112 28
172 145
82 58
170 107
27 23
162 128
122 97
149 146
42 36
34 31
30 27
205 202
161 132
50 32
180 173
19 7
224 220
162 74
78 74
101 98
105 39
158 150
205 200
109 106
195 168
111 39
144 99
170 94
123 110
87 62
8 5
212 173
184 181
28 17
227 222
198 64
215 168
82 61
40 36
167 164
125 80
230 222
125 101
158 128
114 111
173 155
113 110
55 50
235 231
97 72
216 191
159 105
183 153
54 44
171 155
50 42
145 96
108 55
229 226
222 219
16 8
131 100
149 128
184 85
33 30
37 34
211 200
24 18
57 40
148 105
211 61
88 50
234 223
53 49
231 227
108 35
163 159
57 36
192 156
80 39
233 224
181 11
57 42
116 89
82 25
101 78
11 6
183 155
112 55
10 7
105 44
150 100
216 192
81 77
32 14
145 87
171 54
129 116
212 179
142 72
57 49
232 228
96 72
10 6
121 118
90 25
166 27
213 170
105 101
128 45
159 155
208 175
163 105
145 74
108 100
233 226
180 176
109 88
117 48
174 171
131 97
155 152
235 225
44 36
37 17
113 109
125 105
35 31
187 156
58 35
183 156
123 78
235 230
105 40
41 36
56 51
210 174
20 16
230 223
43 35
101 43
153 120
231 224
33 29
216 160
197 177
18 14
108 28
192 170
215 201
170 143
85 32
50 44
208 49
165 15
58 31
144 128
122 113
54 43
33 15
22 10
187 160
16 12
204 9
43 29
12 9
182 69
139 133
89 46
94 84
226 157
211 56
16 11
62 59
102 42
96 91
163 74
210 199
179 171
194 156
45 42
105 55
80 43
234 228
55 43
164 63
80 54
108 102
102 105
106 123
74 99
84 98
76 159
74 144
88 120
100 106
160 192
142 164
61 172
113 121
159 169
173 179
21 24
146 155
98 109
152 171
31 112
61 145
21 89
28 85
29 50
18 21
100 123
195 215
78 98
35 38
31 115
87 96
46 49
95 122
9 13
73 96
62 91
113 123
74 141
163 167
144 163
44 53
59 90
9 56
100 125
150 154
99 131
27 115
91 94
194 212
28 109
108 112
55 82
20 24
35 39
97 124
17 90
78 106
74 100
101 127
32 42
10 17
26 30
55 88
149 155
31 111
151 182
88 121
85 121
228 231
98 121
97 141
40 104
72 95
100 109
176 210
192 214
78 109
58 86
106 110
126 130
130 228
28 82
230 234
60 200
99 102
177 181
111 115
24 89
152 173
106 125
25 86
156 190
227 230
52 205
109 123
229 235
99 107
80 108
78 84
78 100
146 159
6 9
7 22
137 141
37 104
109 112
51 55
57 209
198 213
194 214
103 207
10 15
80 105
76 99
109 145
178 182
25 55
187 192
76 163
35 111
152 179
103 125
151 154
29 55
88 94
54 147
193 215
227 234
150 155
105 109
52 204
199 208
33 50
168 213
197 212
102 109
160 169
156 214
109 121
73 94
99 141
7 11
89 118
73 145
131 141
139 163
53 207
226 235
17 21
55 86
67 71
96 120
103 107
110 114
150 159
222 234
227 232
124 131
73 143
72 140
33 47
68 71
88 96
44 49
219 227
45 50
144 159
85 112
58 172
154 157
28 112
145 172
58 82
107 170
23 27
128 162
97 122
146 149
36 42
31 34
27 30
202 205
132 161
32 50
173 180
7 19
220 224
74 162
74 78
98 101
39 105
150 158
200 205
106 109
168 195
39 111
99 144
94 170
110 123
62 87
5 8
173 212
181 184
17 28
222 227
64 198
168 215
61 82
36 40
164 167
80 125
222 230
101 125
128 158
111 114
155 173
110 113
50 55
231 235
72 97
191 216
105 159
153 183
44 54
155 171
42 50
96 145
55 108
226 229
219 222
8 16
100 131
128 149
85 184
30 33
34 37
200 211
18 24
40 57
105 148
61 211
50 88
223 234
49 53
227 231
35 108
159 163
36 57
156 192
39 80
224 233
11 181
42 57
89 116
25 82
78 101
6 11
155 183
55 112
7 10
44 105
100 150
192 216
77 81
14 32
87 145
54 171
116 129
179 212
72 142
49 57
228 232
72 96
6 10
118 121
25 90
27 166
170 213
101 105
45 128
155 159
175 208
105 163
74 145
100 108
226 233
176 180
88 109
48 117
171 174
97 131
152 155
225 235
36 44
17 37
109 113
105 125
31 35
156 187
35 58
156 183
78 123
230 235
40 105
36 41
51 56
174 210
16 20
223 230
35 43
43 101
120 153
224 231
29 33
160 216
177 197
14 18
28 108
170 192
201 215
143 170
32 85
44 50
49 208
15 165
31 58
128 144
113 122
43 54
15 33
10 22
160 187
12 16
9 204
29 43
9 12
69 182
133 139
46 89
84 94
157 226
56 211
11 16
59 62
42 102
91 96
74 163
199 210
171 179
156 194
42 45
55 105
43 80
228 234
43 55
63 164
54 80
102 108
