112 109
110 107
109 106
111 108
114 111
24 21
12 9
108 105
156 153
157 154
111 107
155 152
109 105
110 106
13 10
112 108
38 35
39 36
113 110
159 156
113 109
114 110
11 8
13 9
21 18
180 177
40 37
158 155
181 178
154 151
40 36
24 20
25 22
157 153
115 111
39 35
14 11
115 112
181 177
25 21
158 154
49 46
22 19
106 103
105 102
144 74
10 7
107 104
156 152
154 150
234 231
182 178
235 232
54 51
108 104
55 52
33 30
223 220
188 185
94 91
159 155
167 164
182 179
14 10
155 151
95 72
222 219
71 68
106 100
34 31
96 73
215 195
23 20
12 8
55 51
9 6
216 193
21 17
214 192
11 7
37 34
233 230
160 157
215 193
187 184
107 103
53 50
180 176
214 194
8 5
95 73
99 74
15 11
52 49
179 176
214 195
35 32
167 163
189 186
224 221
214 193
184 181
234 230
50 47
124 97
123 98
215 194
116 113
106 102
183 180
190 187
225 222
159 76
123 97
213 194
123 100
235 231
227 224
15 12
161 158
53 44
205 202
183 179
30 27
164 142
163 160
51 48
102 99
122 98
155 150
229 226
232 229
122 97
122 95
106 101
15 10
31 28
123 106
41 37
22 18
185 182
49 45
26 23
155 149
96 72
38 34
116 112
141 74
121 113
231 228
10 6
23 19
26 22
228 225
224 220
123 99
186 183
7 4
6 3
97 73
162 159
122 96
98 78
125 100
71 67
104 40
90 87
90 17
160 156
143 73
112 31
169 159
54 50
127 101
172 61
230 227
141 138
32 29
27 24
192 160
120 88
96 87
98 74
171 152
34 30
72 69
5 2
105 101
123 113
50 46
9 5
149 146
19 16
208 199
97 74
233 229
155 146
50 45
215 192
212 194
92 89
17 14
17 10
212 197
100 74
124 99
56 52
107 99
179 173
18 15
126 100
95 92
91 62
107 102
96 88
130 126
45 42
115 31
28 25
100 78
94 73
16 13
125 101
98 84
223 219
35 31
141 97
124 98
216 192
121 98
56 53
205 52
142 73
143 74
29 26
122 113
97 72
213 198
161 157
20 17
49 44
121 88
207 204
212 198
94 72
82 55
16 12
107 100
189 185
99 75
144 73
18 14
235 229
141 137
169 160
126 101
188 184
213 168
36 33
191 188
41 38
142 139
70 67
72 68
53 49
104 37
51 47
89 21
190 186
85 28
163 159
226 223
8 4
30 26
91 88
99 76
99 78
232 228
121 97
108 80
50 29
206 203
204 201
31 27
227 223
106 78
33 29
19 15
137 134
27 23
101 98
16 10
221 218
32 28
109 78
229 225
105 100
42 39
20 16
124 100
62 59
43 40
145 73
200 60
16 11
210 176
145 74
41 36
145 61
209 200
105 40
191 187
187 183
109 98
166 163
225 221
54 44
95 91
54 43
57 54
142 72
226 222
130 127
196 193
222 218
235 226
88 55
56 51
154 149
213 195
42 36
216 191
108 102
125 106
211 199
159 150
231 227
126 99
168 165
206 202
140 137
178 175
207 203
173 152
91 87
197 194
142 74
104 101
162 158
153 150
84 78
42 32
111 31
212 209
235 230
50 44
6 2
109 112
107 110
106 109
108 111
111 114
21 24
9 12
105 108
153 156
154 157
107 111
152 155
105 109
106 110
10 13
108 112
35 38
36 39
110 113
156 159
109 113
110 114
8 11
9 13
18 21
177 180
37 40
155 158
178 181
151 154
36 40
20 24
22 25
153 157
111 115
35 39
11 14
112 115
177 181
21 25
154 158
46 49
19 22
103 106
102 105
74 144
7 10
104 107
152 156
150 154
231 234
178 182
232 235
51 54
104 108
52 55
30 33
220 223
185 188
91 94
155 159
164 167
179 182
10 14
151 155
72 95
219 222
68 71
100 106
31 34
73 96
195 215
20 23
8 12
51 55
6 9
193 216
17 21
192 214
7 11
34 37
230 233
157 160
193 215
184 187
103 107
50 53
176 180
194 214
5 8
73 95
74 99
11 15
49 52
176 179
195 214
32 35
163 167
186 189
221 224
193 214
181 184
230 234
47 50
97 124
98 123
194 215
113 116
102 106
180 183
187 190
222 225
76 159
97 123
194 213
100 123
231 235
224 227
12 15
158 161
44 53
202 205
179 183
27 30
142 164
160 163
48 51
99 102
98 122
150 155
226 229
229 232
97 122
95 122
101 106
10 15
28 31
106 123
37 41
18 22
182 185
45 49
23 26
149 155
72 96
34 38
112 116
74 141
113 121
228 231
6 10
19 23
22 26
225 228
220 224
99 123
183 186
4 7
3 6
73 97
159 162
96 122
78 98
100 125
67 71
40 104
87 90
17 90
156 160
73 143
31 112
159 169
50 54
101 127
61 172
227 230
138 141
29 32
24 27
160 192
88 120
87 96
74 98
152 171
30 34
69 72
2 5
101 105
113 123
46 50
5 9
146 149
16 19
199 208
74 97
229 233
146 155
45 50
192 215
194 212
89 92
14 17
10 17
197 212
74 100
99 124
52 56
99 107
173 179
15 18
100 126
92 95
62 91
102 107
88 96
126 130
42 45
31 115
25 28
78 100
73 94
13 16
101 125
84 98
219 223
31 35
97 141
98 124
192 216
98 121
53 56
52 205
73 142
74 143
26 29
113 122
72 97
198 213
157 161
17 20
44 49
88 121
204 207
198 212
72 94
55 82
12 16
100 107
185 189
75 99
73 144
14 18
229 235
137 141
160 169
101 126
184 188
168 213
33 36
188 191
38 41
139 142
67 70
68 72
49 53
37 104
47 51
21 89
186 190
28 85
159 163
223 226
4 8
26 30
88 91
76 99
78 99
228 232
97 121
80 108
29 50
203 206
201 204
27 31
223 227
78 106
29 33
15 19
134 137
23 27
98 101
10 16
218 221
28 32
78 109
225 229
100 105
39 42
16 20
100 124
59 62
40 43
73 145
60 200
11 16
176 210
74 145
36 41
61 145
200 209
40 105
187 191
183 187
98 109
163 166
221 225
44 54
91 95
43 54
54 57
72 142
222 226
127 130
193 196
218 222
226 235
55 88
51 56
149 154
195 213
36 42
191 216
102 108
106 125
199 211
150 159
227 231
99 126
165 168
202 206
137 140
175 178
203 207
152 173
87 91
194 197
74 142
101 104
158 162
150 153
78 84
32 42
31 111
209 212
230 235
44 50
2 6
