105 102
123 106
99 74
98 84
159 76
144 74
120 88
106 100
192 160
164 142
172 61
121 113
169 159
179 173
24 21
155 146
109 98
171 152
112 31
145 61
89 21
85 28
50 29
21 18
123 100
215 195
98 78
38 35
115 31
96 87
49 46
122 95
13 9
96 73
91 62
123 113
141 74
167 163
163 144
53 44
90 59
56 9
125 100
154 150
131 99
115 27
94 91
212 194
109 28
112 108
82 55
24 20
39 35
124 97
90 17
106 78
100 74
127 101
42 32
17 10
30 26
88 55
155 149
111 31
182 151
121 88
121 85
231 228
121 98
141 97
104 40
95 72
109 100
210 176
214 192
109 78
86 58
110 106
130 126
228 130
82 28
234 230
200 60
102 99
181 177
115 111
89 24
173 152
125 106
86 25
190 156
230 227
205 52
123 109
235 229
107 99
108 80
84 78
100 78
159 146
9 6
22 7
141 137
104 37
112 109
55 51
209 57
213 198
214 194
207 103
15 10
105 80
99 76
145 109
182 178
55 25
192 187
163 76
111 35
102 105
106 123
74 99
84 98
76 159
74 144
88 120
100 106
160 192
142 164
61 172
113 121
159 169
173 179
21 24
146 155
98 109
152 171
31 112
61 145
21 89
28 85
29 50
18 21
100 123
195 215
78 98
35 38
31 115
87 96
46 49
95 122
9 13
73 96
62 91
113 123
74 141
163 167
144 163
44 53
59 90
9 56
100 125
150 154
99 131
27 115
91 94
194 212
28 109
108 112
55 82
20 24
35 39
97 124
17 90
78 106
74 100
101 127
32 42
10 17
26 30
55 88
149 155
31 111
151 182
88 121
85 121
228 231
98 121
97 141
40 104
72 95
100 109
176 210
192 214
78 109
58 86
106 110
126 130
130 228
28 82
230 234
60 200
99 102
177 181
111 115
24 89
152 173
106 125
25 86
156 190
227 230
52 205
109 123
229 235
99 107
80 108
78 84
78 100
146 159
6 9
7 22
137 141
37 104
109 112
51 55
57 209
198 213
194 214
103 207
10 15
80 105
76 99
109 145
178 182
25 55
187 192
76 163
35 111
