105 102
123 106
99 74
98 84
159 76
144 74
120 88
106 100
192 160
164 142
172 61
121 113
169 159
179 173
24 21
155 146
109 98
171 152
112 31
145 61
89 21
85 28
50 29
21 18
123 100
215 195
98 78
38 35
115 31
96 87
49 46
122 95
13 9
96 73
91 62
123 113
141 74
167 163
163 144
53 44
90 59
56 9
125 100
154 150
131 99
115 27
94 91
212 194
109 28
112 108
82 55
24 20
39 35
124 97
90 17
106 78
100 74
127 101
42 32
17 10
30 26
88 55
155 149
111 31
182 151
121 88
121 85
231 228
121 98
141 97
104 40
95 72
109 100
210 176
214 192
109 78
86 58
110 106
130 126
228 130
82 28
234 230
200 60
102 99
181 177
115 111
89 24
173 152
125 106
86 25
190 156
230 227
205 52
123 109
235 229
107 99
108 80
84 78
100 78
159 146
9 6
22 7
141 137
104 37
112 109
55 51
209 57
213 198
214 194
207 103
15 10
105 80
99 76
145 109
182 178
55 25
192 187
163 76
111 35
179 152
125 103
154 151
55 29
94 88
147 54
215 193
234 227
155 150
109 105
204 52
208 199
50 33
213 168
212 197
109 102
169 160
214 156
121 109
94 73
141 99
11 7
118 89
145 73
141 131
163 139
207 53
235 226
21 17
86 55
71 67
120 96
107 103
114 110
159 150
234 222
232 227
131 124
143 73
140 72
47 33
71 68
96 88
49 44
227 219
50 45
159 144
112 85
172 58
157 154
112 28
172 145
82 58
170 107
27 23
162 128
122 97
149 146
42 36
34 31
30 27
205 202
161 132
50 32
180 173
19 7
224 220
162 74
78 74
101 98
105 39
158 150
205 200
109 106
195 168
111 39
144 99
170 94
123 110
87 62
8 5
212 173
184 181
28 17
227 222
198 64
215 168
82 61
40 36
167 164
125 80
230 222
125 101
158 128
114 111
173 155
113 110
55 50
235 231
97 72
216 191
159 105
183 153
54 44
171 155
50 42
145 96
108 55
229 226
222 219
16 8
131 100
149 128
184 85
33 30
37 34
211 200
24 18
57 40
