100 78
11 8
9 6
150 146
186 182
116 89
86 59
217 165
143 73
147 57
229 127
53 50
141 73
171 145
91 67
211 172
34 31
144 141
88 84
51 3
50 42
22 3
128 99
91 68
142 70
40 36
229 226
209 57
140 136
204 5
33 29
97 73
160 157
80 42
168 142
27 23
157 153
114 111
91 87
121 97
55 28
147 83
213 194
224 190
31 28
235 157
21 17
209 201
87 59
108 104
94 71
169 156
170 145
15 11
202 52
111 31
64 60
123 98
187 184
49 46
53 44
131 127
85 81
98 85
170 64
155 146
131 126
112 32
109 98
80 41
120 95
167 164
51 25
194 184
109 85
144 75
144 74
190 157
148 77
57 52
187 152
224 189
184 180
235 231
162 74
86 54
12 8
17 7
12 9
110 107
143 65
138 134
126 99
229 129
85 75
80 54
221 191
181 177
160 144
217 193
202 53
89 25
52 49
67 62
73 70
214 192
108 41
7 3
158 129
114 110
118 92
169 160
45 42
213 64
98 79
8 5
179 153
84 74
143 72
65 62
137 97
45 33
111 35
159 146
216 139
16 11
90 15
220 191
211 173
133 130
109 106
56 10
209 173
96 74
204 52
231 225
214 160
128 101
170 146
87 83
57 53
145 84
130 127
131 128
214 187
137 131
214 193
182 152
85 82
218 192
97 72
203 5
24 21
88 85
180 176
213 65
225 129
219 165
49 44
224 160
91 88
54 50
231 154
172 58
188 184
163 143
212 152
28 24
209 172
212 197
196 64
142 71
217 191
168 163
158 154
105 41
62 13
61 58
191 160
169 146
231 129
143 70
190 160
170 65
14 11
212 171
208 201
38 34
212 198
83 61
33 30
26 23
51 2
51 6
134 130
216 191
216 160
89 86
93 68
73 67
213 196
216 165
194 187
35 31
99 77
171 148
95 72
155 148
212 169
55 25
145 87
109 100
211 64
108 80
88 73
228 129
83 59
163 139
211 197
216 166
213 170
121 96
186 183
163 144
207 174
230 129
6 3
180 177
126 100
162 131
167 163
22 18
86 81
211 196
87 73
118 85
65 61
106 100
155 152
121 95
209 174
115 27
158 150
123 106
86 82
121 88
214 168
100 77
52 48
90 10
56 51
171 155
206 201
98 81
45 36
158 76
119 92
235 182
112 28
9 5
108 39
122 95
162 140
212 173
122 96
56 6
86 55
5 2
116 113
197 194
145 83
171 146
215 168
214 195
179 176
113 110
121 113
192 160
234 226
99 76
98 74
116 27
34 30
56 9
154 151
89 28
42 36
170 61
83 58
172 83
157 129
168 143
62 15
202 57
90 21
94 88
55 29
185 153
233 229
210 197
87 84
228 127
173 152
105 80
161 132
165 139
81 78
155 150
169 143
25 21
190 161
82 77
216 168
116 85
183 151
67 61
159 156
57 54
140 72
216 169
115 112
96 72
90 67
170 144
218 191
211 198
162 159
123 97
121 85
120 94
13 10
208 174
50 47
108 31
59 10
26 22
214 194
148 78
50 32
110 106
209 202
124 97
158 132
235 186
118 113
94 70
91 62
191 187
30 26
171 152
162 144
200 60
25 6
82 58
227 129
29 26
193 187
10 6
213 198
30 27
47 29
112 81
38 35
81 77
147 82
108 79
8 4
109 105
98 75
215 192
132 129
66 62
144 73
84 77
131 124
141 72
164 139
133 129
55 52
181 178
183 156
233 230
82 79
94 87
192 169
212 170
81 75
118 88
112 108
231 158
98 84
210 199
215 195
94 72
213 168
96 75
90 62
125 102
170 143
82 57
86 83
215 193
146 76
123 109
125 103
39 36
188 185
232 229
219 191
231 226
224 221
41 32
235 232
215 194
224 220
171 147
29 25
64 61
214 156
207 202
60 56
107 103
234 230
158 155
54 42
143 67
172 61
105 102
93 71
156 153
50 33
50 44
53 49
205 53
124 106
141 137
121 98
95 73
226 157
23 19
162 132
97 74
27 24
51 47
86 25
225 128
90 59
216 192
213 169
216 163
13 9
39 35
193 188
147 77
105 100
235 154
116 28
214 169
198 64
120 96
137 74
148 76
56 52
56 53
137 132
218 165
167 141
206 203
87 62
172 147
179 152
54 44
216 167
137 134
162 141
162 138
86 28
206 202
221 190
183 179
161 157
215 166
161 133
41 36
123 100
156 152
124 98
157 154
109 79
147 58
115 31
203 56
123 110
192 188
99 74
191 188
132 128
108 35
125 106
203 52
210 174
211 171
235 153
147 78
213 195
90 86
211 170
96 88
226 223
234 231
84 75
224 157
217 192
215 167
55 51
173 148
125 100
87 61
15 10
59 56
169 144
146 75
216 164
63 60
145 74
90 17
37 34
225 158
113 109
123 113
164 142
89 24
69 66
231 157
173 147
106 102
182 179
49 45
70 66
134 131
208 200
116 112
183 153
189 186
185 182
7 4
186 153
183 152
50 45
87 67
142 73
179 151
154 150
60 57
208 175
100 79
105 79
186 157
171 156
213 197
168 144
187 183
145 61
118 114
159 155
63 59
17 11
102 79
220 139
84 73
208 199
32 28
22 17
221 189
209 199
55 50
24 20
128 76
25 22
163 160
141 74
190 156
84 58
106 79
207 201
70 67
182 153
89 85
118 89
211 61
6 2
146 77
41 35
220 190
37 33
107 104
51 29
59 15
79 41
159 76
187 156
124 99
121 109
96 85
144 76
126 101
94 84
230 227
90 87
85 58
230 226
159 128
51 48
185 181
96 73
105 39
112 85
192 187
205 52
210 173
220 160
52 6
21 18
96 84
22 7
163 159
145 73
225 132
210 200
160 156
172 145
85 28
48 2
182 151
32 29
190 186
183 180
109 81
162 76
16 10
205 201
214 171
36 33
111 107
186 152
95 71
172 148
228 130
226 129
124 100
190 187
122 98
145 76
141 97
118 96
125 101
94 73
171 159
59 55
82 54
155 151
62 59
169 163
58 54
14 10
99 75
202 56
54 51
164 140
168 65
131 99
225 157
210 175
187 160
209 60
225 161
212 194
87 58
220 138
209 200
94 91
82 78
163 141
23 20
138 132
186 156
31 27
158 128
203 9
180 152
159 144
122 97
97 75
116 24
98 77
198 63
220 161
108 105
50 29
55 6
164 141
217 166
214 170
112 109
111 108
182 178
92 88
58 55
140 137
167 143
172 57
94 67
161 139
25 17
169 159
117 114
63 13
130 126
84 81
17 10
54 32
96 87
112 31
115 111
104 39
50 46
212 196
225 133
83 75
22 19
121 118
235 151
11 7
161 138
145 75
162 139
167 142
143 74
80 32
172 60
210 172
89 21
42 33
83 57
113 85
224 161
28 25
232 154
161 158
92 89
219 139
155 76
86 58
210 198
35 32
172 146
42 32
162 137
142 72
138 135
127 101
184 181
36 32
211 60
138 133
10 7
106 103
205 202
158 146
189 185
78 100
8 11
6 9
146 150
182 186
89 116
59 86
165 217
73 143
57 147
127 229
50 53
73 141
145 171
67 91
172 211
31 34
141 144
84 88
3 51
42 50
3 22
99 128
68 91
70 142
36 40
226 229
57 209
136 140
5 204
29 33
73 97
157 160
42 80
142 168
23 27
153 157
111 114
87 91
97 121
28 55
83 147
194 213
190 224
28 31
157 235
17 21
201 209
59 87
104 108
71 94
156 169
145 170
11 15
52 202
31 111
60 64
98 123
184 187
46 49
44 53
127 131
81 85
85 98
64 170
146 155
126 131
32 112
98 109
41 80
95 120
164 167
25 51
184 194
85 109
75 144
74 144
157 190
77 148
52 57
152 187
189 224
180 184
231 235
74 162
54 86
8 12
7 17
9 12
107 110
65 143
134 138
99 126
129 229
75 85
54 80
191 221
177 181
144 160
193 217
53 202
25 89
49 52
62 67
70 73
192 214
41 108
3 7
129 158
110 114
92 118
160 169
42 45
64 213
79 98
5 8
153 179
74 84
72 143
62 65
97 137
33 45
35 111
146 159
139 216
11 16
15 90
191 220
173 211
130 133
106 109
10 56
173 209
74 96
52 204
225 231
160 214
101 128
146 170
83 87
53 57
84 145
127 130
128 131
187 214
131 137
193 214
152 182
82 85
192 218
72 97
5 203
21 24
85 88
176 180
65 213
129 225
165 219
44 49
160 224
88 91
50 54
154 231
58 172
184 188
143 163
152 212
24 28
172 209
197 212
64 196
71 142
191 217
163 168
154 158
41 105
13 62
58 61
160 191
146 169
129 231
70 143
160 190
65 170
11 14
171 212
201 208
34 38
198 212
61 83
30 33
23 26
2 51
6 51
130 134
191 216
160 216
86 89
68 93
67 73
196 213
165 216
187 194
31 35
77 99
148 171
72 95
148 155
169 212
25 55
87 145
100 109
64 211
80 108
73 88
129 228
59 83
139 163
197 211
166 216
170 213
96 121
183 186
144 163
174 207
129 230
3 6
177 180
100 126
131 162
163 167
18 22
81 86
196 211
73 87
85 118
61 65
100 106
152 155
95 121
174 209
27 115
150 158
106 123
82 86
88 121
168 214
77 100
48 52
10 90
51 56
155 171
201 206
81 98
36 45
76 158
92 119
182 235
28 112
5 9
39 108
95 122
140 162
173 212
96 122
6 56
55 86
2 5
113 116
194 197
83 145
146 171
168 215
195 214
176 179
110 113
113 121
160 192
226 234
76 99
74 98
27 116
30 34
9 56
151 154
28 89
36 42
61 170
58 83
83 172
129 157
143 168
15 62
57 202
21 90
88 94
29 55
153 185
229 233
197 210
84 87
127 228
152 173
80 105
132 161
139 165
78 81
150 155
143 169
21 25
161 190
77 82
168 216
85 116
151 183
61 67
156 159
54 57
72 140
169 216
112 115
72 96
67 90
144 170
191 218
198 211
159 162
97 123
85 121
94 120
10 13
174 208
47 50
31 108
10 59
22 26
194 214
78 148
32 50
106 110
202 209
97 124
132 158
186 235
113 118
70 94
62 91
187 191
26 30
152 171
144 162
60 200
6 25
58 82
129 227
26 29
187 193
6 10
198 213
27 30
29 47
81 112
35 38
77 81
82 147
79 108
4 8
105 109
75 98
192 215
129 132
62 66
73 144
77 84
124 131
72 141
139 164
129 133
52 55
178 181
156 183
230 233
79 82
87 94
169 192
170 212
75 81
88 118
108 112
158 231
84 98
199 210
195 215
72 94
168 213
75 96
62 90
102 125
143 170
57 82
83 86
193 215
76 146
109 123
103 125
36 39
185 188
229 232
191 219
226 231
221 224
32 41
232 235
194 215
220 224
147 171
25 29
61 64
156 214
202 207
56 60
103 107
230 234
155 158
42 54
67 143
61 172
102 105
71 93
153 156
33 50
44 50
49 53
53 205
106 124
137 141
98 121
73 95
157 226
19 23
132 162
74 97
24 27
47 51
25 86
128 225
59 90
192 216
169 213
163 216
9 13
35 39
188 193
77 147
100 105
154 235
28 116
169 214
64 198
96 120
74 137
76 148
52 56
53 56
132 137
165 218
141 167
203 206
62 87
147 172
152 179
44 54
167 216
134 137
141 162
138 162
28 86
202 206
190 221
179 183
157 161
166 215
133 161
36 41
100 123
152 156
98 124
154 157
79 109
58 147
31 115
56 203
110 123
188 192
74 99
188 191
128 132
35 108
106 125
52 203
174 210
171 211
153 235
78 147
195 213
86 90
170 211
88 96
223 226
231 234
75 84
157 224
192 217
167 215
51 55
148 173
100 125
61 87
10 15
56 59
144 169
75 146
164 216
60 63
74 145
17 90
34 37
158 225
109 113
113 123
142 164
24 89
66 69
157 231
147 173
102 106
179 182
45 49
66 70
131 134
200 208
112 116
153 183
186 189
182 185
4 7
153 186
152 183
45 50
67 87
73 142
151 179
150 154
57 60
175 208
79 100
79 105
157 186
156 171
197 213
144 168
183 187
61 145
114 118
155 159
59 63
11 17
79 102
139 220
73 84
199 208
28 32
17 22
189 221
199 209
50 55
20 24
76 128
22 25
160 163
74 141
156 190
58 84
79 106
201 207
67 70
153 182
85 89
89 118
61 211
2 6
77 146
35 41
190 220
33 37
104 107
29 51
15 59
41 79
76 159
156 187
99 124
109 121
85 96
76 144
101 126
84 94
227 230
87 90
58 85
226 230
128 159
48 51
181 185
73 96
39 105
85 112
187 192
52 205
173 210
160 220
6 52
18 21
84 96
7 22
159 163
73 145
132 225
200 210
156 160
145 172
28 85
2 48
151 182
29 32
186 190
180 183
81 109
76 162
10 16
201 205
171 214
33 36
107 111
152 186
71 95
148 172
130 228
129 226
100 124
187 190
98 122
76 145
97 141
96 118
101 125
73 94
159 171
55 59
54 82
151 155
59 62
163 169
54 58
10 14
75 99
56 202
51 54
140 164
65 168
99 131
157 225
175 210
160 187
60 209
161 225
194 212
58 87
138 220
200 209
91 94
78 82
141 163
20 23
132 138
156 186
27 31
128 158
9 203
152 180
144 159
97 122
75 97
24 116
77 98
63 198
161 220
105 108
29 50
6 55
141 164
166 217
170 214
109 112
108 111
178 182
88 92
55 58
137 140
143 167
57 172
67 94
139 161
17 25
159 169
114 117
13 63
126 130
81 84
10 17
32 54
87 96
31 112
111 115
39 104
46 50
196 212
133 225
75 83
19 22
118 121
151 235
7 11
138 161
75 145
139 162
142 167
74 143
32 80
60 172
172 210
21 89
33 42
57 83
85 113
161 224
25 28
154 232
158 161
89 92
139 219
76 155
58 86
198 210
32 35
146 172
32 42
137 162
72 142
135 138
101 127
181 184
32 36
60 211
133 138
7 10
103 106
202 205
146 158
185 189
