110 106
112 109
111 108
110 107
109 106
38 35
24 21
21 18
112 108
113 110
109 105
108 105
157 154
114 111
155 152
111 107
159 76
12 9
114 110
105 102
13 9
158 155
113 109
171 152
99 74
156 153
121 113
40 37
144 74
181 178
24 20
13 10
123 106
98 84
192 160
120 88
181 177
39 35
154 151
115 112
25 22
39 36
156 152
159 156
215 193
154 150
180 177
164 142
172 61
115 111
106 100
215 195
11 8
157 153
34 31
169 159
12 8
179 173
123 100
155 146
96 73
33 30
158 154
22 19
123 113
98 78
167 163
85 28
94 91
214 194
107 104
115 31
49 46
10 7
25 21
91 62
214 192
163 144
182 178
112 31
109 98
95 72
141 97
188 185
71 68
108 104
160 157
50 29
122 95
90 17
89 21
167 164
55 51
212 194
53 44
90 59
155 149
125 100
122 97
235 232
14 10
54 51
222 219
96 87
182 179
106 103
124 97
115 27
53 50
155 151
26 23
23 20
127 101
106 102
131 99
14 11
107 103
9 6
182 151
106 110
109 112
108 111
107 110
106 109
35 38
21 24
18 21
108 112
110 113
105 109
105 108
154 157
111 114
152 155
107 111
76 159
9 12
110 114
102 105
9 13
155 158
109 113
152 171
74 99
153 156
113 121
37 40
74 144
178 181
20 24
10 13
106 123
84 98
160 192
88 120
177 181
35 39
151 154
112 115
22 25
36 39
152 156
156 159
193 215
150 154
177 180
142 164
61 172
111 115
100 106
195 215
8 11
153 157
31 34
159 169
8 12
173 179
100 123
146 155
73 96
30 33
154 158
19 22
113 123
78 98
163 167
28 85
91 94
194 214
104 107
31 115
46 49
7 10
21 25
62 91
192 214
144 163
178 182
31 112
98 109
72 95
97 141
185 188
68 71
104 108
157 160
29 50
95 122
17 90
21 89
164 167
51 55
194 212
44 53
59 90
149 155
100 125
97 122
232 235
10 14
51 54
219 222
87 96
179 182
103 106
97 124
27 115
50 53
151 155
23 26
20 23
101 127
102 106
99 131
11 14
103 107
6 9
151 182
