187 6
159 94
145 142
57 53
128 115
71 27
93 86
201 180
155 99
122 101
32 12
81 45
11 5
79 28
20 16
66 10
153 100
96 86
186 183
147 143
124 120
95 85
164 160
109 106
221 211
201 181
136 132
126 122
194 17
133 130
115 110
131 91
124 117
87 83
83 79
209 173
217 186
191 176
66 35
227 219
151 102
117 111
86 43
204 178
84 30
131 128
232 201
105 102
165 35
228 220
130 127
53 30
157 95
70 32
151 101
120 77
235 202
22 18
225 145
186 179
120 117
169 140
134 130
70 3
202 192
232 204
127 123
14 11
26 23
127 94
39 35
67 64
43 33
142 139
50 23
15 4
94 87
147 133
176 156
204 177
166 66
63 35
213 170
215 185
205 176
213 169
50 20
97 72
131 92
128 88
66 7
137 134
194 22
85 31
71 28
198 14
43 34
207 174
130 92
175 97
205 177
213 186
188 3
122 76
164 161
162 92
127 93
58 55
57 44
146 143
187 182
194 21
69 15
233 203
166 37
214 186
191 177
69 30
54 51
96 2
16 13
92 88
222 208
47 30
84 45
163 39
24 21
47 29
84 81
42 33
127 87
163 38
95 87
139 134
58 54
103 100
123 94
86 70
71 30
159 92
85 69
125 122
22 19
169 159
112 109
53 31
120 76
45 31
223 148
212 167
197 194
74 27
212 141
68 34
65 35
185 6
143 133
162 93
213 167
158 96
34 11
64 12
209 172
30 27
45 29
228 222
107 103
84 47
210 145
136 133
69 19
19 16
207 172
174 156
53 45
113 110
194 191
53 49
23 19
61 58
236 196
205 179
46 31
95 69
204 179
54 50
211 205
203 178
189 2
19 15
78 74
69 31
128 92
62 34
10 7
41 33
50 16
125 121
194 3
158 4
80 46
68 3
199 195
175 154
91 88
48 28
194 18
44 33
171 148
40 35
131 89
138 134
114 110
219 212
218 211
71 29
124 121
189 4
61 57
124 94
169 160
207 173
132 129
213 6
196 193
231 204
56 44
144 141
194 20
47 28
93 33
205 178
148 144
65 7
52 49
194 189
208 172
17 13
187 179
40 36
200 195
62 12
144 133
129 126
187 4
200 181
143 130
49 46
64 9
68 4
208 173
62 57
62 10
71 31
85 30
133 129
194 19
167 6
189 180
63 12
64 11
95 86
186 7
157 97
19 2
216 213
131 127
64 10
213 168
227 222
112 108
63 36
224 145
39 36
234 200
161 93
224 221
73 26
68 32
125 103
190 2
86 69
219 213
167 161
20 17
68 2
202 179
87 84
69 3
188 4
226 221
127 89
135 132
62 42
151 147
165 66
167 164
97 2
233 202
38 35
176 172
17 14
128 110
203 181
50 30
214 185
70 19
128 124
65 36
66 4
63 34
110 107
165 162
46 29
85 32
42 35
68 5
124 87
67 6
83 77
108 104
68 15
96 70
73 29
21 17
210 170
230 203
56 53
15 11
84 72
192 189
173 156
81 29
186 182
215 184
40 37
192 178
160 92
114 111
230 205
131 90
195 192
156 98
192 180
66 6
86 45
95 2
220 211
56 52
71 19
49 29
212 169
121 76
53 44
173 155
214 166
162 35
63 11
168 160
193 22
209 206
152 101
127 88
223 145
71 2
165 160
165 39
151 148
193 21
223 210
202 199
60 56
212 168
187 181
81 47
125 110
55 52
120 83
128 89
152 102
210 205
154 100
109 105
64 37
93 88
78 75
49 27
42 34
153 99
189 179
231 203
198 182
175 156
212 170
70 2
27 23
188 2
19 3
233 201
149 145
129 125
161 91
166 6
123 96
150 146
104 101
195 188
86 33
65 9
186 180
142 138
172 155
169 141
53 50
126 123
159 93
140 134
32 15
48 29
122 103
154 98
26 22
155 97
234 202
108 105
195 191
41 35
123 87
165 161
202 180
86 32
66 34
196 192
64 35
230 220
143 134
227 221
220 212
189 177
96 85
145 141
190 177
221 210
144 140
115 112
65 10
200 196
69 33
209 205
172 156
107 104
185 7
219 211
147 126
147 130
152 100
15 3
67 32
185 181
175 172
151 100
159 127
198 195
25 22
134 131
170 157
43 31
65 6
128 125
110 106
221 209
119 82
77 74
79 47
72 29
218 212
163 91
121 83
159 95
195 180
69 32
18 14
208 174
162 91
210 169
127 124
195 189
111 107
223 208
201 182
202 178
73 28
190 156
143 138
85 45
186 181
154 99
67 11
209 171
53 46
216 186
160 93
85 70
235 201
106 103
13 10
168 158
84 79
191 22
67 4
147 144
44 31
125 106
45 32
149 146
67 35
127 92
95 68
86 68
215 167
119 77
216 184
232 202
225 221
199 180
168 165
203 179
165 37
120 78
160 94
94 68
41 34
177 156
227 220
215 186
59 56
220 209
168 6
205 172
83 80
222 210
188 179
65 34
41 36
218 213
215 6
222 209
203 180
16 12
67 15
199 196
18 3
84 46
71 50
94 86
215 7
94 85
200 180
190 178
226 222
193 18
67 33
122 100
65 5
135 131
169 158
158 95
187 5
150 147
155 98
151 103
52 46
67 5
66 36
48 30
188 180
157 96
161 92
187 180
214 6
189 178
15 5
199 181
21 18
15 12
54 16
118 82
153 102
188 5
214 167
156 96
106 102
206 172
45 30
59 55
46 30
155 96
185 5
65 8
226 223
146 133
72 27
83 78
34 12
85 72
146 142
79 29
171 158
113 109
73 27
225 222
155 100
228 221
70 30
84 31
121 77
158 94
161 140
119 83
162 41
137 133
211 169
72 28
71 23
123 100
170 156
171 156
177 172
124 88
230 204
11 6
132 128
168 161
215 166
63 10
72 30
214 168
65 37
217 213
174 155
185 182
52 48
210 171
175 98
190 176
65 11
188 177
143 137
157 94
220 210
44 32
208 171
170 159
57 54
216 185
162 40
43 32
143 139
121 75
189 3
218 214
85 71
93 89
124 119
191 178
115 111
49 30
195 18
199 182
235 200
148 145
147 129
130 126
11 7
64 36
67 12
172 157
168 159
185 8
217 214
69 16
66 11
71 22
236 200
123 95
210 172
94 88
80 47
171 157
152 149
184 8
125 107
202 181
184 7
55 51
162 39
116 111
67 34
173 154
92 89
215 8
49 28
187 3
69 2
69 4
80 29
223 149
156 97
232 203
143 140
50 19
74 28
188 178
234 201
153 98
93 87
68 33
111 108
174 153
126 94
175 155
99 75
165 36
211 170
191 2
173 153
167 160
95 70
229 220
164 39
84 80
174 154
129 110
50 29
170 158
60 57
144 130
186 6
66 5
186 5
158 68
84 29
195 187
223 209
169 144
93 90
190 3
211 171
79 74
123 99
122 99
190 175
70 31
81 46
153 101
64 34
86 31
122 104
18 15
23 20
6 187
94 159
142 145
53 57
115 128
27 71
86 93
180 201
99 155
101 122
12 32
45 81
5 11
28 79
16 20
10 66
100 153
86 96
183 186
143 147
120 124
85 95
160 164
106 109
211 221
181 201
132 136
122 126
17 194
130 133
110 115
91 131
117 124
83 87
79 83
173 209
186 217
176 191
35 66
219 227
102 151
111 117
43 86
178 204
30 84
128 131
201 232
102 105
35 165
220 228
127 130
30 53
95 157
32 70
101 151
77 120
202 235
18 22
145 225
179 186
117 120
140 169
130 134
3 70
192 202
204 232
123 127
11 14
23 26
94 127
35 39
64 67
33 43
139 142
23 50
4 15
87 94
133 147
156 176
177 204
66 166
35 63
170 213
185 215
176 205
169 213
20 50
72 97
92 131
88 128
7 66
134 137
22 194
31 85
28 71
14 198
34 43
174 207
92 130
97 175
177 205
186 213
3 188
76 122
161 164
92 162
93 127
55 58
44 57
143 146
182 187
21 194
15 69
203 233
37 166
186 214
177 191
30 69
51 54
2 96
13 16
88 92
208 222
30 47
45 84
39 163
21 24
29 47
81 84
33 42
87 127
38 163
87 95
134 139
54 58
100 103
94 123
70 86
30 71
92 159
69 85
122 125
19 22
159 169
109 112
31 53
76 120
31 45
148 223
167 212
194 197
27 74
141 212
34 68
35 65
6 185
133 143
93 162
167 213
96 158
11 34
12 64
172 209
27 30
29 45
222 228
103 107
47 84
145 210
133 136
19 69
16 19
172 207
156 174
45 53
110 113
191 194
49 53
19 23
58 61
196 236
179 205
31 46
69 95
179 204
50 54
205 211
178 203
2 189
15 19
74 78
31 69
92 128
34 62
7 10
33 41
16 50
121 125
3 194
4 158
46 80
3 68
195 199
154 175
88 91
28 48
18 194
33 44
148 171
35 40
89 131
134 138
110 114
212 219
211 218
29 71
121 124
4 189
57 61
94 124
160 169
173 207
129 132
6 213
193 196
204 231
44 56
141 144
20 194
28 47
33 93
178 205
144 148
7 65
49 52
189 194
172 208
13 17
179 187
36 40
195 200
12 62
133 144
126 129
4 187
181 200
130 143
46 49
9 64
4 68
173 208
57 62
10 62
31 71
30 85
129 133
19 194
6 167
180 189
12 63
11 64
86 95
7 186
97 157
2 19
213 216
127 131
10 64
168 213
222 227
108 112
36 63
145 224
36 39
200 234
93 161
221 224
26 73
32 68
103 125
2 190
69 86
213 219
161 167
17 20
2 68
179 202
84 87
3 69
4 188
221 226
89 127
132 135
42 62
147 151
66 165
164 167
2 97
202 233
35 38
172 176
14 17
110 128
181 203
30 50
185 214
19 70
124 128
36 65
4 66
34 63
107 110
162 165
29 46
32 85
35 42
5 68
87 124
6 67
77 83
104 108
15 68
70 96
29 73
17 21
170 210
203 230
53 56
11 15
72 84
189 192
156 173
29 81
182 186
184 215
37 40
178 192
92 160
111 114
205 230
90 131
192 195
98 156
180 192
6 66
45 86
2 95
211 220
52 56
19 71
29 49
169 212
76 121
44 53
155 173
166 214
35 162
11 63
160 168
22 193
206 209
101 152
88 127
145 223
2 71
160 165
39 165
148 151
21 193
210 223
199 202
56 60
168 212
181 187
47 81
110 125
52 55
83 120
89 128
102 152
205 210
100 154
105 109
37 64
88 93
75 78
27 49
34 42
99 153
179 189
203 231
182 198
156 175
170 212
2 70
23 27
2 188
3 19
201 233
145 149
125 129
91 161
6 166
96 123
146 150
101 104
188 195
33 86
9 65
180 186
138 142
155 172
141 169
50 53
123 126
93 159
134 140
15 32
29 48
103 122
98 154
22 26
97 155
202 234
105 108
191 195
35 41
87 123
161 165
180 202
32 86
34 66
192 196
35 64
220 230
134 143
221 227
212 220
177 189
85 96
141 145
177 190
210 221
140 144
112 115
10 65
196 200
33 69
205 209
156 172
104 107
7 185
211 219
126 147
130 147
100 152
3 15
32 67
181 185
172 175
100 151
127 159
195 198
22 25
131 134
157 170
31 43
6 65
125 128
106 110
209 221
82 119
74 77
47 79
29 72
212 218
91 163
83 121
95 159
180 195
32 69
14 18
174 208
91 162
169 210
124 127
189 195
107 111
208 223
182 201
178 202
28 73
156 190
138 143
45 85
181 186
99 154
11 67
171 209
46 53
186 216
93 160
70 85
201 235
103 106
10 13
158 168
79 84
22 191
4 67
144 147
31 44
106 125
32 45
146 149
35 67
92 127
68 95
68 86
167 215
77 119
184 216
202 232
221 225
180 199
165 168
179 203
37 165
78 120
94 160
68 94
34 41
156 177
220 227
186 215
56 59
209 220
6 168
172 205
80 83
210 222
179 188
34 65
36 41
213 218
6 215
209 222
180 203
12 16
15 67
196 199
3 18
46 84
50 71
86 94
7 215
85 94
180 200
178 190
222 226
18 193
33 67
100 122
5 65
131 135
158 169
95 158
5 187
147 150
98 155
103 151
46 52
5 67
36 66
30 48
180 188
96 157
92 161
180 187
6 214
178 189
5 15
181 199
18 21
12 15
16 54
82 118
102 153
5 188
167 214
96 156
102 106
172 206
30 45
55 59
30 46
96 155
5 185
8 65
223 226
133 146
27 72
78 83
12 34
72 85
142 146
29 79
158 171
109 113
27 73
222 225
100 155
221 228
30 70
31 84
77 121
94 158
140 161
83 119
41 162
133 137
169 211
28 72
23 71
100 123
156 170
156 171
172 177
88 124
204 230
6 11
128 132
161 168
166 215
10 63
30 72
168 214
37 65
213 217
155 174
182 185
48 52
171 210
98 175
176 190
11 65
177 188
137 143
94 157
210 220
32 44
171 208
159 170
54 57
185 216
40 162
32 43
139 143
75 121
3 189
214 218
71 85
89 93
119 124
178 191
111 115
30 49
18 195
182 199
200 235
145 148
129 147
126 130
7 11
36 64
12 67
157 172
159 168
8 185
214 217
16 69
11 66
22 71
200 236
95 123
172 210
88 94
47 80
157 171
149 152
8 184
107 125
181 202
7 184
51 55
39 162
111 116
34 67
154 173
89 92
8 215
28 49
3 187
2 69
4 69
29 80
149 223
97 156
203 232
140 143
19 50
28 74
178 188
201 234
98 153
87 93
33 68
108 111
153 174
94 126
155 175
75 99
36 165
170 211
2 191
153 173
160 167
70 95
220 229
39 164
80 84
154 174
110 129
29 50
158 170
57 60
130 144
6 186
5 66
5 186
68 158
29 84
187 195
209 223
144 169
90 93
3 190
171 211
74 79
99 123
99 122
175 190
31 70
46 81
101 153
34 64
31 86
104 122
15 18
20 23
