188 170
150 109
67 15
132 113
43 33
212 167
151 126
147 130
169 144
93 33
69 19
211 170
142 139
230 209
11 7
214 167
81 46
18 3
79 47
171 148
213 188
41 33
146 133
194 189
211 205
150 133
149 146
209 206
205 179
226 222
84 29
131 115
132 115
212 169
128 115
69 15
123 96
53 46
188 179
221 141
185 182
54 20
117 114
167 164
202 192
64 34
158 95
227 219
211 179
127 94
169 140
171 157
195 178
151 129
95 68
201 181
117 107
93 88
161 140
157 126
58 55
147 143
189 3
213 179
218 179
217 214
210 169
197 17
93 41
200 195
192 178
159 144
158 4
67 34
219 214
215 166
123 94
75 72
121 83
212 141
122 97
106 102
211 188
196 192
11 5
191 24
169 159
80 47
230 206
160 66
111 108
208 173
125 117
97 72
234 201
112 108
171 144
113 109
14 5
124 119
114 110
73 27
64 12
47 29
203 181
111 107
71 30
147 133
117 111
231 227
145 141
143 134
185 7
99 75
187 182
100 96
85 70
218 186
107 103
165 161
125 107
42 34
139 134
195 187
196 193
97 75
221 145
234 226
95 2
56 46
160 35
203 179
32 19
58 44
62 34
231 226
227 224
215 6
234 229
161 92
219 212
71 19
15 3
99 76
170 158
236 227
184 8
168 158
55 52
61 44
114 111
20 17
198 5
151 147
146 138
153 26
231 224
144 140
140 92
236 233
213 186
186 181
147 129
179 170
11 8
77 72
42 36
108 104
136 133
152 101
56 44
236 231
164 161
73 28
220 209
230 220
122 72
103 76
151 148
143 133
222 219
232 229
177 170
124 107
233 229
66 35
229 226
233 230
83 77
79 74
226 223
175 73
236 229
229 164
112 109
132 109
69 50
81 45
32 12
232 228
235 226
207 175
226 164
197 100
158 2
67 64
39 35
76 73
232 201
234 224
236 224
185 5
149 145
118 82
232 226
54 51
63 42
235 164
32 16
236 232
59 55
64 42
234 227
221 212
159 130
99 77
191 23
233 223
220 203
144 130
231 225
231 164
154 27
145 142
227 221
17 13
131 89
120 83
77 70
236 226
167 161
163 92
34 12
233 224
230 227
27 23
197 21
51 20
160 82
77 73
84 75
142 137
185 9
236 228
165 160
128 116
196 21
228 224
227 223
174 50
210 141
229 225
126 100
27 24
13 10
218 211
232 227
96 77
79 29
153 25
219 141
116 111
98 72
175 99
233 226
147 144
131 128
233 227
217 186
233 228
69 3
132 116
229 224
23 19
103 100
61 57
204 178
96 75
127 87
173 155
84 47
174 155
40 36
233 204
20 16
56 52
235 223
78 47
187 9
162 91
175 27
199 180
55 51
234 231
153 102
159 150
128 89
235 229
84 81
234 223
206 203
168 66
176 155
185 181
15 11
74 28
76 28
228 223
210 159
235 232
96 83
120 76
234 164
231 228
59 56
232 164
207 173
231 223
59 53
198 187
236 230
99 73
124 117
67 11
60 55
85 73
79 76
229 223
62 59
210 171
143 84
150 105
236 223
121 87
163 91
207 172
105 102
210 145
82 45
236 6
175 154
154 99
83 70
121 76
68 15
187 18
102 26
160 93
