112 109
111 108
112 108
110 107
111 107
149 146
150 109
110 106
144 141
18 3
109 106
188 170
113 110
67 15
69 19
113 109
212 167
43 33
212 169
79 47
142 139
145 142
145 141
41 33
108 105
151 126
107 104
93 33
81 46
143 140
11 7
169 144
55 52
209 206
147 144
144 140
147 143
147 130
20 17
194 189
114 110
214 167
171 148
114 111
108 104
123 96
148 145
84 29
150 133
132 113
149 145
211 170
210 169
146 142
212 168
146 133
58 55
109 105
230 209
27 24
107 103
201 181
203 179
106 103
205 179
143 139
217 214
185 182
196 193
146 143
59 56
41 35
213 188
211 179
211 205
171 157
15 12
150 147
167 164
169 159
55 51
21 18
215 166
136 133
69 15
41 34
131 115
211 188
157 126
60 57
219 214
42 34
17 14
195 178
106 102
202 192
11 8
127 94
150 146
18 15
56 53
53 46
28 25
138 135
227 219
22 19
219 212
117 114
59 55
128 115
16 13
56 52
196 192
93 88
64 34
211 169
54 51
151 148
227 224
