111 108
110 107
112 109
112 108
149 146
111 107
113 110
110 106
107 104
109 106
55 52
114 111
145 142
143 140
147 144
113 109
144 141
209 206
108 105
108 104
147 143
142 139
149 145
109 105
114 110
145 141
56 53
150 147
167 164
211 169
20 17
144 140
148 145
15 12
212 168
16 13
18 15
136 133
106 103
146 143
146 142
60 57
217 214
27 24
185 182
11 8
148 144
11 7
138 135
54 51
17 14
22 19
41 35
107 103
58 55
21 18
41 34
143 139
212 169
196 193
210 169
42 34
214 167
211 170
55 51
59 56
212 167
41 33
227 224
203 179
106 102
67 15
137 134
218 214
28 25
164 161
62 59
150 146
213 167
219 212
10 7
56 52
117 114
131 128
123 96
81 46
186 182
42 35
132 113
19 16
151 148
69 19
42 33
132 129
40 37
105 102
29 26
139 136
43 33
83 80
226 223
57 54
12 9
79 47
213 168
133 130
43 34
204 179
14 11
80 47
196 192
138 134
171 157
219 214
210 170
75 72
150 109
232 229
229 226
132 115
227 223
40 35
59 55
84 81
122 97
233 230
80 46
226 222
53 50
169 159
203 180
205 179
236 233
218 215
76 73
122 96
212 170
40 36
115 112
81 47
17 13
227 219
13 10
151 147
170 157
49 46
219 213
224 221
130 127
127 124
84 29
186 183
60 56
225 222
211 205
188 170
230 227
12 8
165 162
115 111
30 27
201 181
186 181
21 17
198 195
213 169
123 97
209 205
222 219
41 38
13 9
169 144
129 126
92 89
73 27
78 75
23 20
147 130
228 224
61 58
194 189
170 158
15 11
231 228
77 74
230 209
146 133
194 191
68 15
228 225
142 138
26 23
169 158
197 194
16 12
128 125
187 182
57 53
165 161
210 207
64 34
172 157
215 166
11 5
132 128
99 75
171 158
184 181
32 29
214 168
76 72
234 231
236 232
97 75
67 64
176 173
150 133
137 133
131 115
85 82
54 50
97 72
202 192
20 16
52 49
25 22
151 126
41 37
82 79
121 83
140 137
19 15
81 45
126 123
73 28
211 179
39 36
23 19
195 178
108 111
107 110
109 112
108 112
146 149
107 111
110 113
106 110
104 107
106 109
52 55
111 114
142 145
140 143
144 147
109 113
141 144
206 209
105 108
104 108
143 147
139 142
145 149
105 109
110 114
141 145
53 56
147 150
164 167
169 211
17 20
140 144
145 148
12 15
168 212
13 16
15 18
133 136
103 106
143 146
142 146
57 60
214 217
24 27
182 185
8 11
144 148
7 11
135 138
51 54
14 17
19 22
35 41
103 107
55 58
18 21
34 41
139 143
169 212
193 196
169 210
34 42
167 214
170 211
51 55
56 59
167 212
33 41
224 227
179 203
102 106
15 67
134 137
214 218
25 28
161 164
59 62
146 150
167 213
212 219
7 10
52 56
114 117
128 131
96 123
46 81
182 186
35 42
113 132
16 19
148 151
19 69
33 42
129 132
37 40
102 105
26 29
136 139
33 43
80 83
223 226
54 57
9 12
47 79
168 213
130 133
34 43
179 204
11 14
47 80
192 196
134 138
157 171
214 219
170 210
72 75
109 150
229 232
226 229
115 132
223 227
35 40
55 59
81 84
97 122
230 233
46 80
222 226
50 53
159 169
180 203
179 205
233 236
215 218
73 76
96 122
170 212
36 40
112 115
47 81
13 17
219 227
10 13
147 151
157 170
46 49
213 219
221 224
127 130
124 127
29 84
183 186
56 60
222 225
205 211
170 188
227 230
8 12
162 165
111 115
27 30
181 201
181 186
17 21
195 198
169 213
97 123
205 209
219 222
38 41
9 13
144 169
126 129
89 92
27 73
75 78
20 23
130 147
224 228
58 61
189 194
158 170
11 15
228 231
74 77
209 230
133 146
191 194
15 68
225 228
138 142
23 26
158 169
194 197
12 16
125 128
182 187
53 57
161 165
207 210
34 64
157 172
166 215
5 11
128 132
75 99
158 171
181 184
29 32
168 214
72 76
231 234
232 236
75 97
64 67
173 176
133 150
133 137
115 131
82 85
50 54
72 97
192 202
16 20
49 52
22 25
126 151
37 41
79 82
83 121
137 140
15 19
45 81
123 126
28 73
179 211
36 39
19 23
178 195
