188 170
150 109
67 15
132 113
43 33
212 167
151 126
147 130
169 144
93 33
69 19
211 170
142 139
230 209
11 7
214 167
81 46
18 3
79 47
171 148
213 188
41 33
146 133
194 189
211 205
150 133
149 146
209 206
205 179
226 222
84 29
131 115
132 115
212 169
128 115
69 15
123 96
53 46
188 179
221 141
185 182
54 20
117 114
167 164
202 192
64 34
158 95
227 219
211 179
127 94
169 140
171 157
195 178
151 129
95 68
201 181
117 107
93 88
161 140
157 126
58 55
147 143
189 3
213 179
218 179
217 214
210 169
197 17
93 41
200 195
192 178
159 144
158 4
67 34
219 214
215 166
123 94
75 72
121 83
212 141
122 97
106 102
211 188
196 192
11 5
191 24
169 159
80 47
230 206
160 66
111 108
208 173
125 117
97 72
234 201
112 108
171 144
113 109
14 5
124 119
114 110
73 27
64 12
47 29
203 181
111 107
71 30
147 133
117 111
231 227
145 141
143 134
185 7
99 75
187 182
100 96
85 70
218 186
107 103
170 188
109 150
15 67
113 132
33 43
167 212
126 151
130 147
144 169
33 93
19 69
170 211
139 142
209 230
7 11
167 214
46 81
3 18
47 79
148 171
188 213
33 41
133 146
189 194
205 211
133 150
146 149
206 209
179 205
222 226
29 84
115 131
115 132
169 212
115 128
15 69
96 123
46 53
179 188
141 221
182 185
20 54
114 117
164 167
192 202
34 64
95 158
219 227
179 211
94 127
140 169
157 171
178 195
129 151
68 95
181 201
107 117
88 93
140 161
126 157
55 58
143 147
3 189
179 213
179 218
214 217
169 210
17 197
41 93
195 200
178 192
144 159
4 158
34 67
214 219
166 215
94 123
72 75
83 121
141 212
97 122
102 106
188 211
192 196
5 11
24 191
159 169
47 80
206 230
66 160
108 111
173 208
117 125
72 97
201 234
108 112
144 171
109 113
5 14
119 124
110 114
27 73
12 64
29 47
181 203
107 111
30 71
133 147
111 117
227 231
141 145
134 143
7 185
75 99
182 187
96 100
70 85
186 218
103 107
