112 109
111 108
112 108
110 107
111 107
149 146
150 109
110 106
144 141
18 3
109 106
188 170
113 110
67 15
69 19
113 109
212 167
43 33
212 169
79 47
142 139
145 142
145 141
41 33
108 105
151 126
107 104
93 33
81 46
143 140
11 7
169 144
55 52
209 206
147 144
144 140
147 143
147 130
20 17
194 189
114 110
214 167
171 148
114 111
108 104
123 96
148 145
84 29
150 133
132 113
149 145
211 170
210 169
146 142
212 168
146 133
58 55
109 105
230 209
27 24
107 103
201 181
203 179
106 103
205 179
143 139
217 214
185 182
196 193
146 143
59 56
41 35
213 188
211 179
211 205
171 157
15 12
150 147
167 164
169 159
55 51
21 18
215 166
136 133
69 15
41 34
131 115
211 188
157 126
60 57
219 214
42 34
17 14
195 178
106 102
202 192
11 8
127 94
150 146
18 15
56 53
53 46
28 25
138 135
227 219
22 19
219 212
117 114
59 55
128 115
16 13
56 52
196 192
93 88
64 34
211 169
54 51
151 148
227 224
132 115
132 129
169 140
105 102
62 59
151 129
218 214
226 223
213 167
131 128
230 206
209 205
54 20
232 229
221 141
76 73
122 97
121 83
200 195
164 161
188 179
137 134
10 7
186 181
203 181
147 129
40 37
148 144
230 227
210 170
20 16
67 34
227 223
95 68
12 9
226 222
42 33
228 225
97 72
170 158
158 95
80 47
73 27
185 7
16 12
139 136
123 94
133 130
231 228
11 5
19 16
151 147
13 9
129 126
13 10
75 72
161 140
191 24
197 17
83 80
117 107
15 11
192 178
189 3
81 47
208 173
234 201
125 117
17 13
122 96
122 72
127 124
233 230
228 224
128 125
100 96
60 56
14 11
234 231
213 186
147 133
186 182
29 26
117 111
71 30
236 233
27 23
213 168
49 46
80 46
204 179
160 66
212 170
143 133
95 2
61 44
124 119
67 64
53 50
229 226
61 58
99 76
212 141
81 45
21 17
73 28
184 8
97 75
99 75
133 129
159 144
160 35
115 112
78 75
84 81
158 4
62 34
168 158
40 35
218 213
218 179
143 134
138 134
19 15
137 133
57 54
43 34
56 44
23 20
126 123
197 194
14 5
171 144
40 36
169 158
78 74
18 14
161 92
198 195
71 19
57 53
22 18
54 50
225 221
213 179
130 127
61 57
12 8
210 171
218 211
225 222
41 37
184 7
170 157
218 212
142 138
58 44
56 46
68 15
165 161
217 213
166 163
83 79
93 41
30 27
58 54
214 166
219 211
165 162
123 97
92 89
222 219
124 121
115 111
236 232
120 83
99 77
39 35
185 181
187 182
84 80
103 100
132 128
100 97
176 173
24 21
210 205
203 180
25 22
185 9
134 131
42 39
23 19
15 3
207 173
227 221
218 215
235 232
85 70
42 35
124 117
168 159
47 29
77 74
128 124
215 6
233 229
85 82
203 178
128 116
11 6
79 76
221 210
194 191
153 26
139 134
177 174
122 98
200 196
179 170
53 49
152 101
132 114
215 167
171 158
10 6
198 5
131 127
175 73
136 132
224 221
135 132
32 29
223 220
28 24
96 72
32 19
41 38
175 172
109 112
108 111
108 112
107 110
107 111
146 149
109 150
106 110
141 144
3 18
106 109
170 188
110 113
15 67
19 69
109 113
167 212
33 43
169 212
47 79
139 142
142 145
141 145
33 41
105 108
126 151
104 107
33 93
46 81
140 143
7 11
144 169
52 55
206 209
144 147
140 144
143 147
130 147
17 20
189 194
110 114
167 214
148 171
111 114
104 108
96 123
145 148
29 84
133 150
113 132
145 149
170 211
169 210
142 146
168 212
133 146
55 58
105 109
209 230
24 27
103 107
181 201
179 203
103 106
179 205
139 143
214 217
182 185
193 196
143 146
56 59
35 41
188 213
179 211
205 211
157 171
12 15
147 150
164 167
159 169
51 55
18 21
166 215
133 136
15 69
34 41
115 131
188 211
126 157
57 60
214 219
34 42
14 17
178 195
102 106
192 202
8 11
94 127
146 150
15 18
53 56
46 53
25 28
135 138
219 227
19 22
212 219
114 117
55 59
115 128
13 16
52 56
192 196
88 93
34 64
169 211
51 54
148 151
224 227
115 132
129 132
140 169
102 105
59 62
129 151
214 218
223 226
167 213
128 131
206 230
205 209
20 54
229 232
141 221
73 76
97 122
83 121
195 200
161 164
179 188
134 137
7 10
181 186
181 203
129 147
37 40
144 148
227 230
170 210
16 20
34 67
223 227
68 95
9 12
222 226
33 42
225 228
72 97
158 170
95 158
47 80
27 73
7 185
12 16
136 139
94 123
130 133
228 231
5 11
16 19
147 151
9 13
126 129
10 13
72 75
140 161
24 191
17 197
80 83
107 117
11 15
178 192
3 189
47 81
173 208
201 234
117 125
13 17
96 122
72 122
124 127
230 233
224 228
125 128
96 100
56 60
11 14
231 234
186 213
133 147
182 186
26 29
111 117
30 71
233 236
23 27
168 213
46 49
46 80
179 204
66 160
170 212
133 143
2 95
44 61
119 124
64 67
50 53
226 229
58 61
76 99
141 212
45 81
17 21
28 73
8 184
75 97
75 99
129 133
144 159
35 160
112 115
75 78
81 84
4 158
34 62
158 168
35 40
213 218
179 218
134 143
134 138
15 19
133 137
54 57
34 43
44 56
20 23
123 126
194 197
5 14
144 171
36 40
158 169
74 78
14 18
92 161
195 198
19 71
53 57
18 22
50 54
221 225
179 213
127 130
57 61
8 12
171 210
211 218
222 225
37 41
7 184
157 170
212 218
138 142
44 58
46 56
15 68
161 165
213 217
163 166
79 83
41 93
27 30
54 58
166 214
211 219
162 165
97 123
89 92
219 222
121 124
111 115
232 236
83 120
77 99
35 39
181 185
182 187
80 84
100 103
128 132
97 100
173 176
21 24
205 210
180 203
22 25
9 185
131 134
39 42
19 23
3 15
173 207
221 227
215 218
232 235
70 85
35 42
117 124
159 168
29 47
74 77
124 128
6 215
229 233
82 85
178 203
116 128
6 11
76 79
210 221
191 194
26 153
134 139
174 177
98 122
196 200
170 179
49 53
101 152
114 132
167 215
158 171
6 10
5 198
127 131
73 175
132 136
221 224
132 135
29 32
220 223
24 28
72 96
19 32
38 41
172 175
