17 13
39 16
16 13
106 103
113 91
20 16
20 17
7 3
20 13
13 9
147 143
123 119
7 4
20 9
16 9
17 9
39 17
124 24
125 122
193 190
89 85
114 63
183 170
39 20
147 144
189 18
86 82
152 76
194 23
39 9
44 34
39 13
137 22
112 108
181 83
133 73
39 23
93 29
109 35
136 34
181 84
189 123
128 17
133 117
80 71
108 21
27 13
169 40
142 34
188 18
95 89
22 17
117 27
116 21
48 45
142 81
124 100
127 123
106 85
122 79
67 21
91 25
121 23
108 65
137 119
183 123
121 36
91 60
52 49
34 26
26 3
138 116
189 170
121 108
172 149
189 108
137 126
181 19
186 125
170 135
82 51
154 41
121 15
136 66
178 93
150 31
124 34
136 132
113 26
99 89
196 110
5 2
24 9
172 64
89 86
191 128
148 51
129 38
97 89
81 3
175 51
155 103
117 83
189 121
39 34
153 49
133 72
128 9
166 67
187 18
101 49
166 133
150 131
79 53
24 13
75 65
45 42
109 105
36 17
36 13
121 116
122 65
185 149
74 64
183 112
124 121
114 18
41 9
96 7
143 19
141 112
136 55
183 38
82 73
144 57
189 19
36 19
128 13
34 16
78 60
126 60
148 62
197 72
122 7
75 33
73 67
125 120
93 38
171 37
114 69
201 10
116 69
121 118
195 160
165 130
88 84
113 109
197 164
66 14
146 64
118 77
161 78
150 126
198 78
131 124
78 59
57 54
24 15
124 18
190 120
39 36
166 43
165 151
190 66
164 50
178 86
118 75
171 145
141 66
104 61
28 8
138 18
201 35
12 9
128 24
172 19
142 128
167 71
107 37
165 45
198 8
159 155
107 45
174 22
102 93
25 9
102 85
159 85
198 62
83 80
140 79
145 81
110 106
126 22
193 138
13 17
16 39
13 16
103 106
91 113
16 20
17 20
3 7
13 20
9 13
143 147
119 123
4 7
9 20
9 16
9 17
17 39
24 124
122 125
190 193
85 89
63 114
170 183
20 39
144 147
18 189
82 86
76 152
23 194
9 39
34 44
13 39
22 137
108 112
83 181
73 133
23 39
29 93
35 109
34 136
84 181
123 189
17 128
117 133
71 80
21 108
13 27
40 169
34 142
18 188
89 95
17 22
27 117
21 116
45 48
81 142
100 124
123 127
85 106
79 122
21 67
25 91
23 121
65 108
119 137
123 183
36 121
60 91
49 52
26 34
3 26
116 138
170 189
108 121
149 172
108 189
126 137
19 181
125 186
135 170
51 82
41 154
15 121
66 136
93 178
31 150
34 124
132 136
26 113
89 99
110 196
2 5
9 24
64 172
86 89
128 191
51 148
38 129
89 97
3 81
51 175
103 155
83 117
121 189
34 39
49 153
72 133
9 128
67 166
18 187
49 101
133 166
131 150
53 79
13 24
65 75
42 45
105 109
17 36
13 36
116 121
65 122
149 185
64 74
112 183
121 124
18 114
9 41
7 96
19 143
112 141
55 136
38 183
73 82
57 144
19 189
19 36
13 128
16 34
60 78
60 126
62 148
72 197
7 122
33 75
67 73
120 125
38 93
37 171
69 114
10 201
69 116
118 121
160 195
130 165
84 88
109 113
164 197
14 66
64 146
77 118
78 161
126 150
78 198
124 131
59 78
54 57
15 24
18 124
120 190
36 39
43 166
151 165
66 190
50 164
86 178
75 118
145 171
66 141
61 104
8 28
18 138
35 201
9 12
24 128
19 172
128 142
71 167
37 107
45 165
8 198
155 159
45 107
22 174
93 102
9 25
85 102
85 159
62 198
80 83
79 140
81 145
106 110
22 126
138 193
