20 17
20 16
147 143
106 103
17 13
16 13
147 144
126 123
7 4
7 3
21 18
39 16
13 9
108 105
111 108
89 86
90 87
107 104
18 15
125 122
22 19
89 85
20 13
12 9
161 158
111 107
163 160
110 107
162 159
109 105
112 108
193 190
123 119
23 20
48 45
108 104
113 91
158 155
124 121
127 123
16 9
123 120
148 145
20 9
124 24
109 106
17 9
21 17
19 16
88 85
5 2
110 106
39 17
90 86
127 124
88 84
189 18
112 109
17 14
125 121
162 158
22 18
86 82
24 21
122 119
87 84
91 88
27 24
6 3
146 143
39 20
128 125
52 49
160 157
19 15
86 83
107 103
148 144
121 118
188 18
25 22
159 156
13 10
157 154
197 194
164 161
22 17
91 87
18 14
74 65
136 34
163 159
126 122
181 83
159 155
116 21
109 35
161 157
117 27
92 89
24 20
6 2
