17 13
39 16
16 13
106 103
113 91
20 16
20 17
7 3
20 13
13 9
147 143
123 119
7 4
20 9
16 9
17 9
39 17
124 24
125 122
193 190
89 85
114 63
183 170
39 20
147 144
189 18
86 82
152 76
194 23
39 9
44 34
39 13
137 22
112 108
181 83
133 73
39 23
93 29
109 35
136 34
181 84
189 123
128 17
133 117
80 71
108 21
27 13
169 40
142 34
188 18
95 89
22 17
117 27
116 21
48 45
142 81
124 100
127 123
106 85
122 79
67 21
91 25
121 23
108 65
137 119
183 123
121 36
91 60
52 49
34 26
26 3
138 116
189 170
121 108
172 149
189 108
137 126
181 19
186 125
170 135
82 51
154 41
121 15
136 66
178 93
150 31
124 34
136 132
113 26
99 89
196 110
5 2
24 9
172 64
89 86
191 128
148 51
129 38
97 89
81 3
175 51
155 103
13 17
16 39
13 16
103 106
91 113
16 20
17 20
3 7
13 20
9 13
143 147
119 123
4 7
9 20
9 16
9 17
17 39
24 124
122 125
190 193
85 89
63 114
170 183
20 39
144 147
18 189
82 86
76 152
23 194
9 39
34 44
13 39
22 137
108 112
83 181
73 133
23 39
29 93
35 109
34 136
84 181
123 189
17 128
117 133
71 80
21 108
13 27
40 169
34 142
18 188
89 95
17 22
27 117
21 116
45 48
81 142
100 124
123 127
85 106
79 122
21 67
25 91
23 121
65 108
119 137
123 183
36 121
60 91
49 52
26 34
3 26
116 138
170 189
108 121
149 172
108 189
126 137
19 181
125 186
135 170
51 82
41 154
15 121
66 136
93 178
31 150
34 124
132 136
26 113
89 99
110 196
2 5
9 24
64 172
86 89
128 191
51 148
38 129
89 97
3 81
51 175
103 155
