173 37
163 153
148 144
56 50
73 67
169 40
189 71
166 11
190 73
15 11
114 63
18 15
38 15
8 4
119 22
146 57
136 65
189 166
50 47
201 197
184 49
31 28
119 115
195 192
88 85
108 104
114 111
37 19
165 46
91 29
115 112
144 58
183 78
157 153
128 14
186 78
172 34
30 26
151 147
133 67
14 10
20 17
100 59
145 55
85 81
193 71
113 87
118 76
186 167
134 67
123 21
124 120
86 82
110 63
76 62
164 45
74 65
171 36
183 170
122 65
140 63
102 88
49 44
200 131
72 68
109 106
139 65
120 22
139 63
121 22
90 30
180 171
156 152
163 46
92 88
110 106
185 167
192 189
91 88
124 14
152 49
130 127
17 14
98 59
196 70
38 19
40 12
198 3
84 81
118 65
192 162
131 70
185 78
117 113
143 59
188 76
121 118
185 169
182 83
188 75
23 20
188 156
11 8
71 67
73 68
116 26
99 61
197 129
197 189
200 129
8 3
149 145
173 35
189 164
150 146
87 83
79 60
24 20
12 9
155 152
25 22
120 19
142 62
133 126
90 87
102 99
83 80
146 50
163 156
149 50
125 14
183 80
174 33
135 122
184 169
200 197
112 109
81 59
56 53
116 29
197 193
175 35
116 22
140 111
149 46
181 86
95 89
130 70
142 59
26 23
171 38
145 60
165 49
78 60
118 115
156 153
41 8
105 92
187 125
119 65
106 103
138 64
168 12
187 121
128 124
26 22
81 60
201 10
13 10
128 17
71 68
187 168
53 50
89 86
21 18
150 50
145 53
153 150
182 170
49 46
148 143
187 75
84 61
199 195
121 14
120 117
114 65
77 63
133 70
186 165
176 32
126 123
172 83
48 45
151 148
148 78
58 54
136 67
42 8
122 75
162 156
114 77
181 172
75 64
109 92
165 44
134 68
93 89
145 50
175 33
189 73
125 71
141 63
109 29
135 119
29 25
197 125
127 123
170 36
96 85
119 75
9 5
165 45
168 42
186 76
185 118
187 166
199 196
101 96
117 22
174 32
175 32
164 43
166 43
113 79
8 5
123 18
111 63
147 144
110 88
194 164
133 71
171 39
56 51
10 6
133 68
146 53
52 48
31 27
136 68
85 82
21 17
123 120
174 86
188 165
155 151
117 19
72 69
36 20
153 46
190 156
113 63
144 57
163 157
116 112
193 190
140 110
14 11
126 71
177 174
184 78
37 16
165 43
197 194
184 167
181 174
94 88
79 61
180 172
138 111
25 21
29 26
76 63
102 96
96 84
93 90
138 65
152 46
121 75
173 34
118 77
127 124
73 66
107 104
149 47
106 88
36 19
172 23
7 3
78 61
119 116
37 20
170 38
183 77
117 63
189 72
132 126
18 14
75 67
188 74
141 61
11 7
167 44
184 170
149 49
89 85
48 44
170 37
113 26
43 8
133 125
78 62
106 92
111 107
91 30
120 18
181 171
157 154
118 64
193 189
131 69
201 198
9 6
128 125
185 75
170 19
81 58
12 8
168 40
22 18
114 110
145 57
92 89
198 195
181 82
118 63
139 66
99 96
154 151
142 61
106 96
16 12
201 7
16 13
154 150
197 166
194 162
144 60
99 81
167 42
191 160
121 18
163 45
145 58
112 108
129 126
126 70
135 68
110 102
76 65
110 87
51 48
90 32
167 52
170 117
158 154
77 65
158 155
142 102
138 114
167 41
174 30
125 122
28 25
138 115
133 122
74 67
58 53
135 67
142 60
185 76
182 172
129 125
169 39
108 105
22 19
106 91
124 15
86 83
177 86
36 23
164 44
129 14
87 30
156 46
185 117
148 141
200 130
197 71
34 23
110 84
80 58
41 15
194 165
147 143
80 61
95 88
83 79
140 62
152 76
177 173
148 62
142 99
38 16
113 109
34 27
121 117
188 46
112 29
188 152
74 66
79 62
182 169
196 193
160 156
36 26
41 12
198 7
143 62
84 79
107 102
124 18
122 67
41 11
99 85
184 52
95 86
95 85
32 27
124 121
124 17
186 49
185 168
41 38
185 170
124 21
121 15
194 189
174 34
132 69
168 41
119 114
157 47
163 47
142 107
52 49
157 46
186 166
183 172
146 56
87 79
116 113
120 116
27 24
161 157
101 98
74 64
120 25
167 43
75 65
109 88
181 173
113 29
19 16
58 55
49 45
91 87
131 125
111 108
131 71
123 119
99 84
40 8
117 114
153 149
186 75
34 26
169 38
109 87
125 121
183 117
145 78
185 121
10 7
141 62
193 73
174 90
110 61
115 63
136 66
196 71
135 66
35 20
13 9
118 114
109 91
164 46
198 194
182 171
143 60
137 65
36 22
132 70
172 36
53 49
110 79
117 77
184 77
150 147
140 61
168 38
88 84
167 49
138 63
24 21
134 69
148 60
145 80
130 126
72 67
144 59
30 27
142 100
172 26
189 165
118 75
106 102
125 15
152 148
99 59
141 64
183 83
194 166
200 196
19 15
201 6
94 89
7 4
172 35
107 103
28 24
201 129
145 56
76 64
181 87
96 88
115 111
109 105
79 63
191 162
34 30
116 25
171 37
181 177
113 110
38 12
122 118
90 86
135 118
133 69
131 126
84 80
153 47
99 60
175 34
148 145
121 19
80 60
138 112
77 64
33 27
139 64
183 79
15 12
135 65
84 60
120 21
145 59
186 168
185 77
160 157
188 73
138 118
23 19
184 168
120 20
115 65
87 84
181 83
43 3
110 107
152 149
180 173
113 77
187 165
168 15
140 107
193 72
196 192
173 36
27 23
166 41
190 72
93 88
202 199
126 122
149 146
20 16
122 119
77 62
35 23
17 13
52 44
183 169
