20 17
20 16
108 105
126 123
147 144
90 87
110 107
17 13
107 104
106 103
21 18
19 16
162 159
22 19
7 4
158 155
111 108
161 158
111 107
89 86
125 122
16 13
163 160
148 145
147 143
108 104
90 86
18 15
22 18
7 3
21 17
109 106
123 120
5 2
110 106
17 14
146 143
87 84
23 20
91 88
159 156
160 157
112 109
112 108
12 9
109 105
88 85
39 16
25 22
124 121
127 124
123 119
13 9
27 24
121 118
19 15
48 45
88 84
193 190
24 21
127 123
6 3
98 95
164 161
148 144
91 87
122 119
178 175
126 122
197 194
128 125
107 103
157 154
89 85
13 10
145 142
99 96
163 159
20 13
52 49
74 65
26 23
125 121
49 46
84 81
14 11
162 158
18 14
97 94
92 89
57 54
22 17
159 155
165 162
24 20
86 83
85 82
23 19
86 82
39 17
100 97
17 9
16 9
102 99
6 2
74 64
101 98
15 12
164 160
50 47
47 44
12 8
11 8
96 93
98 94
189 18
161 157
16 12
95 92
93 90
94 91
199 196
136 133
103 100
133 73
160 156
178 93
124 24
20 9
73 66
21 16
39 13
83 80
28 25
156 153
25 21
198 194
26 22
124 120
181 83
38 17
39 20
198 195
113 109
113 110
74 66
149 145
172 149
120 117
135 132
37 34
8 5
58 55
121 116
87 83
15 11
178 94
8 4
100 96
200 197
149 146
158 154
189 19
101 97
92 88
188 18
73 67
29 26
99 89
85 81
116 113
59 56
177 174
133 72
113 91
56 53
116 21
94 90
28 24
60 57
137 119
39 23
196 193
39 36
51 48
24 9
119 116
121 117
128 124
53 50
105 102
199 195
104 101
39 9
95 89
38 16
136 66
93 29
181 84
129 125
152 76
122 118
49 45
114 18
97 89
120 116
38 19
75 65
36 17
121 15
23 17
21 9
75 64
165 161
194 191
194 190
44 34
167 164
154 41
113 26
71 68
50 46
197 193
99 95
115 112
20 12
39 14
183 170
102 98
61 58
179 176
93 89
63 60
117 27
72 69
82 79
40 37
23 9
166 162
45 42
185 182
124 18
157 153
201 10
46 43
34 26
22 16
109 35
116 69
84 80
143 19
200 196
106 102
178 95
21 13
36 16
80 71
146 142
48 44
114 111
20 14
124 25
27 23
166 163
74 67
24 13
94 89
17 10
121 108
17 12
136 34
37 19
39 18
117 114
102 93
99 90
188 185
108 35
73 65
193 189
126 60
52 48
22 9
39 35
135 119
36 33
81 3
82 51
169 166
138 116
62 59
201 198
14 10
27 13
68 65
194 23
184 181
125 120
23 18
16 10
121 23
38 18
37 17
145 141
54 51
34 16
137 134
17 20
16 20
105 108
123 126
144 147
87 90
107 110
13 17
104 107
103 106
18 21
16 19
159 162
19 22
4 7
155 158
108 111
158 161
107 111
86 89
122 125
13 16
160 163
145 148
143 147
104 108
86 90
15 18
18 22
3 7
17 21
106 109
120 123
2 5
106 110
14 17
143 146
84 87
20 23
88 91
156 159
157 160
109 112
108 112
9 12
105 109
85 88
16 39
22 25
121 124
124 127
119 123
9 13
24 27
118 121
15 19
45 48
84 88
190 193
21 24
123 127
3 6
95 98
161 164
144 148
87 91
119 122
175 178
122 126
194 197
125 128
103 107
154 157
85 89
10 13
142 145
96 99
159 163
13 20
49 52
65 74
23 26
121 125
46 49
81 84
11 14
158 162
14 18
94 97
89 92
54 57
17 22
155 159
162 165
20 24
83 86
82 85
19 23
82 86
17 39
97 100
9 17
9 16
99 102
2 6
64 74
98 101
12 15
160 164
47 50
44 47
8 12
8 11
93 96
94 98
18 189
157 161
12 16
92 95
90 93
91 94
196 199
133 136
100 103
73 133
156 160
93 178
24 124
9 20
66 73
16 21
13 39
80 83
25 28
153 156
21 25
194 198
22 26
120 124
83 181
17 38
20 39
195 198
109 113
110 113
66 74
145 149
149 172
117 120
132 135
34 37
5 8
55 58
116 121
83 87
11 15
94 178
4 8
96 100
197 200
146 149
154 158
19 189
97 101
88 92
18 188
67 73
26 29
89 99
81 85
113 116
56 59
174 177
72 133
91 113
53 56
21 116
90 94
24 28
57 60
119 137
23 39
193 196
36 39
48 51
9 24
116 119
117 121
124 128
50 53
102 105
195 199
101 104
9 39
89 95
16 38
66 136
29 93
84 181
125 129
76 152
118 122
45 49
18 114
89 97
116 120
19 38
65 75
17 36
15 121
17 23
9 21
64 75
161 165
191 194
190 194
34 44
164 167
41 154
26 113
68 71
46 50
193 197
95 99
112 115
12 20
14 39
170 183
98 102
58 61
176 179
89 93
60 63
27 117
69 72
79 82
37 40
9 23
162 166
42 45
182 185
18 124
153 157
10 201
43 46
26 34
16 22
35 109
69 116
80 84
19 143
196 200
102 106
95 178
13 21
16 36
71 80
142 146
44 48
111 114
14 20
25 124
23 27
163 166
67 74
13 24
89 94
10 17
108 121
12 17
34 136
19 37
18 39
114 117
93 102
90 99
185 188
35 108
65 73
189 193
60 126
48 52
9 22
35 39
119 135
33 36
3 81
51 82
166 169
116 138
59 62
198 201
10 14
13 27
65 68
23 194
181 184
120 125
18 23
10 16
23 121
18 38
17 37
141 145
51 54
16 34
134 137
