17 13
39 16
16 13
106 103
113 91
20 16
20 17
7 3
20 13
13 9
147 143
123 119
7 4
20 9
16 9
17 9
39 17
124 24
125 122
193 190
89 85
114 63
183 170
39 20
147 144
189 18
86 82
152 76
194 23
39 9
44 34
39 13
137 22
112 108
181 83
133 73
39 23
93 29
109 35
136 34
181 84
189 123
128 17
133 117
80 71
108 21
27 13
169 40
142 34
188 18
95 89
22 17
117 27
116 21
48 45
142 81
124 100
127 123
106 85
122 79
67 21
91 25
121 23
108 65
137 119
183 123
121 36
91 60
52 49
34 26
26 3
138 116
189 170
121 108
172 149
189 108
137 126
181 19
186 125
170 135
82 51
154 41
121 15
136 66
178 93
150 31
124 34
136 132
113 26
99 89
196 110
5 2
24 9
172 64
89 86
191 128
148 51
129 38
97 89
81 3
175 51
155 103
117 83
189 121
39 34
153 49
133 72
128 9
166 67
187 18
101 49
166 133
150 131
79 53
24 13
75 65
45 42
109 105
36 17
36 13
121 116
122 65
185 149
74 64
183 112
124 121
114 18
41 9
96 7
143 19
141 112
136 55
183 38
82 73
144 57
189 19
36 19
128 13
34 16
78 60
126 60
148 62
197 72
122 7
75 33
73 67
125 120
93 38
171 37
114 69
201 10
116 69
121 118
195 160
165 130
88 84
113 109
197 164
66 14
146 64
118 77
161 78
150 126
198 78
131 124
78 59
57 54
24 15
124 18
190 120
39 36
166 43
165 151
190 66
164 50
178 86
118 75
171 145
141 66
104 61
28 8
138 18
201 35
12 9
128 24
172 19
142 128
167 71
107 37
165 45
198 8
159 155
107 45
174 22
102 93
25 9
102 85
159 85
198 62
83 80
140 79
145 81
110 106
126 22
193 138
132 92
142 70
143 18
162 158
107 101
148 144
122 75
158 48
88 61
197 107
87 52
65 27
183 71
172 36
140 76
164 34
128 124
200 41
158 25
106 49
104 85
171 41
175 90
71 8
24 20
164 30
166 162
98 4
126 47
200 193
119 103
184 87
117 104
166 27
152 72
199 103
109 11
160 2
110 63
93 60
180 164
140 127
27 24
135 123
124 25
173 85
191 49
194 46
192 82
151 87
62 14
165 162
134 68
183 13
168 154
191 41
78 7
170 114
38 16
190 77
120 115
196 31
150 35
6 2
54 46
190 136
189 36
107 96
192 76
47 37
36 16
182 45
172 123
113 93
122 28
149 136
180 104
183 77
182 130
127 77
201 128
183 36
134 4
48 2
110 89
44 35
201 9
45 34
23 9
170 46
126 72
169 33
161 158
168 83
86 79
161 31
92 85
165 135
124 27
163 54
103 58
164 32
