84 48
56 51
82 47
69 38
61 45
116 63
67 39
76 49
78 47
12 6
83 77
96 93
65 41
86 41
10 6
10 7
11 5
152 64
9 5
85 23
84 43
73 33
114 99
74 51
34 31
10 5
9 6
11 7
130 89
6 2
63 60
71 53
56 49
90 37
84 77
11 6
90 31
58 47
84 75
8 2
7 3
75 41
41 31
69 32
59 43
6 3
8 3
60 47
79 56
157 153
11 8
122 54
12 5
86 24
11 3
7 2
86 39
5 2
75 39
73 35
69 39
90 39
75 31
87 44
14 11
13 5
68 39
12 8
13 6
86 77
86 28
13 9
86 43
8 5
86 65
86 31
39 28
85 45
79 60
154 34
48 84
51 56
47 82
38 69
45 61
63 116
39 67
49 76
47 78
6 12
77 83
93 96
41 65
41 86
6 10
7 10
5 11
64 152
5 9
23 85
43 84
33 73
99 114
51 74
31 34
5 10
6 9
7 11
89 130
2 6
60 63
53 71
49 56
37 90
77 84
6 11
31 90
47 58
75 84
2 8
3 7
41 75
31 41
32 69
43 59
3 6
3 8
47 60
56 79
153 157
8 11
54 122
5 12
24 86
3 11
2 7
39 86
2 5
39 75
35 73
39 69
39 90
31 75
44 87
11 14
5 13
39 68
8 12
6 13
77 86
28 86
9 13
43 86
5 8
65 86
31 86
28 39
45 85
60 79
34 154
