84 48
56 51
82 47
69 38
61 45
116 63
67 39
76 49
78 47
12 6
83 77
96 93
65 41
86 41
10 6
10 7
11 5
152 64
9 5
85 23
84 43
73 33
114 99
74 51
34 31
10 5
9 6
11 7
130 89
6 2
63 60
71 53
56 49
90 37
84 77
11 6
90 31
58 47
84 75
8 2
7 3
75 41
41 31
69 32
59 43
6 3
8 3
60 47
79 56
157 153
11 8
122 54
12 5
86 24
11 3
7 2
86 39
5 2
75 39
73 35
69 39
90 39
75 31
87 44
14 11
13 5
68 39
12 8
13 6
86 77
86 28
13 9
86 43
8 5
86 65
86 31
39 28
85 45
79 60
154 34
90 86
152 88
9 2
88 41
154 147
91 66
28 16
77 48
18 15
13 2
92 37
84 78
75 27
10 2
13 10
10 3
83 22
147 90
150 146
11 2
86 27
84 39
137 62
151 147
90 41
150 147
150 90
98 69
73 31
147 84
13 8
150 97
72 32
154 90
132 122
79 61
58 53
154 148
73 29
113 68
133 129
118 59
58 49
12 9
35 30
37 19
118 62
69 33
151 148
102 50
50 43
129 126
18 3
43 34
146 142
121 25
60 55
69 2
48 43
120 117
152 40
77 24
93 83
101 97
82 79
75 32
84 67
69 37
139 94
122 112
107 104
96 91
9 3
147 31
134 27
35 24
20 2
13 7
138 87
73 20
43 31
127 73
48 24
56 53
156 103
99 25
41 26
155 104
109 89
68 17
83 24
62 14
111 70
14 10
106 80
62 33
91 64
145 130
83 41
73 67
132 55
65 13
93 75
151 126
37 31
14 9
119 97
67 57
19 15
153 136
71 54
155 82
89 68
149 68
131 127
148 82
133 126
138 128
125 121
126 57
129 49
103 42
66 59
129 125
127 96
157 104
127 27
145 64
106 93
124 87
147 41
66 52
64 35
145 141
81 78
86 26
22 16
82 23
7 4
66 62
29 24
133 130
75 66
107 80
72 50
153 96
65 26
111 58
25 9
74 30
148 126
89 38
90 73
108 9
123 61
83 65
93 43
107 48
146 31
16 12
92 38
48 84
51 56
47 82
38 69
45 61
63 116
39 67
49 76
47 78
6 12
77 83
93 96
41 65
41 86
6 10
7 10
5 11
64 152
5 9
23 85
43 84
33 73
99 114
51 74
31 34
5 10
6 9
7 11
89 130
2 6
60 63
53 71
49 56
37 90
77 84
6 11
31 90
47 58
75 84
2 8
3 7
41 75
31 41
32 69
43 59
3 6
3 8
47 60
56 79
153 157
8 11
54 122
5 12
24 86
3 11
2 7
39 86
2 5
39 75
35 73
39 69
39 90
31 75
44 87
11 14
5 13
39 68
8 12
6 13
77 86
28 86
9 13
43 86
5 8
65 86
31 86
28 39
45 85
60 79
34 154
86 90
88 152
2 9
41 88
147 154
66 91
16 28
48 77
15 18
2 13
37 92
78 84
27 75
2 10
10 13
3 10
22 83
90 147
146 150
2 11
27 86
39 84
62 137
147 151
41 90
147 150
90 150
69 98
31 73
84 147
8 13
97 150
32 72
90 154
122 132
61 79
53 58
148 154
29 73
68 113
129 133
59 118
49 58
9 12
30 35
19 37
62 118
33 69
148 151
50 102
43 50
126 129
3 18
34 43
142 146
25 121
55 60
2 69
43 48
117 120
40 152
24 77
83 93
97 101
79 82
32 75
67 84
37 69
94 139
112 122
104 107
91 96
3 9
31 147
27 134
24 35
2 20
7 13
87 138
20 73
31 43
73 127
24 48
53 56
103 156
25 99
26 41
104 155
89 109
17 68
24 83
14 62
70 111
10 14
80 106
33 62
64 91
130 145
41 83
67 73
55 132
13 65
75 93
126 151
31 37
9 14
97 119
57 67
15 19
136 153
54 71
82 155
68 89
68 149
127 131
82 148
126 133
128 138
121 125
57 126
49 129
42 103
59 66
125 129
96 127
104 157
27 127
64 145
93 106
87 124
41 147
52 66
35 64
141 145
78 81
26 86
16 22
23 82
4 7
62 66
24 29
130 133
66 75
80 107
50 72
96 153
26 65
58 111
9 25
30 74
126 148
38 89
73 90
9 108
61 123
65 83
43 93
48 107
31 146
12 16
38 92
