84 48
56 51
82 47
69 38
61 45
116 63
67 39
76 49
78 47
12 6
83 77
96 93
65 41
86 41
10 6
10 7
11 5
152 64
9 5
85 23
84 43
73 33
114 99
74 51
34 31
10 5
9 6
11 7
130 89
6 2
63 60
71 53
56 49
90 37
84 77
11 6
90 31
58 47
84 75
8 2
7 3
75 41
41 31
69 32
59 43
6 3
8 3
60 47
79 56
157 153
11 8
122 54
12 5
86 24
11 3
7 2
86 39
5 2
75 39
73 35
69 39
90 39
75 31
87 44
14 11
13 5
68 39
12 8
13 6
86 77
86 28
13 9
86 43
8 5
86 65
86 31
39 28
85 45
79 60
154 34
90 86
152 88
9 2
88 41
154 147
91 66
28 16
77 48
18 15
13 2
92 37
84 78
75 27
10 2
13 10
10 3
83 22
147 90
150 146
11 2
86 27
84 39
137 62
151 147
90 41
150 147
150 90
98 69
73 31
147 84
13 8
150 97
72 32
154 90
132 122
79 61
58 53
154 148
73 29
113 68
133 129
118 59
58 49
12 9
35 30
37 19
118 62
69 33
151 148
102 50
50 43
129 126
18 3
43 34
146 142
121 25
60 55
69 2
48 43
120 117
152 40
77 24
93 83
101 97
82 79
75 32
84 67
69 37
139 94
122 112
107 104
96 91
9 3
147 31
134 27
35 24
20 2
13 7
138 87
73 20
43 31
