98 95
91 12
25 2
149 145
77 27
76 29
158 155
48 43
145 130
110 106
150 146
148 126
111 65
91 39
67 39
81 21
103 66
157 153
135 13
62 43
82 20
149 130
92 38
114 63
65 40
109 106
85 17
71 34
83 78
84 77
55 52
64 43
59 49
153 100
73 67
23 20
126 123
148 129
69 34
119 115
34 31
74 28
97 93
154 151
84 20
70 35
76 50
37 9
61 44
130 127
154 100
121 117
124 120
84 43
112 65
74 50
89 15
85 46
125 122
88 16
55 51
56 50
106 57
110 105
26 21
120 117
87 44
133 130
134 15
129 125
84 45
148 144
58 48
25 19
149 127
141 136
151 147
143 140
135 14
26 23
83 20
60 47
68 35
59 50
109 71
92 10
73 29
85 44
88 14
144 134
25 22
140 137
102 99
82 46
25 20
131 14
90 8
153 97
118 115
70 36
36 9
84 17
111 106
103 100
141 133
127 123
148 130
23 19
63 43
54 51
58 47
98 94
153 149
124 42
89 13
68 38
72 33
107 52
152 127
81 77
62 44
57 49
65 42
63 59
134 131
88 40
151 148
101 97
75 48
142 136
82 79
64 40
71 67
81 47
76 26
89 40
152 123
83 77
109 68
134 13
86 17
127 42
128 124
71 32
85 19
141 137
57 51
71 68
89 39
111 102
153 150
111 104
60 44
77 20
84 81
73 51
146 12
85 43
130 89
133 129
82 78
60 43
127 124
83 45
130 14
64 42
90 12
147 144
35 31
72 52
93 38
110 67
146 143
145 142
84 76
148 127
90 37
56 51
86 16
73 52
112 103
76 28
131 16
74 30
111 107
142 139
157 154
62 42
82 77
90 38
128 125
114 62
71 33
144 133
120 62
76 27
134 130
17 2
26 20
123 120
142 11
77 28
112 64
136 132
72 34
68 39
85 16
13 8
75 51
92 37
89 41
155 151
152 126
119 116
85 20
128 87
145 132
108 52
157 100
112 63
47 43
65 41
90 40
59 48
88 42
146 91
86 43
84 44
145 131
115 62
87 41
113 63
73 31
77 47
156 152
141 135
124 121
60 45
24 19
66 40
29 4
146 130
66 38
86 45
113 65
77 21
158 154
131 128
147 143
142 135
110 71
66 39
99 96
112 105
121 118
83 18
72 31
108 105
75 29
69 37
73 34
81 48
91 11
120 114
97 94
78 47
113 64
87 16
87 15
89 14
83 21
141 138
84 19
111 67
136 133
87 42
63 42
131 127
129 126
82 21
88 17
35 8
37 8
83 46
61 43
60 48
134 14
61 47
75 30
88 39
131 88
113 104
112 104
76 49
25 17
120 115
91 10
73 33
69 36
74 29
78 58
67 38
85 47
131 87
154 150
61 46
11 8
90 13
144 130
59 43
81 78
74 31
113 103
148 145
152 149
58 50
76 48
66 41
60 46
86 44
134 12
135 131
74 51
123 119
114 64
86 42
98 93
111 105
125 121
145 12
74 32
84 47
61 45
89 38
37 10
149 146
84 78
130 126
110 68
88 41
59 47
64 41
85 18
71 35
122 119
156 115
132 128
26 22
84 48
77 26
77 48
115 63
142 12
56 49
145 134
83 47
72 67
84 18
145 133
135 132
110 66
107 55
90 39
78 48
123 115
92 11
69 38
110 107
38 35
150 97
70 33
72 30
75 28
109 67
61 42
145 129
24 20
131 89
87 43
131 15
91 38
83 19
88 15
85 45
109 105
153 101
135 15
77 49
25 3
100 97
132 129
74 52
90 14
81 46
144 140
156 153
155 152
124 62
126 122
127 87
112 106
69 35
101 98
58 49
70 34
73 30
91 37
25 18
144 141
142 133
26 19
56 52
120 116
145 141
112 66
110 65
92 12
142 134
87 17
67 40
63 60
102 98
75 49
150 147
146 142
73 32
152 148
86 41
89 12
84 46
141 134
72 32
6 3
6 2
46 43
77 19
111 66
87 14
75 50
68 37
86 18
91 13
78 49
111 103
57 50
95 98
12 91
2 25
145 149
27 77
29 76
155 158
43 48
130 145
106 110
146 150
126 148
65 111
39 91
39 67
21 81
66 103
153 157
13 135
43 62
20 82
130 149
38 92
63 114
40 65
106 109
17 85
34 71
78 83
77 84
52 55
43 64
49 59
100 153
67 73
20 23
123 126
129 148
34 69
115 119
31 34
28 74
93 97
151 154
20 84
35 70
50 76
9 37
44 61
127 130
100 154
117 121
120 124
43 84
65 112
50 74
15 89
46 85
122 125
16 88
51 55
50 56
57 106
105 110
21 26
117 120
44 87
130 133
15 134
125 129
45 84
144 148
48 58
19 25
127 149
136 141
147 151
140 143
14 135
23 26
20 83
47 60
35 68
50 59
71 109
10 92
29 73
44 85
14 88
134 144
22 25
137 140
99 102
46 82
20 25
14 131
8 90
97 153
115 118
36 70
9 36
17 84
106 111
100 103
133 141
123 127
130 148
19 23
43 63
51 54
47 58
94 98
149 153
42 124
13 89
38 68
33 72
52 107
127 152
77 81
44 62
49 57
42 65
59 63
131 134
40 88
148 151
97 101
48 75
136 142
79 82
40 64
67 71
47 81
26 76
40 89
123 152
77 83
68 109
13 134
17 86
42 127
124 128
32 71
19 85
137 141
51 57
68 71
39 89
102 111
150 153
104 111
44 60
20 77
81 84
51 73
12 146
43 85
89 130
129 133
78 82
43 60
124 127
45 83
14 130
42 64
12 90
144 147
31 35
52 72
38 93
67 110
143 146
142 145
76 84
127 148
37 90
51 56
16 86
52 73
103 112
28 76
16 131
30 74
107 111
139 142
154 157
42 62
77 82
38 90
125 128
62 114
33 71
133 144
62 120
27 76
130 134
2 17
20 26
120 123
11 142
28 77
64 112
132 136
34 72
39 68
16 85
8 13
51 75
37 92
41 89
151 155
126 152
116 119
20 85
87 128
132 145
52 108
100 157
63 112
43 47
41 65
40 90
48 59
42 88
91 146
43 86
44 84
131 145
62 115
41 87
63 113
31 73
47 77
152 156
135 141
121 124
45 60
19 24
40 66
4 29
130 146
38 66
45 86
65 113
21 77
154 158
128 131
143 147
135 142
71 110
39 66
96 99
105 112
118 121
18 83
31 72
105 108
29 75
37 69
34 73
48 81
11 91
114 120
94 97
47 78
64 113
16 87
15 87
14 89
21 83
138 141
19 84
67 111
133 136
42 87
42 63
127 131
126 129
21 82
17 88
8 35
8 37
46 83
43 61
48 60
14 134
47 61
30 75
39 88
88 131
104 113
104 112
49 76
17 25
115 120
10 91
33 73
36 69
29 74
58 78
38 67
47 85
87 131
150 154
46 61
8 11
13 90
130 144
43 59
78 81
31 74
103 113
145 148
149 152
50 58
48 76
41 66
46 60
44 86
12 134
131 135
51 74
119 123
64 114
42 86
93 98
105 111
121 125
12 145
32 74
47 84
45 61
38 89
10 37
146 149
78 84
126 130
68 110
41 88
47 59
41 64
18 85
35 71
119 122
115 156
128 132
22 26
48 84
26 77
48 77
63 115
12 142
49 56
134 145
47 83
67 72
18 84
133 145
132 135
66 110
55 107
39 90
48 78
115 123
11 92
38 69
107 110
35 38
97 150
33 70
30 72
28 75
67 109
42 61
129 145
20 24
89 131
43 87
15 131
38 91
19 83
15 88
45 85
105 109
101 153
15 135
49 77
3 25
97 100
129 132
52 74
14 90
46 81
140 144
153 156
152 155
62 124
122 126
87 127
106 112
35 69
98 101
49 58
34 70
30 73
37 91
18 25
141 144
133 142
19 26
52 56
116 120
141 145
66 112
65 110
12 92
134 142
17 87
40 67
60 63
98 102
49 75
147 150
142 146
32 73
148 152
41 86
12 89
46 84
134 141
32 72
3 6
2 6
43 46
19 77
66 111
14 87
50 75
37 68
18 86
13 91
49 78
103 111
50 57
