150 147
129 126
151 148
131 128
132 129
133 130
130 127
151 147
12 9
76 49
15 12
149 146
6 3
157 154
150 146
128 125
14 11
146 143
133 129
145 142
10 7
13 10
129 125
7 4
56 51
11 8
152 149
17 14
134 131
18 15
16 13
156 153
63 60
131 127
86 41
125 122
86 43
141 138
8 5
155 152
157 153
86 42
158 155
127 124
130 126
152 148
67 39
153 150
69 38
9 6
140 137
132 128
56 53
144 141
87 43
135 132
83 77
12 8
19 16
96 93
145 141
85 23
34 31
6 2
87 42
154 151
5 2
78 47
116 63
139 136
84 48
77 49
31 28
107 104
8 4
120 117
124 121
33 30
13 6
28 25
18 14
13 9
65 41
7 3
126 123
90 39
9 5
11 7
55 52
90 37
148 145
123 120
116 113
20 17
82 47
153 149
72 69
56 49
78 48
146 142
68 39
128 124
125 121
55 51
118 115
27 24
85 43
84 43
87 41
84 77
12 6
14 10
158 154
147 144
54 51
11 6
29 26
114 111
102 99
7 2
69 39
61 45
10 5
15 11
88 41
10 6
115 112
76 48
73 33
117 114
119 116
155 151
136 133
156 152
58 47
58 49
17 13
16 12
77 48
83 78
13 7
84 78
75 49
82 79
122 119
86 24
19 15
143 140
20 16
8 3
106 103
68 38
73 32
56 52
101 98
35 32
75 31
149 145
90 86
148 144
91 37
72 32
32 29
113 110
13 2
73 31
135 131
35 31
8 2
9 2
39 36
126 122
121 118
12 5
10 2
56 50
69 33
90 87
147 143
97 94
89 39
142 139
154 147
18 3
92 37
138 135
86 44
100 97
11 5
41 31
115 63
127 123
13 5
154 148
134 130
12 7
84 23
72 33
57 54
88 42
85 24
90 38
73 34
86 23
59 43
74 31
69 32
86 77
116 62
57 53
137 134
88 85
28 24
87 44
66 41
83 80
77 47
89 37
91 88
64 61
73 30
86 40
86 39
26 23
81 78
60 45
46 43
30 27
108 105
12 2
154 150
74 51
9 3
58 55
21 18
66 39
85 44
60 47
103 100
57 49
86 28
147 150
126 129
148 151
128 131
129 132
130 133
127 130
147 151
9 12
49 76
12 15
146 149
3 6
154 157
146 150
125 128
11 14
143 146
129 133
142 145
7 10
10 13
125 129
4 7
51 56
8 11
149 152
14 17
131 134
15 18
13 16
153 156
60 63
127 131
41 86
122 125
43 86
138 141
5 8
152 155
153 157
42 86
155 158
124 127
126 130
148 152
39 67
150 153
38 69
6 9
137 140
128 132
53 56
141 144
43 87
132 135
77 83
8 12
16 19
93 96
141 145
23 85
31 34
2 6
42 87
151 154
2 5
47 78
63 116
136 139
48 84
49 77
28 31
104 107
4 8
117 120
121 124
30 33
6 13
25 28
14 18
9 13
41 65
3 7
123 126
39 90
5 9
7 11
52 55
37 90
145 148
120 123
113 116
17 20
47 82
149 153
69 72
49 56
48 78
142 146
39 68
124 128
121 125
51 55
115 118
24 27
43 85
43 84
41 87
77 84
6 12
10 14
154 158
144 147
51 54
6 11
26 29
111 114
99 102
2 7
39 69
45 61
5 10
11 15
41 88
6 10
112 115
48 76
33 73
114 117
116 119
151 155
133 136
152 156
47 58
49 58
13 17
12 16
48 77
78 83
7 13
78 84
49 75
79 82
119 122
24 86
15 19
140 143
16 20
3 8
103 106
38 68
32 73
52 56
98 101
32 35
31 75
145 149
86 90
144 148
37 91
32 72
29 32
110 113
2 13
31 73
131 135
31 35
2 8
2 9
36 39
122 126
118 121
5 12
2 10
50 56
33 69
87 90
143 147
94 97
39 89
139 142
147 154
3 18
37 92
135 138
44 86
97 100
5 11
31 41
63 115
123 127
5 13
148 154
130 134
7 12
23 84
33 72
54 57
42 88
24 85
38 90
34 73
23 86
43 59
31 74
32 69
77 86
62 116
53 57
134 137
85 88
24 28
44 87
41 66
80 83
47 77
37 89
88 91
61 64
30 73
40 86
39 86
23 26
78 81
45 60
43 46
27 30
105 108
2 12
150 154
51 74
3 9
55 58
18 21
39 66
44 85
47 60
100 103
49 57
28 86
