150 147
131 128
151 148
84 48
129 126
132 129
56 51
130 127
157 153
69 38
133 130
149 146
67 39
150 146
129 125
116 63
128 125
151 147
76 49
82 47
131 127
86 41
157 154
146 143
18 15
78 47
85 23
156 153
134 131
61 45
12 9
56 49
58 47
133 129
155 152
65 41
83 77
73 33
15 12
63 60
96 93
145 142
127 124
152 149
84 77
11 8
17 14
14 11
132 128
10 7
90 37
154 151
130 126
6 3
84 43
125 122
86 43
158 155
5 2
114 99
86 42
69 39
116 113
124 121
146 142
86 24
6 2
34 31
58 49
90 39
41 31
135 132
120 117
8 4
144 141
145 141
19 16
152 64
12 8
87 42
