118 49
90 57
119 49
57 33
42 39
118 48
89 57
87 57
91 56
110 107
91 55
117 49
118 47
54 31
116 47
117 48
110 106
63 39
90 58
89 56
119 50
90 56
113 102
58 34
114 99
105 102
89 58
102 67
55 31
11 8
106 102
109 106
90 55
103 68
92 55
88 57
25 22
19 16
20 17
114 101
18 15
118 50
14 11
119 51
92 56
17 14
115 101
115 100
106 103
112 109
24 21
6 3
5 2
114 100
116 48
10 7
16 13
56 33
104 68
110 102
58 35
49 118
57 90
49 119
33 57
39 42
48 118
57 89
57 87
56 91
107 110
55 91
49 117
47 118
31 54
47 116
48 117
106 110
39 63
58 90
56 89
50 119
56 90
102 113
34 58
99 114
102 105
58 89
67 102
31 55
8 11
102 106
106 109
55 90
68 103
55 92
57 88
22 25
16 19
17 20
101 114
15 18
50 118
11 14
51 119
56 92
14 17
101 115
100 115
103 106
109 112
21 24
3 6
2 5
100 114
48 116
7 10
13 16
33 56
68 104
102 110
35 58
