118 49
90 57
119 49
57 33
42 39
118 48
89 57
87 57
91 56
110 107
91 55
117 49
118 47
54 31
116 47
117 48
110 106
63 39
90 58
89 56
119 50
90 56
113 102
58 34
114 99
105 102
89 58
102 67
55 31
11 8
106 102
109 106
90 55
103 68
92 55
88 57
25 22
19 16
20 17
114 101
18 15
118 50
14 11
119 51
92 56
17 14
115 101
115 100
106 103
112 109
24 21
6 3
5 2
114 100
116 48
10 7
16 13
56 33
104 68
110 102
58 35
57 34
95 52
21 18
117 47
7 4
43 39
15 12
108 105
93 53
109 105
87 58
12 9
23 20
59 35
89 55
119 92
119 52
13 10
88 58
44 39
56 32
48 34
8 5
90 75
106 67
116 97
55 32
22 19
91 54
113 110
98 95
116 99
103 69
92 50
102 68
59 34
118 97
88 59
104 67
54 30
54 32
103 70
113 101
94 52
21 17
43 40
115 99
61 37
93 52
31 28
119 95
53 31
92 54
93 54
60 35
87 59
80 60
20 16
53 29
44 41
65 40
25 21
107 103
77 74
85 59
91 53
103 77
45 42
102 64
111 108
104 77
19 15
111 107
77 68
117 50
105 101
64 40
116 98
67 64
116 100
103 67
55 52
79 66
62 38
53 30
95 92
104 79
9 6
16 12
92 52
110 104
114 102
6 2
92 53
97 94
92 51
58 33
108 104
105 67
117 99
15 11
107 104
32 29
62 39
96 93
17 13
55 28
56 53
110 105
113 106
59 36
90 50
74 71
89 28
86 59
58 36
104 65
23 19
115 47
12 8
55 30
61 35
49 118
57 90
49 119
33 57
39 42
48 118
57 89
57 87
56 91
107 110
55 91
49 117
47 118
31 54
47 116
48 117
106 110
39 63
58 90
56 89
50 119
56 90
102 113
34 58
99 114
102 105
58 89
67 102
31 55
8 11
102 106
106 109
55 90
68 103
55 92
57 88
22 25
16 19
17 20
101 114
15 18
50 118
11 14
51 119
56 92
14 17
101 115
100 115
103 106
109 112
21 24
3 6
2 5
100 114
48 116
7 10
13 16
33 56
68 104
102 110
35 58
34 57
52 95
18 21
47 117
4 7
39 43
12 15
105 108
53 93
105 109
58 87
9 12
20 23
35 59
55 89
92 119
52 119
10 13
58 88
39 44
32 56
34 48
5 8
75 90
67 106
97 116
32 55
19 22
54 91
110 113
95 98
99 116
69 103
50 92
68 102
34 59
97 118
59 88
67 104
30 54
32 54
70 103
101 113
52 94
17 21
40 43
99 115
37 61
52 93
28 31
95 119
31 53
54 92
54 93
35 60
59 87
60 80
16 20
29 53
41 44
40 65
21 25
103 107
74 77
59 85
53 91
77 103
42 45
64 102
108 111
77 104
15 19
107 111
68 77
50 117
101 105
40 64
98 116
64 67
100 116
67 103
52 55
66 79
38 62
30 53
92 95
79 104
6 9
12 16
52 92
104 110
102 114
2 6
53 92
94 97
51 92
33 58
104 108
67 105
99 117
11 15
104 107
29 32
39 62
93 96
13 17
28 55
53 56
105 110
106 113
36 59
50 90
71 74
28 89
59 86
36 58
65 104
19 23
47 115
8 12
30 55
35 61
