44 39
48 34
80 60
90 58
119 92
106 102
95 52
119 52
118 47
110 106
92 50
119 95
102 67
91 55
110 102
57 33
115 100
92 56
42 39
106 67
55 31
54 31
63 39
58 36
104 79
104 77
103 70
67 64
116 47
116 97
87 57
118 49
89 28
113 102
90 75
90 50
113 110
110 67
89 57
102 64
113 106
58 34
85 59
112 109
98 95
103 68
118 97
119 50
61 37
45 42
92 74
88 78
59 35
92 34
103 77
111 70
114 101
19 15
95 92
53 29
106 64
114 99
79 66
55 28
103 79
94 87
44 37
88 76
93 53
110 64
78 60
80 38
117 48
94 30
54 32
104 65
63 44
77 68
117 50
116 99
91 53
76 70
110 104
98 52
97 47
31 28
105 101
89 55
100 75
59 33
80 62
117 74
65 40
16 10
107 41
86 78
61 35
119 93
84 81
109 42
65 41
5 2
82 64
115 76
83 61
104 68
119 98
20 10
88 58
90 56
21 17
102 82
15 10
64 40
119 74
87 78
80 61
11 6
93 52
69 58
109 105
22 17
105 73
50 35
15 11
15 12
82 67
10 7
84 68
104 67
25 21
56 50
56 51
53 31
105 40
69 36
87 53
54 30
14 7
19 11
9 3
104 64
88 57
94 52
16 12
12 9
93 71
14 10
12 2
14 11
22 19
12 7
8 5
76 39
34 24
113 67
9 4
87 37
10 2
12 3
74 71
38 30
99 45
64 49
10 6
117 69
50 34
10 3
67 38
14 4
19 16
114 45
102 77
11 7
9 5
68 36
119 91
113 82
17 14
19 3
117 70
19 9
92 88
39 44
34 48
60 80
58 90
92 119
102 106
52 95
52 119
47 118
106 110
50 92
95 119
67 102
55 91
102 110
33 57
100 115
56 92
39 42
67 106
31 55
31 54
39 63
36 58
79 104
77 104
70 103
64 67
47 116
97 116
57 87
49 118
28 89
102 113
75 90
50 90
110 113
67 110
57 89
64 102
106 113
34 58
59 85
109 112
95 98
68 103
97 118
50 119
37 61
42 45
74 92
78 88
35 59
34 92
77 103
70 111
101 114
15 19
92 95
29 53
64 106
99 114
66 79
28 55
79 103
87 94
37 44
76 88
53 93
64 110
60 78
38 80
48 117
30 94
32 54
65 104
44 63
68 77
50 117
99 116
53 91
70 76
104 110
52 98
47 97
28 31
101 105
55 89
75 100
33 59
62 80
74 117
40 65
10 16
41 107
78 86
35 61
93 119
81 84
42 109
41 65
2 5
64 82
76 115
61 83
68 104
98 119
10 20
58 88
56 90
17 21
82 102
10 15
40 64
74 119
78 87
61 80
6 11
52 93
58 69
105 109
17 22
73 105
35 50
11 15
12 15
67 82
7 10
68 84
67 104
21 25
50 56
51 56
31 53
40 105
36 69
53 87
30 54
7 14
11 19
3 9
64 104
57 88
52 94
12 16
9 12
71 93
10 14
2 12
11 14
19 22
7 12
5 8
39 76
24 34
67 113
4 9
37 87
2 10
3 12
71 74
30 38
45 99
49 64
6 10
69 117
34 50
3 10
38 67
4 14
16 19
45 114
77 102
7 11
5 9
36 68
91 119
82 113
14 17
3 19
70 117
9 19
88 92
