100 43
88 57
59 36
104 79
83 61
93 53
85 6
82 63
98 74
91 54
119 95
115 42
79 68
88 76
67 39
80 67
104 68
63 37
106 68
23 19
35 25
85 61
54 31
66 62
61 36
48 36
104 80
69 60
118 97
61 8
89 58
33 25
90 58
114 100
114 43
109 41
86 60
116 99
80 38
113 67
31 26
32 26
97 47
116 47
48 24
117 98
115 99
56 33
60 38
84 61
107 41
106 66
117 48
79 66
83 7
115 100
25 22
98 71
37 11
14 7
115 46
110 102
54 51
34 24
87 3
86 78
35 23
101 72
45 23
63 12
62 39
119 50
110 105
106 41
44 36
102 41
48 45
104 66
82 61
112 41
116 97
84 5
64 40
113 101
86 59
76 69
102 38
110 106
89 56
94 52
74 71
98 73
85 3
13 10
46 42
113 110
92 52
11 6
22 19
59 3
65 40
63 11
43 36
62 37
68 38
35 16
25 16
91 56
18 15
118 49
77 69
99 72
20 17
34 23
57 34
88 60
115 48
58 33
90 56
77 70
87 2
17 12
23 17
118 98
53 30
44 17
107 65
115 47
58 34
17 11
88 69
69 43
113 109
62 38
119 51
56 31
50 32
79 69
11 7
35 22
36 23
101 70
59 34
113 102
95 92
117 71
59 16
90 55
98 72
100 48
80 61
88 78
16 3
116 46
14 11
95 52
106 65
76 70
114 42
91 55
106 40
67 62
110 104
80 66
117 50
45 36
85 5
102 68
79 67
32 24
115 43
50 24
69 36
48 43
57 27
56 34
32 27
93 52
61 11
17 6
83 8
103 77
83 11
55 31
84 81
18 10
118 50
82 64
18 11
92 50
49 24
78 70
106 67
56 50
113 42
90 76
15 11
35 17
78 69
43 37
18 14
81 62
100 69
37 12
61 37
44 37
76 58
92 56
114 99
82 62
85 59
84 6
33 26
87 59
31 27
100 71
116 98
59 33
119 92
117 47
37 20
103 70
15 10
113 41
67 38
117 92
119 98
61 6
60 36
34 25
80 68
59 2
118 47
18 12
45 24
55 30
57 31
85 60
65 62
113 43
109 40
115 101
106 102
14 10
100 70
102 70
102 67
110 107
59 35
32 25
84 4
78 60
118 96
22 16
80 62
92 54
60 37
61 17
78 68
84 80
86 61
19 15
31 28
116 48
89 57
33 27
58 36
116 100
56 32
86 80
104 67
80 69
57 33
32 28
87 60
44 39
62 8
63 8
35 24
48 34
33 24
6 3
114 101
54 30
117 49
45 20
91 53
10 7
64 8
113 40
42 39
61 3
107 40
55 32
87 58
83 62
87 57
117 97
114 102
57 32
92 53
102 69
43 39
99 71
117 100
81 66
88 58
81 61
82 65
110 41
86 81
43 38
112 109
90 71
98 92
23 20
61 38
67 40
86 58
11 8
48 23
119 96
90 74
82 8
80 60
44 20
51 32
45 34
119 52
36 17
89 55
113 106
42 38
37 17
50 34
103 68
100 72
85 4
54 50
102 42
44 23
76 71
69 38
64 39
46 43
118 48
119 97
83 6
69 58
82 66
86 79
83 5
109 106
63 39
54 32
119 94
86 69
18 13
43 100
57 88
36 59
79 104
61 83
53 93
6 85
63 82
74 98
54 91
95 119
42 115
68 79
76 88
39 67
67 80
68 104
37 63
68 106
19 23
25 35
61 85
31 54
62 66
36 61
36 48
80 104
60 69
97 118
8 61
58 89
25 33
58 90
100 114
43 114
41 109
60 86
99 116
38 80
67 113
26 31
26 32
47 97
47 116
24 48
98 117
99 115
33 56
38 60
61 84
41 107
66 106
48 117
66 79
7 83
100 115
22 25
71 98
11 37
7 14
46 115
102 110
51 54
24 34
3 87
78 86
23 35
72 101
23 45
12 63
39 62
50 119
105 110
41 106
36 44
41 102
45 48
66 104
61 82
41 112
97 116
5 84
40 64
101 113
59 86
69 76
38 102
106 110
56 89
52 94
71 74
73 98
3 85
10 13
42 46
110 113
52 92
6 11
19 22
3 59
40 65
11 63
36 43
37 62
38 68
16 35
16 25
56 91
15 18
49 118
69 77
72 99
17 20
23 34
34 57
60 88
48 115
33 58
56 90
70 77
2 87
12 17
17 23
98 118
30 53
17 44
65 107
47 115
34 58
11 17
69 88
43 69
109 113
38 62
51 119
31 56
32 50
69 79
7 11
22 35
23 36
70 101
34 59
102 113
92 95
71 117
16 59
55 90
72 98
48 100
61 80
78 88
3 16
46 116
11 14
52 95
65 106
70 76
42 114
55 91
40 106
62 67
104 110
66 80
50 117
36 45
5 85
68 102
67 79
24 32
43 115
24 50
36 69
43 48
27 57
34 56
27 32
52 93
11 61
6 17
8 83
77 103
11 83
31 55
81 84
10 18
50 118
64 82
11 18
50 92
24 49
70 78
67 106
50 56
42 113
76 90
11 15
17 35
69 78
37 43
14 18
62 81
69 100
12 37
37 61
37 44
58 76
56 92
99 114
62 82
59 85
6 84
26 33
59 87
27 31
71 100
98 116
33 59
92 119
47 117
20 37
70 103
10 15
41 113
38 67
92 117
98 119
6 61
36 60
25 34
68 80
2 59
47 118
12 18
24 45
30 55
31 57
60 85
62 65
43 113
40 109
101 115
102 106
10 14
70 100
70 102
67 102
107 110
35 59
25 32
4 84
60 78
96 118
16 22
62 80
54 92
37 60
17 61
68 78
80 84
61 86
15 19
28 31
48 116
57 89
27 33
36 58
100 116
32 56
80 86
67 104
69 80
33 57
28 32
60 87
39 44
8 62
8 63
24 35
34 48
24 33
3 6
101 114
30 54
49 117
20 45
53 91
7 10
8 64
40 113
39 42
3 61
40 107
32 55
58 87
62 83
57 87
97 117
102 114
32 57
53 92
69 102
39 43
71 99
100 117
66 81
58 88
61 81
65 82
41 110
81 86
38 43
109 112
71 90
92 98
20 23
38 61
40 67
58 86
8 11
23 48
96 119
74 90
8 82
60 80
20 44
32 51
34 45
52 119
17 36
55 89
106 113
38 42
17 37
34 50
68 103
72 100
4 85
50 54
42 102
23 44
71 76
38 69
39 64
43 46
48 118
97 119
6 83
58 69
66 82
79 86
5 83
106 109
39 63
32 54
94 119
69 86
13 18
