44 39
48 34
80 60
90 58
119 92
106 102
95 52
119 52
118 47
110 106
92 50
119 95
102 67
91 55
110 102
57 33
115 100
92 56
42 39
106 67
55 31
54 31
63 39
58 36
104 79
104 77
103 70
67 64
116 47
116 97
87 57
118 49
89 28
113 102
90 75
90 50
113 110
110 67
89 57
102 64
113 106
58 34
85 59
112 109
98 95
103 68
118 97
119 50
61 37
45 42
92 74
88 78
59 35
92 34
103 77
111 70
114 101
19 15
95 92
53 29
106 64
114 99
79 66
55 28
103 79
94 87
44 37
88 76
93 53
110 64
78 60
80 38
117 48
94 30
54 32
104 65
63 44
77 68
117 50
116 99
91 53
76 70
110 104
98 52
97 47
31 28
105 101
89 55
100 75
59 33
80 62
117 74
65 40
16 10
107 41
86 78
61 35
119 93
84 81
109 42
65 41
5 2
82 64
115 76
83 61
104 68
119 98
20 10
88 58
90 56
21 17
102 82
15 10
64 40
119 74
87 78
80 61
11 6
93 52
69 58
109 105
22 17
