44 39
48 34
80 60
90 58
119 92
106 102
95 52
119 52
118 47
110 106
92 50
119 95
102 67
91 55
110 102
57 33
115 100
92 56
42 39
106 67
55 31
54 31
63 39
58 36
104 79
104 77
103 70
67 64
116 47
116 97
87 57
118 49
89 28
113 102
90 75
90 50
113 110
110 67
89 57
102 64
113 106
58 34
85 59
112 109
98 95
103 68
118 97
119 50
61 37
45 42
92 74
88 78
59 35
92 34
103 77
111 70
114 101
19 15
95 92
53 29
106 64
39 44
34 48
60 80
58 90
92 119
102 106
52 95
52 119
47 118
106 110
50 92
95 119
67 102
55 91
102 110
33 57
100 115
56 92
39 42
67 106
31 55
31 54
39 63
36 58
79 104
77 104
70 103
64 67
47 116
97 116
57 87
49 118
28 89
102 113
75 90
50 90
110 113
67 110
57 89
64 102
106 113
34 58
59 85
109 112
95 98
68 103
97 118
50 119
37 61
42 45
74 92
78 88
35 59
34 92
77 103
70 111
101 114
15 19
92 95
29 53
64 106
