46 31
88 72
89 23
87 29
81 53
76 35
53 31
88 68
30 25
81 47
53 46
88 63
6 3
28 24
54 45
88 70
68 35
25 22
83 10
87 84
18 13
32 19
53 32
41 37
40 35
83 9
37 5
30 27
24 20
43 39
18 11
32 14
35 19
89 86
53 47
53 9
71 60
89 68
70 10
28 22
32 12
62 15
73 52
77 74
82 44
73 23
28 25
21 18
67 64
89 85
64 60
73 47
89 83
5 2
60 56
96 4
11 8
68 40
50 24
93 85
29 24
48 24
53 45
17 6
92 70
74 55
96 93
95 91
89 62
15 10
42 37
42 33
54 23
91 70
30 26
80 47
81 73
78 74
55 29
81 9
85 26
52 46
51 47
57 32
25 20
38 3
51 48
61 14
84 12
57 18
66 59
52 33
85 50
23 14
10 7
62 38
83 56
67 40
27 22
92 81
95 78
65 10
58 55
82 21
7 4
55 7
41 38
73 57
89 53
77 29
37 29
52 47
23 4
90 70
12 8
47 16
75 30
51 39
86 82
91 86
78 71
70 61
77 51
56 34
76 12
68 19
83 78
83 31
89 72
76 14
69 36
63 60
16 7
89 19
30 22
65 42
88 19
76 36
12 7
53 23
93 89
68 62
31 10
84 41
85 51
57 42
93 86
94 91
31 46
72 88
23 89
29 87
53 81
35 76
31 53
68 88
25 30
47 81
46 53
63 88
3 6
24 28
45 54
70 88
35 68
22 25
10 83
84 87
13 18
19 32
32 53
37 41
35 40
9 83
5 37
27 30
20 24
39 43
11 18
14 32
19 35
86 89
47 53
9 53
60 71
68 89
10 70
22 28
12 32
15 62
52 73
74 77
44 82
23 73
25 28
18 21
64 67
85 89
60 64
47 73
83 89
2 5
56 60
4 96
8 11
40 68
24 50
85 93
24 29
24 48
45 53
6 17
70 92
55 74
93 96
91 95
62 89
10 15
37 42
33 42
23 54
70 91
26 30
47 80
73 81
74 78
29 55
9 81
26 85
46 52
47 51
32 57
20 25
3 38
48 51
14 61
12 84
18 57
59 66
33 52
50 85
14 23
7 10
38 62
56 83
40 67
22 27
81 92
78 95
10 65
55 58
21 82
4 7
7 55
38 41
57 73
53 89
29 77
29 37
47 52
4 23
70 90
8 12
16 47
30 75
39 51
82 86
86 91
71 78
61 70
51 77
34 56
12 76
19 68
78 83
31 83
72 89
14 76
36 69
60 63
7 16
19 89
22 30
42 65
19 88
36 76
7 12
23 53
89 93
62 68
10 31
41 84
51 85
42 57
86 93
91 94
