89 23
88 72
76 35
87 29
89 86
41 37
95 91
25 22
87 84
77 74
81 53
46 31
78 75
53 46
28 25
95 92
18 11
6 3
88 70
54 45
30 27
41 38
68 35
32 19
29 26
24 20
11 8
18 13
30 25
53 31
89 85
30 26
40 35
88 68
96 93
53 47
81 47
52 46
53 45
28 24
94 91
88 85
29 25
78 74
52 47
88 63
86 83
40 37
96 92
85 82
29 24
71 60
28 22
37 5
67 64
87 83
51 47
21 18
43 39
89 68
31 28
51 48
73 52
69 62
48 24
64 60
90 86
53 32
83 10
86 82
79 76
63 60
42 37
82 44
5 2
31 26
26 22
88 84
42 39
20 17
83 9
91 70
80 77
24 21
90 87
93 85
10 7
70 61
60 57
62 15
6 2
58 55
33 30
18 15
80 47
90 70
67 63
25 21
42 38
7 4
11 7
40 36
60 56
25 20
32 12
54 46
26 23
43 40
92 70
27 22
35 19
15 10
64 61
91 86
71 62
89 83
79 75
59 56
65 62
39 35
19 16
66 63
93 90
88 71
52 31
53 9
81 78
70 60
27 24
66 59
39 36
85 50
17 6
94 90
71 61
83 78
7 3
89 70
51 46
92 85
93 89
8 5
68 62
68 36
28 23
12 8
81 9
32 29
23 89
72 88
35 76
29 87
86 89
37 41
91 95
22 25
84 87
74 77
53 81
31 46
75 78
46 53
25 28
92 95
11 18
3 6
70 88
45 54
27 30
38 41
35 68
19 32
26 29
20 24
8 11
13 18
25 30
31 53
85 89
26 30
35 40
68 88
93 96
47 53
47 81
46 52
45 53
24 28
91 94
85 88
25 29
74 78
47 52
63 88
83 86
37 40
92 96
82 85
24 29
60 71
22 28
5 37
64 67
83 87
47 51
18 21
39 43
68 89
28 31
48 51
52 73
62 69
24 48
60 64
86 90
32 53
10 83
82 86
76 79
60 63
37 42
44 82
2 5
26 31
22 26
84 88
39 42
17 20
9 83
70 91
77 80
21 24
87 90
85 93
7 10
61 70
57 60
15 62
2 6
55 58
30 33
15 18
47 80
70 90
63 67
21 25
38 42
4 7
7 11
36 40
56 60
20 25
12 32
46 54
23 26
40 43
70 92
22 27
19 35
10 15
61 64
86 91
62 71
83 89
75 79
56 59
62 65
35 39
16 19
63 66
90 93
71 88
31 52
9 53
78 81
60 70
24 27
59 66
36 39
50 85
6 17
90 94
61 71
78 83
3 7
70 89
46 51
85 92
89 93
5 8
62 68
36 68
23 28
8 12
9 81
29 32
