89 23
88 72
76 35
87 29
89 86
41 37
95 91
25 22
87 84
77 74
81 53
46 31
78 75
53 46
28 25
95 92
18 11
6 3
88 70
54 45
30 27
41 38
68 35
32 19
29 26
24 20
11 8
18 13
30 25
53 31
89 85
30 26
40 35
88 68
96 93
53 47
81 47
52 46
53 45
28 24
94 91
88 85
29 25
78 74
52 47
88 63
86 83
40 37
96 92
85 82
29 24
71 60
28 22
37 5
67 64
87 83
51 47
21 18
43 39
89 68
31 28
51 48
73 52
69 62
48 24
64 60
90 86
53 32
83 10
86 82
79 76
63 60
42 37
82 44
5 2
31 26
26 22
88 84
42 39
20 17
83 9
91 70
80 77
24 21
90 87
93 85
10 7
70 61
60 57
62 15
6 2
58 55
33 30
18 15
80 47
90 70
67 63
25 21
42 38
