71 63
88 72
74 32
82 32
18 11
88 84
54 44
92 70
64 12
55 46
78 55
52 45
82 21
94 89
23 10
84 31
63 15
90 87
75 56
88 71
62 15
87 29
70 63
23 8
76 56
83 30
35 14
86 24
58 42
90 86
74 57
20 10
75 55
85 24
53 47
19 12
88 85
93 89
27 24
76 55
91 70
82 30
51 48
79 33
19 13
85 29
72 62
23 9
88 70
20 9
94 91
76 58
79 31
22 8
69 64
30 27
76 35
18 14
86 29
81 32
52 47
56 42
20 12
36 17
82 33
69 65
75 58
84 24
75 57
71 60
92 69
63 12
82 79
71 62
86 27
76 57
63 14
72 61
74 31
85 30
77 53
92 65
81 33
66 11
70 64
77 33
79 32
65 10
84 27
91 88
82 31
77 54
83 27
21 9
84 21
73 60
78 53
85 28
77 56
89 25
17 14
66 12
66 10
95 90
92 89
55 44
51 47
88 30
22 10
64 14
73 57
82 22
86 28
74 59
50 47
53 45
57 42
83 32
55 43
58 40
21 11
87 73
67 11
86 30
69 62
73 59
76 32
72 63
8 2
72 60
70 65
56 41
68 65
89 86
52 46
16 13
92 68
82 20
83 31
83 79
58 38
77 32
56 43
81 21
74 61
78 32
85 31
35 17
89 84
75 30
73 29
75 32
28 25
54 43
18 13
84 23
63 13
65 13
71 61
80 33
83 22
94 90
85 26
76 31
8 4
67 64
62 14
22 9
70 62
84 30
38 35
76 34
93 90
64 13
86 26
77 34
87 28
88 29
6 3
57 41
52 48
32 21
21 10
92 88
56 44
74 58
8 3
61 14
73 30
87 30
74 30
21 12
77 31
77 55
57 43
57 44
53 46
89 23
67 12
55 45
18 12
85 23
86 25
83 24
69 63
20 11
75 31
53 48
84 22
85 25
65 11
65 12
72 59
91 87
78 33
7 4
54 46
74 29
68 64
73 61
81 22
35 32
17 13
22 7
54 45
83 23
84 29
61 58
89 85
87 72
85 27
19 11
73 58
76 33
58 41
83 21
75 29
63 71
72 88
32 74
32 82
11 18
84 88
44 54
70 92
12 64
46 55
55 78
45 52
21 82
89 94
10 23
31 84
15 63
87 90
56 75
71 88
15 62
29 87
63 70
8 23
56 76
30 83
14 35
24 86
42 58
86 90
57 74
10 20
55 75
24 85
47 53
12 19
85 88
89 93
24 27
55 76
70 91
30 82
48 51
33 79
13 19
29 85
62 72
9 23
70 88
9 20
91 94
58 76
31 79
8 22
64 69
27 30
35 76
14 18
29 86
32 81
47 52
42 56
12 20
17 36
33 82
65 69
58 75
24 84
57 75
60 71
69 92
12 63
79 82
62 71
27 86
57 76
14 63
61 72
31 74
30 85
53 77
65 92
33 81
11 66
64 70
33 77
32 79
10 65
27 84
88 91
31 82
54 77
27 83
9 21
21 84
60 73
53 78
28 85
56 77
25 89
14 17
12 66
10 66
90 95
89 92
44 55
47 51
30 88
10 22
14 64
57 73
22 82
28 86
59 74
47 50
45 53
42 57
32 83
43 55
40 58
11 21
73 87
11 67
30 86
62 69
59 73
32 76
63 72
2 8
60 72
65 70
41 56
65 68
86 89
46 52
13 16
68 92
20 82
31 83
79 83
38 58
32 77
43 56
21 81
61 74
32 78
31 85
17 35
84 89
30 75
29 73
32 75
25 28
43 54
13 18
23 84
13 63
13 65
61 71
33 80
22 83
90 94
26 85
31 76
4 8
64 67
14 62
9 22
62 70
30 84
35 38
34 76
90 93
13 64
26 86
34 77
28 87
29 88
3 6
41 57
48 52
21 32
10 21
88 92
44 56
58 74
3 8
14 61
30 73
30 87
30 74
12 21
31 77
55 77
43 57
44 57
46 53
23 89
12 67
45 55
12 18
23 85
25 86
24 83
63 69
11 20
31 75
48 53
22 84
25 85
11 65
12 65
59 72
87 91
33 78
4 7
46 54
29 74
64 68
61 73
22 81
32 35
13 17
7 22
45 54
23 83
29 84
58 61
85 89
72 87
27 85
11 19
58 73
33 76
41 58
21 83
29 75
