89 23
88 72
76 35
87 29
89 86
41 37
95 91
25 22
87 84
77 74
81 53
46 31
78 75
53 46
28 25
95 92
18 11
6 3
88 70
54 45
30 27
41 38
68 35
32 19
29 26
24 20
11 8
18 13
30 25
53 31
89 85
30 26
40 35
88 68
96 93
53 47
81 47
52 46
53 45
28 24
94 91
88 85
29 25
78 74
52 47
88 63
86 83
40 37
96 92
23 89
72 88
35 76
29 87
86 89
37 41
91 95
22 25
84 87
74 77
53 81
31 46
75 78
46 53
25 28
92 95
11 18
3 6
70 88
45 54
27 30
38 41
35 68
19 32
26 29
20 24
8 11
13 18
25 30
31 53
85 89
26 30
35 40
68 88
93 96
47 53
47 81
46 52
45 53
24 28
91 94
85 88
25 29
74 78
47 52
63 88
83 86
37 40
92 96
