46 31
88 72
89 23
87 29
81 53
76 35
53 31
88 68
30 25
81 47
53 46
88 63
6 3
28 24
54 45
88 70
68 35
25 22
83 10
87 84
18 13
32 19
53 32
41 37
40 35
83 9
37 5
30 27
24 20
43 39
18 11
32 14
35 19
89 86
53 47
53 9
71 60
89 68
70 10
28 22
32 12
62 15
73 52
77 74
82 44
73 23
28 25
21 18
67 64
89 85
64 60
73 47
89 83
5 2
60 56
96 4
11 8
68 40
50 24
93 85
29 24
48 24
53 45
17 6
92 70
74 55
96 93
95 91
89 62
15 10
42 37
42 33
54 23
91 70
30 26
80 47
81 73
78 74
55 29
81 9
85 26
52 46
51 47
57 32
25 20
38 3
51 48
61 14
84 12
57 18
66 59
52 33
85 50
23 14
10 7
62 38
83 56
67 40
27 22
