46 31
88 72
89 23
87 29
81 53
76 35
53 31
88 68
30 25
81 47
53 46
88 63
6 3
28 24
54 45
88 70
68 35
25 22
83 10
87 84
18 13
32 19
53 32
41 37
40 35
83 9
37 5
30 27
24 20
43 39
18 11
32 14
35 19
89 86
53 47
53 9
71 60
89 68
70 10
28 22
32 12
62 15
73 52
77 74
82 44
73 23
28 25
21 18
67 64
31 46
72 88
23 89
29 87
53 81
35 76
31 53
68 88
25 30
47 81
46 53
63 88
3 6
24 28
45 54
70 88
35 68
22 25
10 83
84 87
13 18
19 32
32 53
37 41
35 40
9 83
5 37
27 30
20 24
39 43
11 18
14 32
19 35
86 89
47 53
9 53
60 71
68 89
10 70
22 28
12 32
15 62
52 73
74 77
44 82
23 73
25 28
18 21
64 67
