56 23
14 11
69 62
14 9
109 75
13 10
77 73
45 30
69 61
56 19
80 51
112 68
114 15
113 61
53 24
45 33
114 111
56 52
29 26
101 49
71 68
22 18
63 59
73 69
102 27
35 32
77 69
60 20
87 47
85 81
80 77
29 25
84 80
20 15
97 82
107 103
73 62
45 26
93 89
110 76
78 75
25 22
106 102
46 27
87 44
53 23
83 47
113 66
72 66
102 31
25 9
94 86
28 14
73 58
73 50
82 79
59 55
106 49
75 72
52 49
66 61
84 51
50 47
112 109
79 47
56 20
30 26
83 72
23 19
79 50
107 12
92 25
111 108
91 40
106 101
49 23
32 28
107 13
47 11
100 74
49 27
84 47
113 99
98 28
64 60
94 45
52 31
80 49
111 107
108 18
97 30
50 46
55 52
74 70
76 72
85 82
95 31
111 23
72 68
98 75
111 15
113 20
30 7
103 13
64 37
108 86
81 48
104 96
25 14
23 20
101 15
32 7
111 60
113 64
89 85
112 67
83 28
111 25
