56 23
14 11
69 62
14 9
109 75
13 10
77 73
45 30
69 61
56 19
80 51
112 68
114 15
113 61
53 24
45 33
114 111
56 52
29 26
101 49
71 68
22 18
63 59
73 69
102 27
35 32
77 69
60 20
87 47
85 81
80 77
29 25
84 80
20 15
97 82
107 103
73 62
45 26
93 89
110 76
78 75
25 22
106 102
46 27
87 44
53 23
83 47
113 66
72 66
102 31
25 9
94 86
28 14
73 58
73 50
82 79
59 55
106 49
75 72
23 56
11 14
62 69
9 14
75 109
10 13
73 77
30 45
61 69
19 56
51 80
68 112
15 114
61 113
24 53
33 45
111 114
52 56
26 29
49 101
68 71
18 22
59 63
69 73
27 102
32 35
69 77
20 60
47 87
81 85
77 80
25 29
80 84
15 20
82 97
103 107
62 73
26 45
89 93
76 110
75 78
22 25
102 106
27 46
44 87
23 53
47 83
66 113
66 72
31 102
9 25
86 94
14 28
58 73
50 73
79 82
55 59
49 106
72 75
