73 70
75 72
84 80
76 73
77 73
76 72
51 48
83 80
74 70
50 47
56 23
82 79
85 81
52 49
74 71
77 74
49 46
84 81
75 71
72 69
73 69
109 75
83 79
105 102
14 9
69 62
85 82
78 75
13 10
55 52
104 101
106 103
103 100
50 46
56 52
111 108
63 60
105 101
52 48
106 102
35 32
56 19
71 68
22 18
45 30
107 103
29 26
51 47
14 11
107 104
63 59
114 15
72 68
22 19
53 50
25 22
112 109
62 59
31 28
114 111
86 82
53 24
23 20
69 61
27 24
86 83
101 98
78 74
54 51
104 100
80 51
21 18
57 54
82 78
88 85
29 25
102 99
13 9
23 19
56 53
37 34
112 68
80 77
26 23
113 61
48 45
111 107
20 15
53 23
87 84
32 28
60 20
87 83
55 51
54 50
36 33
20 17
87 44
64 60
113 66
101 49
45 26
102 27
103 99
45 33
53 49
112 108
59 55
57 53
79 75
94 90
24 21
64 61
32 29
110 107
93 89
27 23
110 76
33 30
28 25
30 26
97 82
49 45
94 86
102 98
31 27
89 85
99 96
21 17
30 27
46 27
113 110
89 86
79 50
56 20
87 47
100 97
81 78
72 66
102 31
94 91
73 62
20 16
93 90
77 69
37 33
92 89
60 57
79 76
14 10
58 55
108 104
48 44
110 106
5 2
98 95
33 29
106 101
36 32
35 31
65 62
115 112
47 44
71 67
83 47
25 21
49 27
112 67
58 54
28 24
88 84
87 43
61 58
81 77
106 49
90 87
28 14
70 73
72 75
80 84
73 76
73 77
72 76
48 51
80 83
70 74
47 50
23 56
79 82
81 85
49 52
71 74
74 77
46 49
81 84
71 75
69 72
69 73
75 109
79 83
102 105
9 14
62 69
82 85
75 78
10 13
52 55
101 104
103 106
100 103
46 50
52 56
108 111
60 63
101 105
48 52
102 106
32 35
19 56
68 71
18 22
30 45
103 107
26 29
47 51
11 14
104 107
59 63
15 114
68 72
19 22
50 53
22 25
109 112
59 62
28 31
111 114
82 86
24 53
20 23
61 69
24 27
83 86
98 101
74 78
51 54
100 104
51 80
18 21
54 57
78 82
85 88
25 29
99 102
9 13
19 23
53 56
34 37
68 112
77 80
23 26
61 113
45 48
107 111
15 20
23 53
84 87
28 32
20 60
83 87
51 55
50 54
33 36
17 20
44 87
60 64
66 113
49 101
26 45
27 102
99 103
33 45
49 53
108 112
55 59
53 57
75 79
90 94
21 24
61 64
29 32
107 110
89 93
23 27
76 110
30 33
25 28
26 30
82 97
45 49
86 94
98 102
27 31
85 89
96 99
17 21
27 30
27 46
110 113
86 89
50 79
20 56
47 87
97 100
78 81
66 72
31 102
91 94
62 73
16 20
90 93
69 77
33 37
89 92
57 60
76 79
10 14
55 58
104 108
44 48
106 110
2 5
95 98
29 33
101 106
32 36
31 35
62 65
112 115
44 47
67 71
47 83
21 25
27 49
67 112
54 58
24 28
84 88
43 87
58 61
77 81
49 106
87 90
14 28
