101 79
105 101
24 15
53 50
95 31
24 13
46 42
108 105
22 19
112 108
86 82
74 71
80 51
103 4
43 40
85 81
101 97
55 51
31 7
109 106
61 57
26 23
13 10
43 34
66 62
32 7
77 54
33 30
112 68
114 15
96 92
79 75
114 16
97 93
81 77
103 99
82 79
115 16
20 17
21 16
56 53
76 57
69 62
113 64
21 13
83 50
99 96
55 52
87 40
42 37
60 20
59 56
90 43
58 54
53 27
95 34
31 28
50 47
48 45
30 27
54 51
66 60
21 18
95 91
23 20
45 33
97 82
42 38
28 9
29 25
102 99
63 59
71 68
56 20
98 94
79 50
51 47
57 23
110 106
23 19
83 80
25 22
80 47
73 70
106 24
46 31
110 105
37 33
45 41
106 15
49 46
51 48
80 76
32 8
88 40
88 43
80 54
8 4
60 56
98 83
35 7
98 90
98 95
95 38
86 43
83 79
108 104
57 53
98 34
99 3
66 61
53 26
28 4
102 27
21 15
95 92
110 15
76 58
42 30
20 15
38 34
24 9
88 42
28 7
76 72
74 70
29 26
56 23
99 95
45 42
49 27
83 46
105 75
61 58
25 21
14 11
7 3
53 23
35 31
103 2
22 18
47 43
56 19
64 60
85 82
95 35
53 20
111 15
104 101
33 29
90 38
57 20
98 46
111 107
72 68
114 111
72 69
77 73
35 32
110 24
105 102
44 40
84 81
78 74
60 17
100 96
110 57
97 94
94 91
113 68
36 32
98 31
113 60
42 36
28 8
46 27
21 17
27 24
31 27
60 57
82 78
50 46
29 8
34 31
52 48
44 41
96 93
48 44
88 39
86 83
107 104
28 25
99 7
75 71
52 23
76 54
42 34
109 72
113 110
63 60
102 28
27 23
102 31
49 23
90 86
103 13
46 34
47 44
107 13
58 55
43 39
80 50
21 14
72 61
94 90
32 6
87 43
103 100
78 75
25 9
79 76
94 86
73 58
69 61
84 47
49 45
101 98
100 3
46 43
84 80
7 4
110 107
32 28
111 106
112 72
36 33
26 22
113 66
59 55
53 49
24 20
10 4
113 72
57 54
69 66
29 9
49 26
110 20
42 39
39 34
9 4
106 102
62 59
13 9
65 62
38 35
102 98
64 61
77 74
111 108
113 15
112 109
49 30
88 38
90 34
89 38
81 78
45 30
79 54
69 58
53 24
56 52
75 72
76 73
34 30
100 97
28 24
72 58
80 77
103 3
89 39
99 31
46 33
43 38
24 21
30 26
113 61
54 50
106 13
109 71
105 79
104 100
83 47
32 29
50 27
109 75
42 33
107 103
88 34
37 34
90 87
46 30
106 103
109 105
94 82
83 43
95 90
107 12
73 69
52 49
62 58
79 101
101 105
15 24
50 53
31 95
13 24
42 46
105 108
19 22
108 112
82 86
71 74
51 80
4 103
40 43
81 85
97 101
51 55
7 31
106 109
57 61
23 26
10 13
34 43
62 66
7 32
54 77
30 33
68 112
15 114
92 96
75 79
16 114
93 97
77 81
99 103
79 82
16 115
17 20
16 21
53 56
57 76
62 69
64 113
13 21
50 83
96 99
52 55
40 87
37 42
20 60
56 59
43 90
54 58
27 53
34 95
28 31
47 50
45 48
27 30
51 54
60 66
18 21
91 95
20 23
33 45
82 97
38 42
9 28
25 29
99 102
59 63
68 71
20 56
94 98
50 79
47 51
23 57
106 110
19 23
80 83
22 25
47 80
70 73
24 106
31 46
105 110
33 37
41 45
15 106
46 49
48 51
76 80
8 32
40 88
43 88
54 80
4 8
56 60
83 98
7 35
90 98
95 98
38 95
43 86
79 83
104 108
53 57
34 98
3 99
61 66
26 53
4 28
27 102
15 21
92 95
15 110
58 76
30 42
15 20
34 38
9 24
42 88
7 28
72 76
70 74
26 29
23 56
95 99
42 45
27 49
46 83
75 105
58 61
21 25
11 14
3 7
23 53
31 35
2 103
18 22
43 47
19 56
60 64
82 85
35 95
20 53
15 111
101 104
29 33
38 90
20 57
46 98
107 111
68 72
111 114
69 72
73 77
32 35
24 110
102 105
40 44
81 84
74 78
17 60
96 100
57 110
94 97
91 94
68 113
32 36
31 98
60 113
36 42
8 28
27 46
17 21
24 27
27 31
57 60
78 82
46 50
8 29
31 34
48 52
41 44
93 96
44 48
39 88
83 86
104 107
25 28
7 99
71 75
23 52
54 76
34 42
72 109
110 113
60 63
28 102
23 27
31 102
23 49
86 90
13 103
34 46
44 47
13 107
55 58
39 43
50 80
14 21
61 72
90 94
6 32
43 87
100 103
75 78
9 25
76 79
86 94
58 73
61 69
47 84
45 49
98 101
3 100
43 46
80 84
4 7
107 110
28 32
106 111
72 112
33 36
22 26
66 113
55 59
49 53
20 24
4 10
72 113
54 57
66 69
9 29
26 49
20 110
39 42
34 39
4 9
102 106
59 62
9 13
62 65
35 38
98 102
61 64
74 77
108 111
15 113
109 112
30 49
38 88
34 90
38 89
78 81
30 45
54 79
58 69
24 53
52 56
72 75
73 76
30 34
97 100
24 28
58 72
77 80
3 103
39 89
31 99
33 46
38 43
21 24
26 30
61 113
50 54
13 106
71 109
79 105
100 104
47 83
29 32
27 50
75 109
33 42
103 107
34 88
34 37
87 90
30 46
103 106
105 109
82 94
43 83
90 95
12 107
69 73
49 52
58 62
