73 70
75 72
82 79
50 47
83 80
77 73
74 71
84 80
51 48
52 49
76 73
76 72
84 81
72 69
74 70
49 46
77 74
73 69
104 101
105 102
83 79
106 103
85 81
52 48
75 71
78 75
103 100
55 52
85 82
71 68
112 109
63 60
13 10
105 101
35 32
107 104
54 51
86 83
111 108
106 102
50 46
25 22
22 19
14 11
72 68
62 59
53 50
23 20
56 53
57 54
51 47
33 30
86 82
94 91
21 18
107 103
14 9
22 18
36 33
70 73
72 75
79 82
47 50
80 83
73 77
71 74
80 84
48 51
49 52
73 76
72 76
81 84
69 72
70 74
46 49
74 77
69 73
101 104
102 105
79 83
103 106
81 85
48 52
71 75
75 78
100 103
52 55
82 85
68 71
109 112
60 63
10 13
101 105
32 35
104 107
51 54
83 86
108 111
102 106
46 50
22 25
19 22
11 14
68 72
59 62
50 53
20 23
53 56
54 57
47 51
30 33
82 86
91 94
18 21
103 107
9 14
18 22
33 36
