73 70
75 72
82 79
50 47
83 80
77 73
74 71
84 80
51 48
52 49
76 73
76 72
84 81
72 69
74 70
49 46
77 74
73 69
104 101
105 102
83 79
106 103
85 81
52 48
75 71
78 75
103 100
55 52
85 82
71 68
112 109
63 60
13 10
105 101
35 32
107 104
54 51
86 83
111 108
106 102
50 46
25 22
22 19
14 11
72 68
62 59
53 50
23 20
56 53
57 54
51 47
33 30
86 82
94 91
21 18
107 103
14 9
22 18
36 33
20 17
104 100
37 34
87 83
29 26
101 98
23 19
64 61
89 86
27 24
63 59
13 9
56 52
114 111
26 23
87 84
31 28
53 49
54 50
55 51
80 77
112 108
64 60
103 99
30 27
82 78
88 85
102 99
24 21
114 15
110 107
78 74
28 25
49 45
36 32
31 27
99 96
111 107
81 78
48 45
14 10
21 17
79 75
57 53
56 23
20 16
94 90
102 98
27 23
100 97
20 15
28 24
108 104
92 89
93 89
30 26
79 76
108 105
89 85
70 73
72 75
79 82
47 50
80 83
73 77
71 74
80 84
48 51
49 52
73 76
72 76
81 84
69 72
70 74
46 49
74 77
69 73
101 104
102 105
79 83
103 106
81 85
48 52
71 75
75 78
100 103
52 55
82 85
68 71
109 112
60 63
10 13
101 105
32 35
104 107
51 54
83 86
108 111
102 106
46 50
22 25
19 22
11 14
68 72
59 62
50 53
20 23
53 56
54 57
47 51
30 33
82 86
91 94
18 21
103 107
9 14
18 22
33 36
17 20
100 104
34 37
83 87
26 29
98 101
19 23
61 64
86 89
24 27
59 63
9 13
52 56
111 114
23 26
84 87
28 31
49 53
50 54
51 55
77 80
108 112
60 64
99 103
27 30
78 82
85 88
99 102
21 24
15 114
107 110
74 78
25 28
45 49
32 36
27 31
96 99
107 111
78 81
45 48
10 14
17 21
75 79
53 57
23 56
16 20
90 94
98 102
23 27
97 100
15 20
24 28
104 108
89 92
89 93
26 30
76 79
105 108
85 89
