69 66
82 79
114 111
100 96
75 70
76 72
122 28
16 13
56 53
104 93
104 95
13 10
23 19
17 13
118 108
26 5
44 27
43 24
116 112
96 68
103 93
40 19
117 108
121 105
115 34
119 28
42 30
43 23
101 94
57 38
110 87
99 49
95 69
12 9
51 46
67 63
78 75
56 38
57 54
64 61
45 30
121 45
87 84
120 29
56 52
76 73
100 97
122 105
15 12
116 113
120 5
53 41
75 72
10 7
103 92
65 62
44 29
117 109
121 106
119 31
43 22
57 37
81 78
101 95
13 3
110 86
102 94
22 14
22 18
13 9
36 32
39 32
87 78
15 11
118 30
65 56
119 108
95 68
102 95
109 86
119 29
122 5
84 81
118 32
117 32
57 39
17 14
118 29
109 89
41 29
60 38
46 42
74 71
22 19
97 67
55 51
25 2
87 81
101 97
39 30
59 56
83 80
65 59
35 32
44 26
26 2
41 28
99 95
67 62
110 88
101 96
39 31
47 43
14 11
74 70
118 107
121 27
46 28
10 6
118 111
83 79
121 104
104 94
111 15
21 17
82 78
120 27
16 12
46 41
106 92
48 44
75 71
41 19
120 30
28 25
87 82
41 38
42 23
118 110
116 34
45 28
111 11
38 30
85 81
80 76
25 22
75 62
106 91
37 33
102 99
45 41
49 46
23 20
109 11
116 32
107 91
116 110
69 62
121 29
120 107
107 89
55 52
115 33
66 62
20 17
58 39
110 11
79 75
29 22
70 62
103 94
64 59
58 37
122 106
49 45
116 33
120 106
116 111
80 77
37 34
107 88
38 31
47 44
108 78
66 63
44 23
73 69
54 41
43 28
77 74
86 81
51 45
53 45
108 89
119 107
57 41
105 92
60 35
40 32
61 38
63 60
108 88
119 106
40 29
112 12
65 60
38 33
118 109
38 32
81 77
86 82
61 36
99 96
42 28
119 30
70 63
42 29
65 61
53 42
103 95
78 74
97 66
44 28
117 110
121 107
40 31
117 31
77 72
107 6
10 3
67 64
76 71
51 47
112 15
71 68
120 28
50 47
26 4
59 37
14 10
120 108
58 38
56 51
66 61
53 43
57 40
53 46
86 83
77 73
116 31
105 93
61 37
48 28
117 111
40 30
108 90
50 46
112 11
76 70
107 90
119 32
37 32
7 3
45 42
25 21
67 61
64 60
42 22
85 82
102 96
57 53
82 34
121 28
45 29
27 5
45 27
21 18
26 3
74 69
48 45
41 31
39 33
118 31
106 90
36 33
46 43
41 30
29 25
7 4
122 104
70 67
52 46
56 41
42 19
84 80
44 25
104 92
59 38
110 85
105 91
25 3
115 111
106 93
109 88
117 33
97 68
70 66
117 34
60 37
44 24
24 21
99 50
22 17
105 90
119 109
79 76
122 27
60 36
113 15
75 69
108 87
24 20
61 32
109 87
62 36
66 69
79 82
111 114
96 100
70 75
72 76
28 122
13 16
53 56
93 104
95 104
10 13
19 23
13 17
108 118
5 26
27 44
24 43
112 116
68 96
93 103
19 40
108 117
105 121
34 115
28 119
30 42
23 43
94 101
38 57
87 110
49 99
69 95
9 12
46 51
63 67
75 78
38 56
54 57
61 64
30 45
45 121
84 87
29 120
52 56
73 76
97 100
105 122
12 15
113 116
5 120
41 53
72 75
7 10
92 103
62 65
29 44
109 117
106 121
31 119
22 43
37 57
78 81
95 101
3 13
86 110
94 102
14 22
18 22
9 13
32 36
32 39
78 87
11 15
30 118
56 65
108 119
68 95
95 102
86 109
29 119
5 122
81 84
32 118
32 117
39 57
14 17
29 118
89 109
29 41
38 60
42 46
71 74
19 22
67 97
51 55
2 25
81 87
97 101
30 39
56 59
80 83
59 65
32 35
26 44
2 26
28 41
95 99
62 67
88 110
96 101
31 39
43 47
11 14
70 74
107 118
27 121
28 46
6 10
111 118
79 83
104 121
94 104
15 111
17 21
78 82
27 120
12 16
41 46
92 106
44 48
71 75
19 41
30 120
25 28
82 87
38 41
23 42
110 118
34 116
28 45
11 111
30 38
81 85
76 80
22 25
62 75
91 106
33 37
99 102
41 45
46 49
20 23
11 109
32 116
91 107
110 116
62 69
29 121
107 120
89 107
52 55
33 115
62 66
17 20
39 58
11 110
75 79
22 29
62 70
94 103
59 64
37 58
106 122
45 49
33 116
106 120
111 116
77 80
34 37
88 107
31 38
44 47
78 108
63 66
23 44
69 73
41 54
28 43
74 77
81 86
45 51
45 53
89 108
107 119
41 57
92 105
35 60
32 40
38 61
60 63
88 108
106 119
29 40
12 112
60 65
33 38
109 118
32 38
77 81
82 86
36 61
96 99
28 42
30 119
63 70
29 42
61 65
42 53
95 103
74 78
66 97
28 44
110 117
107 121
31 40
31 117
72 77
6 107
3 10
64 67
71 76
47 51
15 112
68 71
28 120
47 50
4 26
37 59
10 14
108 120
38 58
51 56
61 66
43 53
40 57
46 53
83 86
73 77
31 116
93 105
37 61
28 48
111 117
30 40
90 108
46 50
11 112
70 76
90 107
32 119
32 37
3 7
42 45
21 25
61 67
60 64
22 42
82 85
96 102
53 57
34 82
28 121
29 45
5 27
27 45
18 21
3 26
69 74
45 48
31 41
33 39
31 118
90 106
33 36
43 46
30 41
25 29
4 7
104 122
67 70
46 52
41 56
19 42
80 84
25 44
92 104
38 59
85 110
91 105
3 25
111 115
93 106
88 109
33 117
68 97
66 70
34 117
37 60
24 44
21 24
50 99
17 22
90 105
109 119
76 79
27 122
36 60
15 113
69 75
87 108
20 24
32 61
87 109
36 62
