8 5
95 74
104 41
101 50
6 3
7 4
114 9
95 76
44 26
23 20
95 92
95 91
8 4
7 3
97 93
102 93
87 81
101 87
45 42
121 44
94 89
97 94
9 6
121 102
108 96
18 15
9 5
65 34
5 2
88 29
96 93
91 76
19 3
118 73
15 12
7 2
107 88
57 39
99 96
99 87
56 7
106 50
54 46
92 89
117 31
80 64
108 95
91 60
108 101
19 16
88 50
109 88
94 91
106 95
118 74
91 78
6 2
92 29
102 99
16 13
77 73
107 97
52 26
87 22
77 74
88 46
109 96
76 73
96 92
17 14
107 96
35 3
101 96
103 27
91 74
20 16
109 93
119 32
76 72
10 7
10 6
113 38
75 72
121 104
45 27
97 68
104 42
51 48
98 95
65 55
15 11
75 32
21 18
65 23
95 69
91 61
18 14
55 35
95 75
74 71
20 7
66 26
108 88
8 2
119 96
33 3
75 71
95 71
118 109
88 49
118 61
99 94
47 20
120 45
15 6
93 90
14 11
115 17
34 14
66 45
17 13
61 44
118 36
66 41
85 49
35 20
120 97
107 95
78 33
99 95
12 9
108 48
76 69
115 112
108 69
118 32
76 32
94 87
63 60
74 69
108 97
44 27
93 71
64 59
81 31
88 51
56 46
118 76
100 87
24 21
56 44
78 75
100 50
56 51
115 42
116 31
120 12
51 38
20 17
108 70
101 88
120 44
46 43
36 33
83 35
94 90
115 31
117 32
80 31
77 2
78 32
94 88
116 64
87 31
96 74
15 10
121 103
45 41
109 97
76 33
13 10
57 37
117 81
98 94
58 36
94 74
11 8
