8 5
7 4
6 3
7 3
8 4
9 6
23 20
9 5
18 15
97 94
5 2
19 16
95 92
95 74
17 14
6 2
108 96
97 93
77 74
15 12
44 26
96 93
76 73
16 13
74 71
121 44
10 7
7 2
99 96
104 41
117 31
108 95
101 87
54 46
95 91
102 99
96 92
75 72
109 96
94 91
96 74
10 6
19 3
107 95
75 32
45 42
77 73
107 97
92 89
114 9
101 50
95 76
107 96
51 48
78 75
121 104
101 88
98 95
120 44
108 88
99 95
57 39
5 8
4 7
3 6
3 7
4 8
6 9
20 23
5 9
15 18
94 97
2 5
16 19
92 95
74 95
14 17
2 6
96 108
93 97
74 77
12 15
26 44
93 96
73 76
13 16
71 74
44 121
7 10
2 7
96 99
41 104
31 117
95 108
87 101
46 54
91 95
99 102
92 96
72 75
96 109
91 94
74 96
6 10
3 19
95 107
32 75
42 45
73 77
97 107
89 92
9 114
50 101
76 95
96 107
48 51
75 78
104 121
88 101
95 98
44 120
88 108
95 99
39 57
