8 5
95 74
104 41
101 50
6 3
7 4
114 9
95 76
44 26
23 20
95 92
95 91
8 4
7 3
97 93
102 93
87 81
101 87
45 42
121 44
94 89
97 94
9 6
121 102
108 96
18 15
9 5
65 34
5 2
88 29
96 93
91 76
19 3
118 73
15 12
7 2
107 88
57 39
99 96
99 87
56 7
106 50
54 46
92 89
117 31
80 64
108 95
91 60
108 101
19 16
88 50
109 88
94 91
106 95
118 74
91 78
6 2
92 29
102 99
16 13
77 73
107 97
52 26
87 22
77 74
88 46
109 96
76 73
96 92
17 14
107 96
35 3
101 96
103 27
91 74
20 16
109 93
119 32
76 72
10 7
10 6
113 38
75 72
121 104
45 27
97 68
104 42
51 48
98 95
65 55
15 11
75 32
21 18
65 23
95 69
91 61
18 14
55 35
95 75
74 71
20 7
66 26
108 88
8 2
119 96
33 3
75 71
95 71
118 109
88 49
118 61
99 94
47 20
120 45
15 6
93 90
14 11
115 17
34 14
66 45
17 13
61 44
118 36
66 41
85 49
5 8
74 95
41 104
50 101
3 6
4 7
9 114
76 95
26 44
20 23
92 95
91 95
4 8
3 7
93 97
93 102
81 87
87 101
42 45
44 121
89 94
94 97
6 9
102 121
96 108
15 18
5 9
34 65
2 5
29 88
93 96
76 91
3 19
73 118
12 15
2 7
88 107
39 57
96 99
87 99
7 56
50 106
46 54
89 92
31 117
64 80
95 108
60 91
101 108
16 19
50 88
88 109
91 94
95 106
74 118
78 91
2 6
29 92
99 102
13 16
73 77
97 107
26 52
22 87
74 77
46 88
96 109
73 76
92 96
14 17
96 107
3 35
96 101
27 103
74 91
16 20
93 109
32 119
72 76
7 10
6 10
38 113
72 75
104 121
27 45
68 97
42 104
48 51
95 98
55 65
11 15
32 75
18 21
23 65
69 95
61 91
14 18
35 55
75 95
71 74
7 20
26 66
88 108
2 8
96 119
3 33
71 75
71 95
109 118
49 88
61 118
94 99
20 47
45 120
6 15
90 93
11 14
17 115
14 34
45 66
13 17
44 61
36 118
41 66
49 85
