104 41
95 74
44 26
87 81
23 20
101 87
114 9
101 50
95 76
92 29
65 34
106 95
45 42
108 96
56 51
87 22
94 89
102 99
121 44
56 7
102 93
103 27
109 88
88 50
91 81
91 60
107 88
95 91
99 87
108 95
108 101
118 74
116 64
57 39
99 96
88 46
88 29
121 102
121 53
118 109
20 7
7 2
34 14
91 78
80 64
55 35
19 3
91 76
118 36
52 26
117 31
107 97
99 41
54 46
66 45
66 26
113 38
108 69
90 49
119 32
104 78
87 31
41 104
74 95
26 44
81 87
20 23
87 101
9 114
50 101
76 95
29 92
34 65
95 106
42 45
96 108
51 56
22 87
89 94
99 102
44 121
7 56
93 102
27 103
88 109
50 88
81 91
60 91
88 107
91 95
87 99
95 108
101 108
74 118
64 116
39 57
96 99
46 88
29 88
102 121
53 121
109 118
7 20
2 7
14 34
78 91
64 80
35 55
3 19
76 91
36 118
26 52
31 117
97 107
41 99
46 54
45 66
26 66
38 113
69 108
49 90
32 119
78 104
31 87
