104 41
95 74
44 26
87 81
23 20
101 87
114 9
101 50
95 76
92 29
65 34
106 95
45 42
108 96
56 51
87 22
94 89
102 99
121 44
56 7
102 93
103 27
109 88
88 50
91 81
91 60
107 88
95 91
99 87
108 95
108 101
118 74
116 64
57 39
99 96
88 46
88 29
121 102
121 53
118 109
20 7
7 2
34 14
91 78
80 64
55 35
19 3
91 76
118 36
52 26
117 31
107 97
99 41
54 46
66 45
66 26
113 38
108 69
90 49
119 32
104 78
87 31
91 74
89 54
106 60
120 51
100 4
65 23
92 89
56 44
106 50
97 68
61 44
115 42
85 49
70 46
91 69
65 55
15 6
115 17
45 27
97 93
91 61
120 45
47 20
29 10
108 48
92 39
93 71
101 96
40 17
99 94
36 25
118 73
76 72
68 27
122 107
26 21
95 69
35 20
14 4
121 38
75 47
35 3
76 69
51 38
81 31
109 96
121 104
15 12
65 42
64 53
7 3
33 3
94 30
118 76
118 61
112 49
106 74
119 96
79 69
109 93
106 38
122 97
80 31
94 87
92 41
68 45
76 61
106 73
109 45
118 95
73 30
110 22
106 76
66 41
20 16
104 42
88 38
118 106
93 5
23 4
77 2
15 10
40 21
112 22
82 35
48 20
121 34
20 14
98 31
104 45
90 30
12 9
46 38
15 7
120 107
56 10
104 66
90 22
30 25
93 82
95 71
67 30
95 48
103 50
120 12
106 69
101 56
57 49
10 6
99 50
118 92
94 34
78 33
67 33
55 20
110 81
23 14
119 21
84 34
115 31
21 13
15 11
21 10
50 38
118 81
41 104
74 95
26 44
81 87
20 23
87 101
9 114
50 101
76 95
29 92
34 65
95 106
42 45
96 108
51 56
22 87
89 94
99 102
44 121
7 56
93 102
27 103
88 109
50 88
81 91
60 91
88 107
91 95
87 99
95 108
101 108
74 118
64 116
39 57
96 99
46 88
29 88
102 121
53 121
109 118
7 20
2 7
14 34
78 91
64 80
35 55
3 19
76 91
36 118
26 52
31 117
97 107
41 99
46 54
45 66
26 66
38 113
69 108
49 90
32 119
78 104
31 87
74 91
54 89
60 106
51 120
4 100
23 65
89 92
44 56
50 106
68 97
44 61
42 115
49 85
46 70
69 91
55 65
6 15
17 115
27 45
93 97
61 91
45 120
20 47
10 29
48 108
39 92
71 93
96 101
17 40
94 99
25 36
73 118
72 76
27 68
107 122
21 26
69 95
20 35
4 14
38 121
47 75
3 35
69 76
38 51
31 81
96 109
104 121
12 15
42 65
53 64
3 7
3 33
30 94
76 118
61 118
49 112
74 106
96 119
69 79
93 109
38 106
97 122
31 80
87 94
41 92
45 68
61 76
73 106
45 109
95 118
30 73
22 110
76 106
41 66
16 20
42 104
38 88
106 118
5 93
4 23
2 77
10 15
21 40
22 112
35 82
20 48
34 121
14 20
31 98
45 104
30 90
9 12
38 46
7 15
107 120
10 56
66 104
22 90
25 30
82 93
71 95
30 67
48 95
50 103
12 120
69 106
56 101
49 57
6 10
50 99
92 118
34 94
33 78
33 67
20 55
81 110
14 23
21 119
34 84
31 115
13 21
11 15
10 21
38 50
81 118
