164 161
63 60
212 209
165 162
214 211
62 59
211 208
72 69
163 160
64 60
213 210
131 128
63 59
132 129
213 209
90 87
128 125
165 161
73 69
74 71
212 208
162 159
73 70
40 36
66 63
166 163
164 160
214 210
215 212
64 61
41 38
112 109
89 86
215 211
128 124
216 212
133 129
65 61
166 162
210 207
132 128
40 37
133 130
110 107
195 184
126 123
66 62
77 39
198 148
65 62
163 159
115 92
127 124
216 213
209 206
211 41
35 32
90 86
217 214
91 87
161 158
112 108
74 70
108 98
160 157
129 126
39 36
219 216
107 104
218 215
90 62
41 37
91 88
193 165
75 72
91 65
189 186
61 58
75 71
75 39
84 58
71 39
211 207
130 127
38 35
115 112
170 131
183 144
167 163
162 158
89 85
129 125
113 109
60 57
220 217
131 127
62 58
79 72
173 165
208 37
218 214
117 98
189 185
72 68
36 33
183 180
186 144
176 141
127 123
126 122
188 185
37 34
217 213
161 164
60 63
209 212
162 165
211 214
59 62
208 211
69 72
160 163
60 64
210 213
128 131
59 63
129 132
209 213
87 90
125 128
161 165
69 73
71 74
208 212
159 162
70 73
36 40
63 66
163 166
160 164
210 214
212 215
61 64
38 41
109 112
86 89
211 215
124 128
212 216
129 133
61 65
162 166
207 210
128 132
37 40
130 133
107 110
184 195
123 126
62 66
39 77
148 198
62 65
159 163
92 115
124 127
213 216
206 209
41 211
32 35
86 90
214 217
87 91
158 161
108 112
70 74
98 108
157 160
126 129
36 39
216 219
104 107
215 218
62 90
37 41
88 91
165 193
72 75
65 91
186 189
58 61
71 75
39 75
58 84
39 71
207 211
127 130
35 38
112 115
131 170
144 183
163 167
158 162
85 89
125 129
109 113
57 60
217 220
127 131
58 62
72 79
165 173
37 208
214 218
98 117
185 189
68 72
33 36
180 183
144 186
141 176
123 127
122 126
185 188
34 37
213 217
