67 32
129 126
200 181
164 124
214 181
184 180
39 36
120 97
202 26
103 85
199 178
132 129
203 28
68 46
157 141
39 35
113 110
19 16
108 85
97 82
187 179
156 140
35 22
137 12
69 65
96 80
89 86
75 39
33 30
178 148
71 32
203 27
215 44
15 11
54 25
11 8
178 145
194 19
177 142
102 83
72 69
199 146
94 80
219 216
210 38
46 19
191 161
79 73
46 39
34 30
195 17
77 45
189 158
178 142
214 184
188 185
64 60
72 35
223 219
167 124
202 198
196 139
130 119
76 72
96 82
16 13
196 179
176 143
110 106
218 184
15 12
162 159
215 17
168 165
159 156
115 112
48 23
193 12
169 131
211 37
93 89
87 65
97 47
134 130
198 49
43 20
155 143
64 50
122 100
134 131
196 176
183 180
119 97
95 81
92 2
46 43
192 173
70 66
97 81
191 173
207 201
194 13
200 180
222 218
218 18
175 139
75 36
207 29
207 37
97 80
70 67
165 161
95 80
38 22
91 79
138 119
16 12
192 175
190 186
194 16
111 108
153 122
215 18
176 139
178 146
36 33
94 78
129 121
155 142
222 219
88 81
176 141
78 46
176 140
139 120
96 93
154 122
194 17
186 183
196 177
115 3
138 118
194 174
171 127
119 99
161 140
200 178
177 143
203 200
93 48
118 80
43 18
68 35
163 159
203 26
71 35
35 20
200 179
171 138
63 59
191 162
116 12
72 39
69 66
94 79
164 127
196 175
194 187
82 50
55 24
45 15
56 50
193 137
202 23
98 82
191 187
166 162
78 15
172 137
148 26
183 143
160 124
138 126
80 45
121 100
212 41
156 141
81 48
64 56
150 147
118 97
211 41
49 23
215 42
191 165
7 3
46 35
187 184
73 70
41 37
61 57
133 109
120 98
173 16
79 68
183 144
136 117
160 141
44 17
211 43
117 96
50 25
115 93
67 64
112 89
195 192
47 21
155 145
220 216
44 19
167 164
216 213
221 185
79 48
219 215
87 84
171 135
62 58
67 63
194 188
68 65
49 21
172 16
193 172
209 41
197 177
46 21
210 207
196 19
77 39
208 41
137 116
156 153
173 138
157 144
214 210
82 48
156 122
13 9
198 22
82 21
190 162
179 144
187 143
111 107
71 36
211 201
107 104
42 39
96 84
31 22
218 194
195 19
91 66
77 43
108 105
130 105
175 161
116 3
117 98
198 148
128 125
93 87
187 183
214 43
135 117
218 17
65 61
71 67
27 22
109 106
61 55
183 179
117 112
88 85
175 140
171 164
160 156
97 49
189 186
204 201
211 39
52 25
196 47
126 122
154 142
193 174
222 194
66 63
115 95
197 179
112 109
140 122
116 80
218 188
194 175
173 140
126 100
197 21
174 140
72 46
174 16
6 3
218 215
208 37
112 85
156 143
194 173
102 98
169 164
212 209
221 189
197 19
163 124
135 130
160 122
171 131
221 218
130 121
135 119
217 213
37 34
95 79
79 46
127 124
89 85
137 16
216 212
174 137
160 140
222 188
112 88
41 38
179 176
170 165
108 102
68 64
91 81
93 79
13 10
177 144
201 20
134 105
82 51
95 88
172 138
140 127
93 69
87 62
222 193
17 14
202 22
56 24
45 16
177 145
160 127
223 220
38 35
78 72
60 56
133 129
44 18
214 200
136 116
65 48
195 176
220 217
211 42
193 16
82 49
126 123
55 52
187 175
201 38
207 202
105 98
12 8
131 127
136 12
71 68
141 120
212 208
165 162
217 181
160 157
119 105
135 118
68 48
69 48
172 9
107 103
195 184
208 40
34 27
190 161
46 20
126 121
99 83
26 22
155 144
81 65
138 127
49 22
211 40
112 96
166 163
27 24
133 119
155 152
197 176
80 48
55 50
190 187
116 95
45 20
192 187
210 200
143 140
90 86
191 188
202 34
211 208
195 187
35 32
114 5
55 23
201 197
117 105
187 161
93 80
195 175
164 140
201 22
215 211
134 117
153 142
83 51
130 126
108 98
174 139
170 9
172 13
111 89
83 49
108 96
115 88
44 14
190 165
43 39
207 204
177 152
31 27
210 204
152 146
198 21
47 20
138 131
114 7
14 11
139 118
117 109
198 23
45 18
173 137
40 36
138 121
74 70
158 143
202 38
81 47
116 7
196 20
133 106
87 81
141 122
138 135
137 119
114 3
186 158
217 185
196 16
213 210
115 96
133 104
214 18
221 184
173 164
164 161
137 117
47 22
136 6
131 128
55 25
35 31
74 39
64 24
75 72
79 72
192 140
202 27
194 18
77 72
53 25
31 23
96 83
129 125
177 141
109 105
171 137
64 61
155 141
64 31
68 32
214 195
175 143
33 29
157 142
112 108
215 41
128 124
93 88
66 62
178 144
113 3
30 27
126 119
201 34
218 195
146 142
192 161
135 131
78 45
39 20
71 39
110 107
96 81
171 130
203 199
72 68
184 181
84 81
121 99
38 20
207 38
77 46
91 65
127 121
97 83
43 19
132 128
113 109
157 143
36 32
117 95
184 179
188 184
111 85
88 84
209 204
192 174
202 199
76 73
139 121
199 148
119 98
176 21
48 22
103 98
27 23
116 78
65 62
168 164
91 87
198 26
127 123
176 142
162 158
183 178
204 200
192 158
96 85
136 118
163 160
175 141
140 121
169 128
37 33
44 16
197 180
61 56
192 16
65 50
189 185
160 123
73 69
218 214
172 136
96 88
193 173
193 13
117 97
221 188
79 69
169 127
212 42
68 31
50 24
171 9
61 58
152 142
42 38
173 139
98 83
179 143
202 20
214 42
210 206
197 178
210 181
217 214
92 89
196 174
215 43
211 38
208 38
95 78
214 201
167 163
190 158
108 104
130 118
221 217
134 109
77 44
174 19
34 31
209 206
102 99
200 197
118 98
178 143
46 38
207 34
213 181
149 146
63 60
197 20
177 146
118 96
160 121
115 94
19 15
118 95
91 69
195 18
34 29
187 158
46 22
82 47
12 9
61 50
177 148
214 197
40 37
195 188
133 105
195 174
135 109
215 212
47 19
138 130
199 26
133 130
12 7
38 34
193 17
129 105
50 23
169 165
80 46
192 188
60 57
114 4
211 207
213 209
31 24
201 198
135 105
14 10
116 96
152 149
137 118
108 103
75 40
219 17
196 21
62 59
153 141
217 184
26 23
174 138
138 120
222 17
211 18
45 17
214 211
164 160
179 175
134 106
43 38
173 161
201 43
139 119
11 7
120 100
42 18
116 94
93 81
80 47
45 19
211 20
75 71
156 142
91 88
55 51
136 7
198 20
114 6
74 71
191 158
130 127
112 95
210 201
34 22
90 87
44 15
172 12
117 108
161 158
120 99
195 179
64 32
145 142
