212 209
213 210
164 161
211 208
62 59
165 161
64 60
215 212
63 60
74 71
165 162
213 209
214 211
163 160
132 129
73 69
63 59
65 61
133 130
72 69
131 128
162 159
128 124
128 125
214 210
212 208
73 70
217 214
90 87
126 123
216 213
129 126
210 207
164 160
65 62
132 128
41 38
219 216
112 109
64 61
40 37
127 124
133 129
89 86
166 163
218 215
130 127
215 211
40 36
166 162
163 159
90 86
189 186
74 70
39 36
211 207
216 212
75 71
35 32
75 72
110 107
89 85
209 206
91 88
66 62
61 58
91 87
220 217
112 108
160 157
167 164
66 63
41 37
71 68
161 158
38 35
113 109
189 185
111 108
127 123
187 184
36 33
219 215
134 130
130 126
88 85
113 110
62 58
202 199
167 163
60 57
217 213
131 127
188 185
134 131
218 214
126 122
162 158
129 125
183 180
67 64
107 104
198 148
72 68
9 6
34 31
37 34
39 35
70 67
190 187
201 198
115 112
33 30
87 84
108 105
117 98
210 206
42 38
42 39
184 181
160 156
68 65
67 63
38 34
46 43
220 216
176 141
188 184
161 157
75 39
111 107
69 66
109 106
76 73
202 198
82 47
11 8
10 7
210 204
186 183
137 118
213 181
36 32
201 197
102 99
110 106
108 104
190 186
61 57
118 98
119 100
76 72
115 92
170 131
75 36
193 165
46 20
214 181
174 139
191 187
114 111
208 37
171 131
103 84
26 23
135 119
150 147
119 98
88 84
71 67
91 65
199 148
119 99
37 33
68 64
91 62
194 174
211 201
87 62
116 112
117 97
191 188
84 61
126 121
93 81
75 40
79 72
90 62
12 9
127 122
135 132
92 88
155 142
135 131
187 183
46 21
77 44
107 103
74 36
50 24
199 147
210 201
92 89
84 58
77 39
175 143
198 147
152 149
109 105
81 47
117 112
93 80
127 121
47 20
193 173
159 156
35 31
78 44
203 199
184 180
183 179
192 188
94 79
151 148
185 182
8 5
209 212
210 213
161 164
208 211
59 62
161 165
60 64
212 215
60 63
71 74
162 165
209 213
211 214
160 163
129 132
69 73
59 63
61 65
130 133
69 72
128 131
159 162
124 128
125 128
210 214
208 212
70 73
214 217
87 90
123 126
213 216
126 129
207 210
160 164
62 65
128 132
38 41
216 219
109 112
61 64
37 40
124 127
129 133
86 89
163 166
215 218
127 130
211 215
36 40
162 166
159 163
86 90
186 189
70 74
36 39
207 211
212 216
71 75
32 35
72 75
107 110
85 89
206 209
88 91
62 66
58 61
87 91
217 220
108 112
157 160
164 167
63 66
37 41
68 71
158 161
35 38
109 113
185 189
108 111
123 127
184 187
33 36
215 219
130 134
126 130
85 88
110 113
58 62
199 202
163 167
57 60
213 217
127 131
185 188
131 134
214 218
122 126
158 162
125 129
180 183
64 67
104 107
148 198
68 72
6 9
31 34
34 37
35 39
67 70
187 190
198 201
112 115
30 33
84 87
105 108
98 117
206 210
38 42
39 42
181 184
156 160
65 68
63 67
34 38
43 46
216 220
141 176
184 188
157 161
39 75
107 111
66 69
106 109
73 76
198 202
47 82
8 11
7 10
204 210
183 186
118 137
181 213
32 36
197 201
99 102
106 110
104 108
186 190
57 61
98 118
100 119
72 76
92 115
131 170
36 75
165 193
20 46
181 214
139 174
187 191
111 114
37 208
131 171
84 103
23 26
119 135
147 150
98 119
84 88
67 71
65 91
148 199
99 119
33 37
64 68
62 91
174 194
201 211
62 87
112 116
97 117
188 191
61 84
121 126
81 93
40 75
72 79
62 90
9 12
122 127
132 135
88 92
142 155
131 135
183 187
21 46
44 77
103 107
36 74
24 50
147 199
201 210
89 92
58 84
39 77
143 175
147 198
149 152
105 109
47 81
112 117
80 93
121 127
20 47
173 193
156 159
31 35
44 78
199 203
180 184
179 183
188 192
79 94
148 151
182 185
5 8
