198 148
90 62
115 92
77 39
212 208
195 184
74 36
84 58
71 39
40 36
73 69
108 98
209 206
60 57
115 112
79 72
183 144
133 129
211 41
91 65
117 112
186 144
176 141
137 118
193 165
173 165
75 39
201 20
72 69
43 20
161 143
126 100
213 181
208 40
126 122
170 131
75 36
94 73
213 209
208 37
94 69
82 47
77 44
113 109
135 119
110 107
87 62
171 131
210 204
131 128
53 50
96 85
61 48
102 99
84 61
202 20
128 124
79 69
107 104
210 200
75 40
119 105
72 39
160 156
66 62
208 41
218 18
164 127
93 81
173 140
46 22
66 63
214 200
47 19
68 35
91 62
192 187
199 147
119 98
46 43
175 143
87 84
112 108
214 181
218 188
217 185
50 24
211 201
199 180
64 48
175 161
91 87
117 98
183 180
133 106
64 60
189 186
194 174
176 139
46 35
201 197
117 105
80 45
46 20
89 86
166 162
79 48
90 58
169 127
63 60
70 67
41 38
86 58
64 50
155 142
160 157
200 180
33 30
187 158
35 22
135 105
165 161
91 69
127 121
116 80
90 86
72 46
128 125
102 83
135 130
156 140
116 94
119 100
163 159
210 201
99 83
198 21
174 19
126 123
75 71
35 32
160 140
167 163
158 143
61 53
167 128
188 184
154 142
142 122
192 188
61 50
167 124
117 96
187 179
163 124
52 24
51 47
71 36
115 96
211 208
82 61
176 99
211 43
46 39
216 212
219 215
176 102
215 44
108 96
37 33
94 79
152 122
67 36
199 146
26 23
130 121
103 84
162 159
83 51
203 199
210 197
149 51
196 21
132 129
81 65
163 160
113 108
132 128
136 109
75 72
111 103
99 51
179 144
176 21
157 143
201 38
74 70
139 102
214 210
82 51
202 34
214 197
50 23
38 20
169 131
210 181
103 58
173 138
139 99
78 44
193 173
107 62
217 213
189 185
112 109
201 43
164 124
73 70
83 47
207 20
34 31
139 47
155 152
183 179
34 30
108 85
148 198
62 90
92 115
39 77
208 212
184 195
36 74
58 84
39 71
36 40
69 73
98 108
206 209
57 60
112 115
72 79
144 183
129 133
41 211
65 91
112 117
144 186
141 176
118 137
165 193
165 173
39 75
20 201
69 72
20 43
143 161
100 126
181 213
40 208
122 126
131 170
36 75
73 94
209 213
37 208
69 94
47 82
44 77
109 113
119 135
107 110
62 87
131 171
204 210
128 131
50 53
85 96
48 61
99 102
61 84
20 202
124 128
69 79
104 107
200 210
40 75
105 119
39 72
156 160
62 66
41 208
18 218
127 164
81 93
140 173
22 46
63 66
200 214
19 47
35 68
62 91
187 192
147 199
98 119
43 46
143 175
84 87
108 112
181 214
188 218
185 217
24 50
201 211
180 199
48 64
161 175
87 91
98 117
180 183
106 133
60 64
186 189
174 194
139 176
35 46
197 201
105 117
45 80
20 46
86 89
162 166
48 79
58 90
127 169
60 63
67 70
38 41
58 86
50 64
142 155
157 160
180 200
30 33
158 187
22 35
105 135
161 165
69 91
121 127
80 116
86 90
46 72
125 128
83 102
130 135
140 156
94 116
100 119
159 163
201 210
83 99
21 198
19 174
123 126
71 75
32 35
140 160
163 167
143 158
53 61
128 167
184 188
142 154
122 142
188 192
50 61
124 167
96 117
179 187
124 163
24 52
47 51
36 71
96 115
208 211
61 82
99 176
43 211
39 46
212 216
215 219
102 176
44 215
96 108
33 37
79 94
122 152
36 67
146 199
23 26
121 130
84 103
159 162
51 83
199 203
197 210
51 149
21 196
129 132
65 81
160 163
108 113
128 132
109 136
72 75
103 111
51 99
144 179
21 176
143 157
38 201
70 74
102 139
210 214
51 82
34 202
197 214
23 50
20 38
131 169
181 210
58 103
138 173
99 139
44 78
173 193
62 107
213 217
185 189
109 112
43 201
124 164
70 73
47 83
20 207
31 34
47 139
152 155
179 183
30 34
85 108
