198 148
90 62
115 92
77 39
212 208
195 184
74 36
84 58
71 39
40 36
73 69
108 98
209 206
60 57
115 112
79 72
183 144
133 129
211 41
91 65
117 112
186 144
176 141
137 118
193 165
173 165
75 39
201 20
72 69
43 20
161 143
126 100
213 181
208 40
126 122
170 131
75 36
94 73
213 209
208 37
94 69
82 47
77 44
113 109
135 119
110 107
87 62
171 131
210 204
131 128
53 50
96 85
61 48
102 99
84 61
202 20
128 124
79 69
107 104
210 200
75 40
119 105
72 39
160 156
66 62
208 41
218 18
164 127
93 81
173 140
46 22
66 63
214 200
47 19
68 35
91 62
192 187
199 147
119 98
46 43
175 143
87 84
112 108
214 181
218 188
217 185
50 24
211 201
199 180
64 48
175 161
91 87
117 98
183 180
133 106
64 60
189 186
194 174
176 139
46 35
201 197
117 105
80 45
46 20
89 86
166 162
79 48
90 58
169 127
63 60
70 67
41 38
86 58
