212 209
213 210
164 161
211 208
62 59
165 161
64 60
215 212
63 60
74 71
165 162
213 209
214 211
163 160
132 129
73 69
63 59
65 61
133 130
72 69
131 128
162 159
128 124
128 125
214 210
212 208
73 70
217 214
90 87
126 123
216 213
129 126
210 207
164 160
65 62
132 128
41 38
219 216
112 109
64 61
40 37
127 124
133 129
89 86
166 163
218 215
130 127
215 211
40 36
166 162
163 159
90 86
189 186
74 70
39 36
211 207
216 212
75 71
35 32
75 72
110 107
89 85
209 206
91 88
66 62
61 58
91 87
220 217
112 108
160 157
167 164
66 63
41 37
71 68
161 158
38 35
113 109
189 185
111 108
127 123
187 184
36 33
219 215
134 130
130 126
88 85
113 110
62 58
202 199
167 163
60 57
217 213
131 127
188 185
134 131
218 214
126 122
162 158
129 125
183 180
67 64
107 104
198 148
72 68
9 6
34 31
37 34
39 35
70 67
190 187
201 198
115 112
33 30
87 84
108 105
117 98
210 206
42 38
42 39
184 181
160 156
68 65
67 63
38 34
46 43
220 216
176 141
188 184
161 157
75 39
111 107
69 66
109 106
76 73
202 198
82 47
11 8
10 7
210 204
186 183
137 118
213 181
36 32
201 197
102 99
110 106
108 104
190 186
61 57
118 98
119 100
76 72
115 92
170 131
75 36
193 165
46 20
214 181
174 139
191 187
114 111
208 37
171 131
103 84
26 23
135 119
150 147
119 98
88 84
71 67
91 65
199 148
119 99
37 33
68 64
91 62
194 174
211 201
87 62
116 112
117 97
191 188
84 61
126 121
93 81
75 40
79 72
90 62
12 9
127 122
135 132
92 88
155 142
135 131
187 183
46 21
77 44
107 103
74 36
50 24
199 147
210 201
92 89
84 58
77 39
175 143
198 147
152 149
109 105
81 47
117 112
93 80
127 121
47 20
193 173
159 156
35 31
78 44
203 199
184 180
183 179
192 188
94 79
151 148
185 182
8 5
114 110
102 83
203 200
200 197
168 164
34 30
46 22
211 41
176 142
80 46
192 187
168 165
117 99
192 189
117 96
208 40
210 205
31 28
209 205
118 99
46 19
217 185
175 141
86 59
80 47
115 96
173 165
99 83
193 174
86 58
70 66
187 158
94 80
155 152
156 142
43 20
208 41
45 19
94 73
157 143
174 140
125 122
116 96
161 143
79 46
108 98
32 29
183 144
77 73
30 27
169 131
102 84
149 146
10 6
47 19
218 188
80 48
153 142
218 18
221 217
45 20
133 106
57 54
195 184
116 113
69 65
204 201
96 85
210 200
71 39
80 45
137 119
79 69
53 50
116 94
68 35
169 127
154 142
199 146
201 20
43 40
164 127
173 140
167 128
207 204
79 45
13 10
153 150
72 39
87 83
117 105
198 21
135 130
78 45
208 205
158 143
193 190
79 47
87 61
177 142
11 7
15 12
200 180
33 29
176 139
186 144
47 43
156 143
84 59
175 142
83 47
95 80
217 184
209 212
210 213
161 164
208 211
59 62
161 165
60 64
212 215
60 63
71 74
162 165
209 213
211 214
160 163
129 132
69 73
59 63
61 65
130 133
69 72
128 131
159 162
124 128
125 128
210 214
208 212
70 73
214 217
87 90
123 126
213 216
126 129
207 210
160 164
62 65
128 132
38 41
216 219
109 112
61 64
37 40
124 127
129 133
86 89
163 166
215 218
127 130
211 215
36 40
162 166
159 163
86 90
186 189
70 74
36 39
207 211
212 216
71 75
32 35
72 75
107 110
85 89
206 209
88 91
62 66
58 61
87 91
217 220
108 112
157 160
164 167
63 66
37 41
68 71
158 161
35 38
109 113
185 189
108 111
123 127
184 187
33 36
215 219
130 134
126 130
85 88
110 113
58 62
199 202
163 167
57 60
213 217
127 131
185 188
131 134
214 218
122 126
158 162
125 129
180 183
64 67
104 107
148 198
68 72
6 9
31 34
34 37
35 39
67 70
187 190
198 201
112 115
30 33
84 87
105 108
98 117
206 210
38 42
39 42
181 184
156 160
65 68
63 67
34 38
43 46
216 220
141 176
184 188
157 161
39 75
107 111
66 69
106 109
73 76
198 202
47 82
8 11
7 10
204 210
183 186
118 137
181 213
32 36
197 201
99 102
106 110
104 108
186 190
57 61
98 118
100 119
72 76
92 115
131 170
36 75
165 193
20 46
181 214
139 174
187 191
111 114
37 208
131 171
84 103
23 26
119 135
147 150
98 119
84 88
67 71
65 91
148 199
99 119
33 37
64 68
62 91
174 194
201 211
62 87
112 116
97 117
188 191
61 84
121 126
81 93
40 75
72 79
62 90
9 12
122 127
132 135
88 92
142 155
131 135
183 187
21 46
44 77
103 107
36 74
24 50
147 199
201 210
89 92
58 84
39 77
143 175
147 198
149 152
105 109
47 81
112 117
80 93
121 127
20 47
173 193
156 159
31 35
44 78
199 203
180 184
179 183
188 192
79 94
148 151
182 185
5 8
110 114
83 102
200 203
197 200
164 168
30 34
22 46
41 211
142 176
46 80
187 192
165 168
99 117
189 192
96 117
40 208
205 210
28 31
205 209
99 118
19 46
185 217
141 175
59 86
47 80
96 115
165 173
83 99
174 193
58 86
66 70
158 187
80 94
152 155
142 156
20 43
41 208
19 45
73 94
143 157
140 174
122 125
96 116
143 161
46 79
98 108
29 32
144 183
73 77
27 30
131 169
84 102
146 149
6 10
19 47
188 218
48 80
142 153
18 218
217 221
20 45
106 133
54 57
184 195
113 116
65 69
201 204
85 96
200 210
39 71
45 80
119 137
69 79
50 53
94 116
35 68
127 169
142 154
146 199
20 201
40 43
127 164
140 173
128 167
204 207
45 79
10 13
150 153
39 72
83 87
105 117
21 198
130 135
45 78
205 208
143 158
190 193
47 79
61 87
142 177
7 11
12 15
180 200
29 33
139 176
144 186
43 47
143 156
59 84
142 175
47 83
80 95
184 217
