88 61
90 40
227 5
192 189
150 146
244 35
206 164
244 240
240 231
140 126
38 5
223 219
90 7
202 199
206 162
196 157
21 17
100 97
229 221
195 149
37 7
52 19
39 10
194 190
202 198
89 61
77 66
53 50
122 61
219 178
210 170
63 11
78 65
140 136
220 178
209 165
160 157
123 111
122 89
86 81
87 59
180 166
100 95
65 62
26 23
86 62
61 38
48 16
223 181
27 23
161 120
156 116
142 138
107 97
60 53
37 31
98 94
114 111
108 104
57 36
223 179
240 236
187 184
49 46
243 231
232 209
52 49
226 221
232 10
110 107
114 110
201 193
151 147
55 27
212 208
216 175
38 7
107 92
151 112
196 193
204 200
163 122
230 210
20 17
124 107
89 62
148 125
245 241
79 68
148 111
184 180
85 50
76 62
121 90
226 178
151 108
186 182
246 221
53 26
151 109
200 197
165 125
225 188
192 145
167 98
120 61
211 172
235 8
90 61
45 42
117 78
152 112
144 141
49 41
181 177
231 6
109 67
228 205
225 189
96 92
244 31
185 164
85 81
131 127
207 7
119 78
22 18
226 220
90 62
143 104
226 206
136 132
243 212
217 212
110 67
165 126
167 128
57 31
122 91
160 152
227 2
88 38
175 169
133 130
84 47
59 39
148 108
152 148
83 79
35 3
245 31
231 212
96 93
238 25
137 131
63 43
228 220
211 173
209 169
20 16
36 3
206 185
233 11
139 131
207 163
188 142
174 169
96 64
230 212
235 9
201 198
120 87
93 63
197 154
243 214
183 179
124 93
188 184
28 24
19 15
226 207
110 92
60 49
235 10
85 82
148 123
37 6
243 234
147 143
203 199
137 126
141 126
37 8
123 91
38 8
229 7
114 67
244 241
141 127
88 60
170 94
36 6
35 31
58 38
136 131
101 97
77 70
113 78
204 160
134 130
148 104
240 234
205 161
188 141
228 6
234 213
180 177
191 146
162 125
144 107
89 86
187 142
152 111
216 211
72 66
230 122
169 166
53 23
186 183
109 106
227 206
142 139
170 95
228 5
84 50
205 162
241 26
151 111
98 95
79 69
208 165
131 128
159 118
49 23
145 142
86 60
236 10
164 126
221 217
246 214
208 176
230 9
168 129
39 8
55 26
107 91
236 8
231 7
148 112
91 64
57 37
242 215
121 88
230 209
140 128
26 22
63 9
243 239
219 216
170 165
210 171
225 182
88 40
42 10
50 47
242 239
55 31
191 187
86 82
146 142
167 126
237 234
116 113
234 212
210 169
89 63
35 6
141 138
55 37
137 127
117 67
40 9
119 114
228 207
111 91
72 69
61 40
23 19
89 65
97 92
48 41
213 175
89 64
100 96
59 36
120 59
159 121
211 169
51 47
55 29
205 5
161 122
122 88
200 193
188 164
205 4
119 81
52 27
240 235
52 48
246 229
25 21
166 132
120 88
220 217
60 41
195 191
159 156
232 212
166 127
232 11
115 112
240 8
150 147
172 168
163 125
187 141
29 26
81 78
193 189
107 102
162 145
57 35
93 64
110 66
227 4
163 7
198 193
124 91
147 105
85 60
118 82
119 87
208 164
239 235
147 144
246 218
124 97
110 106
241 238
145 141
13 10
203 2
121 115
132 127
40 7
123 107
162 123
36 5
231 9
102 97
144 140
99 96
209 166
211 174
230 90
124 92
165 124
49 19
227 207
53 39
157 152
207 164
75 72
201 192
132 129
208 185
147 104
244 6
151 148
200 192
243 6
206 163
161 121
167 127
112 108
202 193
148 144
188 185
118 87
209 164
119 89
202 2
99 95
119 115
124 94
242 214
156 115
181 178
109 105
77 65
95 11
42 13
45 10
201 189
81 77
231 8
172 169
239 214
235 231
239 213
135 132
76 65
208 181
226 181
206 188
229 212
75 65
241 29
216 213
211 175
210 165
220 216
191 145
88 62
223 220
226 185
149 145
81 62
235 232
36 4
90 64
236 232
150 108
243 213
29 25
59 37
120 89
156 153
243 240
204 192
236 233
236 18
107 103
237 233
216 212
77 72
195 192
53 49
62 46
27 24
113 110
232 210
19 16
163 123
243 229
121 114
40 8
144 104
229 217
58 53
201 190
197 194
52 20
159 115
106 101
158 155
81 65
137 132
200 157
122 38
240 237
184 141
192 157
133 129
60 39
38 6
39 26
168 128
161 5
200 154
195 146
210 176
208 163
220 208
54 27
97 93
82 79
62 40
78 67
141 137
207 162
117 113
140 127
227 204
89 81
188 162
229 207
206 161
194 191
210 166
76 43
223 178
121 111
176 169
230 163
232 9
206 189
204 201
140 131
84 80
160 111
231 209
229 220
244 29
160 156
122 90
211 170
192 188
237 22
156 152
185 182
224 182
217 213
119 88
52 23
211 176
226 223
236 13
246 242
211 171
165 93
184 138
221 218
46 42
196 149
122 7
156 112
89 78
18 15
124 90
60 50
159 119
49 45
173 169
147 107
220 175
246 217
117 82
204 2
106 102
223 182
152 149
228 221
191 188
205 2
58 37
238 22
113 109
116 112
59 38
63 10
176 166
243 217
121 89
209 176
134 131
148 145
41 19
241 214
182 179
167 129
234 231
108 105
50 46
243 235
45 19
236 22
174 168
132 128
147 108
121 91
170 166
223 185
143 140
204 161
76 64
126 94
58 26
46 41
110 91
207 5
90 9
163 124
77 68
84 46
230 124
244 57
241 25
197 192
25 22
60 40
203 158
196 192
224 186
185 181
220 181
117 79
144 125
225 206
200 196
39 7
166 126
63 40
61 7
51 48
190 186
114 65
114 91
220 212
53 27
157 154
110 65
77 67
149 146
193 190
191 142
152 115
226 182
145 125
37 5
212 209
60 46
159 114
201 196
101 96
24 20
160 115
222 178
118 115
244 37
183 180
164 125
229 209
61 39
240 6
162 122
42 12
49 39
165 94
21 18
83 80
93 9
18 14
240 26
163 90
160 121
80 69
169 165
34 3
234 214
118 114
245 242
46 43
246 243
221 4
170 167
184 166
107 104
76 66
184 164
196 154
139 136
228 4
102 96
236 14
93 90
232 171
190 187
209 170
188 145
81 76
168 132
111 107
187 138
45 41
230 207
58 39
40 10
207 161
159 120
144 126
86 61
203 200
77 69
228 208
119 82
19 14
148 107
88 59
229 208
143 139
48 20
78 66
75 66
204 189
160 123
103 97
52 24
84 81
210 172
86 46
239 234
114 89
230 7
227 205
87 82
111 92
160 148
114 78
180 176
115 111
111 108
78 68
232 8
197 193
229 6
222 219
225 185
82 78
182 178
201 197
106 103
113 67
80 76
187 183
146 143
42 14
136 127
22 19
23 20
123 92
181 164
167 94
161 123
222 218
34 4
164 141
101 98
122 5
102 92
90 63
230 208
14 10
229 5
189 186
97 94
117 114
113 68
39 23
246 220
45 14
242 217
181 176
80 77
112 109
58 55
62 43
205 3
233 171
41 10
204 157
212 175
235 39
235 7
91 65
60 38
63 41
48 45
184 181
24 21
28 25
140 137
141 125
35 5
217 214
209 163
87 81
189 185
48 19
184 137
207 122
226 208
37 26
210 175
225 186
63 42
110 102
204 162
166 137
230 165
35 4
227 3
