61 40
225 182
174 133
86 81
184 137
76 43
143 104
139 136
119 114
69 13
123 107
122 7
184 141
140 131
18 14
156 153
174 129
229 212
190 186
90 40
239 214
148 123
114 89
99 72
141 125
123 111
187 138
114 65
159 120
62 46
136 131
81 62
45 19
223 179
161 5
133 129
63 41
221 6
76 44
78 65
60 53
202 198
187 142
60 50
223 181
180 132
119 89
109 67
122 40
38 7
109 68
38 5
227 2
183 138
151 108
206 189
120 87
91 65
226 220
181 178
87 59
89 65
167 125
204 192
160 115
21 17
75 64
205 36
201 193
226 181
49 23
122 90
167 140
131 128
243 217
191 146
194 190
106 103
19 14
221 217
117 113
100 64
219 178
100 66
231 212
120 88
167 128
239 215
198 193
229 221
147 104
36 3
221 212
183 132
45 42
112 108
146 142
49 41
167 98
224 182
220 175
113 66
72 68
244 37
203 158
52 48
121 88
156 152
220 181
25 21
116 113
145 125
78 66
134 130
106 67
159 156
183 180
229 217
195 146
88 38
143 131
221 4
142 139
100 68
51 47
51 48
77 12
113 79
84 44
113 78
195 191
128 98
89 62
217 185
121 114
148 108
119 81
96 75
246 217
148 111
226 223
197 154
60 46
45 15
28 24
200 197
229 220
245 242
110 64
116 112
172 129
100 67
83 17
193 190
117 79
58 26
96 74
219 179
58 53
158 155
181 176
80 42
72 66
184 125
86 50
102 75
53 50
121 89
100 75
229 180
188 162
216 213
18 15
205 4
22 14
150 146
84 47
45 16
28 17
217 6
223 182
145 123
83 45
87 50
132 129
245 241
52 20
230 90
151 109
58 23
168 127
140 125
220 185
183 179
225 189
117 78
243 231
56 27
230 9
79 69
185 167
207 5
205 161
8 2
39 22
191 142
84 46
236 233
173 94
227 189
20 17
175 172
24 20
54 27
106 66
161 88
208 164
118 82
69 14
140 128
107 103
88 59
117 65
11 8
115 111
49 39
203 199
200 157
59 36
191 149
230 163
60 49
102 96
205 5
168 126
102 99
151 112
242 239
22 19
246 221
167 131
191 187
242 237
80 76
233 230
86 62
151 148
236 230
107 91
40 61
182 225
133 174
81 86
137 184
43 76
104 143
136 139
114 119
13 69
107 123
7 122
141 184
131 140
14 18
153 156
129 174
212 229
186 190
40 90
214 239
123 148
89 114
72 99
125 141
111 123
138 187
65 114
120 159
46 62
131 136
62 81
19 45
179 223
5 161
129 133
41 63
6 221
44 76
65 78
53 60
198 202
142 187
50 60
181 223
132 180
89 119
67 109
40 122
7 38
68 109
5 38
2 227
138 183
108 151
189 206
87 120
65 91
220 226
178 181
59 87
65 89
125 167
192 204
115 160
17 21
64 75
36 205
193 201
181 226
23 49
90 122
140 167
128 131
217 243
146 191
190 194
103 106
14 19
217 221
113 117
64 100
178 219
66 100
212 231
88 120
128 167
215 239
193 198
221 229
104 147
3 36
212 221
132 183
42 45
108 112
142 146
41 49
98 167
182 224
175 220
66 113
68 72
37 244
158 203
48 52
88 121
152 156
181 220
21 25
113 116
125 145
66 78
130 134
67 106
156 159
180 183
217 229
146 195
38 88
131 143
4 221
139 142
68 100
47 51
48 51
12 77
79 113
44 84
78 113
191 195
98 128
62 89
185 217
114 121
108 148
81 119
75 96
217 246
111 148
223 226
154 197
46 60
15 45
24 28
197 200
220 229
242 245
64 110
112 116
129 172
67 100
17 83
190 193
79 117
26 58
74 96
179 219
53 58
155 158
176 181
42 80
66 72
125 184
50 86
75 102
50 53
89 121
75 100
180 229
162 188
213 216
15 18
4 205
14 22
146 150
47 84
16 45
17 28
6 217
182 223
123 145
45 83
50 87
129 132
241 245
20 52
90 230
109 151
23 58
127 168
125 140
185 220
179 183
189 225
78 117
231 243
27 56
9 230
69 79
167 185
5 207
161 205
2 8
22 39
142 191
46 84
233 236
94 173
189 227
17 20
172 175
20 24
27 54
66 106
88 161
164 208
82 118
14 69
128 140
103 107
59 88
65 117
8 11
111 115
39 49
199 203
157 200
36 59
149 191
163 230
49 60
96 102
5 205
126 168
99 102
112 151
239 242
19 22
221 246
131 167
187 191
237 242
76 80
230 233
62 86
148 151
230 236
91 107
