26 23
24 21
22 19
25 22
23 20
25 21
27 23
51 48
52 49
27 24
26 22
24 20
53 50
142 139
116 113
156 153
28 25
195 192
23 19
183 180
181 178
21 18
52 48
133 130
18 15
194 191
20 17
143 140
139 136
132 129
131 128
141 138
21 17
133 129
19 16
243 240
51 47
182 179
120 88
22 18
28 24
116 112
242 239
157 154
245 242
144 141
202 198
53 49
115 112
117 113
140 137
158 155
134 130
244 241
19 15
144 140
18 14
202 199
50 47
45 42
200 197
134 131
182 178
29 25
29 26
184 181
121 89
184 180
121 88
194 190
221 217
117 114
195 191
143 139
233 230
185 182
201 198
183 179
145 142
146 142
120 89
135 131
54 51
119 89
150 147
120 87
61 40
86 81
159 156
203 199
193 190
225 182
142 138
156 152
20 16
119 114
149 146
132 128
122 90
136 131
145 141
87 59
151 148
190 186
235 232
229 212
234 231
167 125
220 217
76 43
169 166
170 167
140 136
115 111
242 238
243 239
216 213
219 216
221 218
190 187
141 137
223 181
107 104
114 65
159 120
78 65
203 200
168 165
54 50
224 182
108 105
13 10
196 192
196 193
157 153
180 177
185 181
167 126
223 182
110 107
152 149
198 195
181 177
112 108
38 5
69 13
111 107
84 81
19 14
106 103
168 126
85 82
143 104
160 157
135 132
158 154
38 7
121 90
174 133
111 108
226 223
201 193
244 240
86 82
150 146
146 143
198 193
151 147
113 66
12 9
231 212
99 72
90 40
183 138
57 54
200 196
85 81
235 231
174 129
167 164
236 233
46 43
118 115
197 194
226 181
171 168
187 142
109 68
119 87
55 52
107 103
197 193
78 66
96 74
11 8
241 238
49 46
222 219
204 201
148 145
47 44
109 67
184 138
184 141
151 108
245 241
167 127
80 77
63 41
58 53
32 29
184 137
84 46
193 189
60 53
187 138
50 46
246 243
89 62
118 114
234 230
198 194
76 44
223 179
167 128
211 208
45 41
140 131
114 89
113 78
119 115
109 106
100 67
189 186
197 154
201 197
48 45
60 50
216 212
100 66
55 51
89 65
226 182
206 189
141 125
181 176
170 166
136 132
122 89
186 182
114 111
175 172
229 221
119 88
100 64
230 212
83 80
87 60
108 104
36 3
119 86
153 150
148 123
33 30
112 109
239 214
58 54
168 127
232 229
147 144
229 220
12 8
84 44
114 66
155 152
148 144
148 108
219 179
117 79
199 194
139 135
17 14
45 15
119 116
154 151
192 189
218 215
191 146
5 2
221 212
240 237
152 148
204 200
89 61
231 211
180 176
186 183
147 143
239 215
45 16
43 40
232 212
106 67
84 45
225 181
91 65
84 47
222 218
56 53
219 178
82 79
147 104
121 114
246 242
31 28
199 196
169 165
203 158
229 217
46 42
192 188
122 7
62 46
58 26
195 146
102 99
123 107
226 220
58 55
30 27
113 110
100 97
109 105
180 132
172 129
138 135
217 214
215 212
10 7
75 64
45 19
83 17
119 81
217 213
84 80
204 192
243 217
101 98
59 53
168 164
208 164
233 229
213 210
81 62
88 61
220 181
60 46
34 31
220 216
219 215
160 156
113 79
168 128
224 181
231 228
41 38
227 2
123 111
118 82
191 188
49 23
42 39
220 175
23 26
21 24
19 22
22 25
20 23
21 25
23 27
48 51
49 52
24 27
22 26
20 24
50 53
139 142
113 116
153 156
25 28
192 195
19 23
180 183
178 181
18 21
48 52
130 133
15 18
191 194
17 20
140 143
136 139
129 132
128 131
138 141
17 21
129 133
16 19
240 243
47 51
179 182
88 120
18 22
24 28
112 116
239 242
154 157
242 245
141 144
198 202
49 53
112 115
113 117
137 140
155 158
130 134
241 244
15 19
140 144
14 18
199 202
47 50
42 45
197 200
131 134
178 182
25 29
26 29
181 184
89 121
180 184
88 121
190 194
217 221
114 117
191 195
139 143
230 233
182 185
198 201
179 183
142 145
142 146
89 120
131 135
51 54
89 119
147 150
87 120
40 61
81 86
156 159
199 203
190 193
182 225
138 142
152 156
16 20
114 119
146 149
128 132
90 122
131 136
141 145
59 87
148 151
186 190
232 235
212 229
231 234
125 167
217 220
43 76
166 169
167 170
136 140
111 115
238 242
239 243
213 216
216 219
218 221
187 190
137 141
181 223
104 107
65 114
120 159
65 78
200 203
165 168
50 54
182 224
105 108
10 13
192 196
193 196
153 157
177 180
181 185
126 167
182 223
107 110
149 152
195 198
177 181
108 112
5 38
13 69
107 111
81 84
14 19
103 106
126 168
82 85
104 143
157 160
132 135
154 158
7 38
90 121
133 174
108 111
223 226
193 201
240 244
82 86
146 150
143 146
193 198
147 151
66 113
9 12
212 231
72 99
40 90
138 183
54 57
196 200
81 85
231 235
129 174
164 167
233 236
43 46
115 118
194 197
181 226
168 171
142 187
68 109
87 119
52 55
103 107
193 197
66 78
74 96
8 11
238 241
46 49
219 222
201 204
145 148
44 47
67 109
138 184
141 184
108 151
241 245
127 167
77 80
41 63
53 58
29 32
137 184
46 84
189 193
53 60
138 187
46 50
243 246
62 89
114 118
230 234
194 198
44 76
179 223
128 167
208 211
41 45
131 140
89 114
78 113
115 119
106 109
67 100
186 189
154 197
197 201
45 48
50 60
212 216
66 100
51 55
65 89
182 226
189 206
125 141
176 181
166 170
132 136
89 122
182 186
111 114
172 175
221 229
88 119
64 100
212 230
80 83
60 87
104 108
3 36
86 119
150 153
123 148
30 33
109 112
214 239
54 58
127 168
229 232
144 147
220 229
8 12
44 84
66 114
152 155
144 148
108 148
179 219
79 117
194 199
135 139
14 17
15 45
116 119
151 154
189 192
215 218
146 191
2 5
212 221
237 240
148 152
200 204
61 89
211 231
176 180
183 186
143 147
215 239
16 45
40 43
212 232
67 106
45 84
181 225
65 91
47 84
218 222
53 56
178 219
79 82
104 147
114 121
242 246
28 31
196 199
165 169
158 203
217 229
42 46
188 192
7 122
46 62
26 58
146 195
99 102
107 123
220 226
55 58
27 30
110 113
97 100
105 109
132 180
129 172
135 138
214 217
212 215
7 10
64 75
19 45
17 83
81 119
213 217
80 84
192 204
217 243
98 101
53 59
164 168
164 208
229 233
210 213
62 81
61 88
181 220
46 60
31 34
216 220
215 219
156 160
79 113
128 168
181 224
228 231
38 41
2 227
111 123
82 118
188 191
23 49
39 42
175 220
