24 21
27 24
25 22
26 22
26 23
22 19
23 20
156 153
52 49
21 18
116 113
25 21
51 48
24 20
27 23
132 129
23 19
53 50
202 198
183 180
243 240
143 104
28 24
21 17
133 130
61 40
18 15
18 14
28 25
141 138
20 17
133 129
184 137
194 191
139 136
174 133
76 43
117 113
142 139
86 81
52 48
184 141
181 178
114 65
116 112
195 191
190 186
242 239
22 18
69 13
225 182
131 128
195 192
229 212
19 16
136 131
90 40
51 47
187 138
134 130
221 217
123 107
119 114
148 123
62 46
143 140
174 129
159 120
114 89
180 132
119 89
122 7
53 49
202 199
120 87
45 19
99 72
194 190
140 131
89 65
157 154
19 14
122 90
185 182
60 53
140 137
123 111
182 179
38 7
245 242
226 181
91 65
144 141
193 190
223 181
134 131
156 152
239 214
120 88
184 181
38 5
50 47
109 68
63 41
221 6
146 142
141 125
182 178
49 23
106 103
112 108
109 67
19 15
60 46
200 197
183 179
227 2
229 221
45 42
167 140
78 65
187 142
81 62
244 241
20 16
100 64
87 59
29 26
191 146
184 180
203 158
145 142
121 89
161 5
198 193
221 4
75 64
115 112
143 139
204 192
242 238
160 115
151 108
113 66
226 220
60 50
158 155
243 217
167 125
221 218
120 89
159 156
203 199
201 193
201 198
223 179
144 140
111 108
221 212
142 138
231 212
122 40
172 129
229 217
220 217
167 128
196 193
100 66
205 36
183 132
117 114
224 182
115 111
84 44
54 51
121 88
197 154
141 137
147 104
167 98
76 44
151 148
150 146
54 50
113 78
223 182
234 231
220 175
169 166
183 138
132 128
206 189
145 141
239 215
195 146
167 126
219 178
168 126
84 81
78 66
185 181
245 241
146 143
119 81
29 25
160 157
49 41
58 53
89 62
84 46
108 105
216 213
110 107
190 187
121 114
181 177
135 131
45 15
181 176
150 147
117 79
244 240
243 239
111 107
244 37
149 146
113 79
180 177
100 68
107 104
100 75
148 108
140 136
96 75
220 181
102 75
219 216
72 68
226 223
200 196
196 192
168 165
77 12
236 233
106 67
145 125
36 3
152 149
203 200
21 24
24 27
22 25
22 26
23 26
19 22
20 23
153 156
49 52
18 21
113 116
21 25
48 51
20 24
23 27
129 132
19 23
50 53
198 202
180 183
240 243
104 143
24 28
17 21
130 133
40 61
15 18
14 18
25 28
138 141
17 20
129 133
137 184
191 194
136 139
133 174
43 76
113 117
139 142
81 86
48 52
141 184
178 181
65 114
112 116
191 195
186 190
239 242
18 22
13 69
182 225
128 131
192 195
212 229
16 19
131 136
40 90
47 51
138 187
130 134
217 221
107 123
114 119
123 148
46 62
140 143
129 174
120 159
89 114
132 180
89 119
7 122
49 53
199 202
87 120
19 45
72 99
190 194
131 140
65 89
154 157
14 19
90 122
182 185
53 60
137 140
111 123
179 182
7 38
242 245
181 226
65 91
141 144
190 193
181 223
131 134
152 156
214 239
88 120
181 184
5 38
47 50
68 109
41 63
6 221
142 146
125 141
178 182
23 49
103 106
108 112
67 109
15 19
46 60
197 200
179 183
2 227
221 229
42 45
140 167
65 78
142 187
62 81
241 244
16 20
64 100
59 87
26 29
146 191
180 184
158 203
142 145
89 121
5 161
193 198
4 221
64 75
112 115
139 143
192 204
238 242
115 160
108 151
66 113
220 226
50 60
155 158
217 243
125 167
218 221
89 120
156 159
199 203
193 201
198 201
179 223
140 144
108 111
212 221
138 142
212 231
40 122
129 172
217 229
217 220
128 167
193 196
66 100
36 205
132 183
114 117
182 224
111 115
44 84
51 54
88 121
154 197
137 141
104 147
98 167
44 76
148 151
146 150
50 54
78 113
182 223
231 234
175 220
166 169
138 183
128 132
189 206
141 145
215 239
146 195
126 167
178 219
126 168
81 84
66 78
181 185
241 245
143 146
81 119
25 29
157 160
41 49
53 58
62 89
46 84
105 108
213 216
107 110
187 190
114 121
177 181
131 135
15 45
176 181
147 150
79 117
240 244
239 243
107 111
37 244
146 149
79 113
177 180
68 100
104 107
75 100
108 148
136 140
75 96
181 220
75 102
216 219
68 72
223 226
196 200
192 196
165 168
12 77
233 236
67 106
125 145
3 36
149 152
200 203
