24 21
27 24
25 22
26 22
26 23
22 19
23 20
156 153
52 49
21 18
116 113
25 21
51 48
24 20
27 23
132 129
23 19
53 50
202 198
183 180
243 240
143 104
28 24
21 17
133 130
61 40
18 15
18 14
28 25
141 138
20 17
133 129
184 137
194 191
139 136
174 133
76 43
117 113
142 139
86 81
52 48
184 141
181 178
114 65
116 112
195 191
190 186
242 239
22 18
69 13
225 182
131 128
195 192
229 212
19 16
136 131
90 40
51 47
187 138
134 130
221 217
123 107
119 114
148 123
62 46
143 140
174 129
159 120
114 89
180 132
119 89
122 7
53 49
202 199
120 87
45 19
99 72
194 190
140 131
89 65
157 154
19 14
122 90
185 182
60 53
140 137
123 111
182 179
38 7
245 242
226 181
91 65
144 141
193 190
223 181
134 131
156 152
239 214
120 88
184 181
38 5
50 47
109 68
63 41
221 6
146 142
141 125
182 178
49 23
106 103
112 108
109 67
19 15
60 46
200 197
183 179
227 2
229 221
45 42
167 140
78 65
187 142
81 62
244 241
21 24
24 27
22 25
22 26
23 26
19 22
20 23
153 156
49 52
18 21
113 116
21 25
48 51
20 24
23 27
129 132
19 23
50 53
198 202
180 183
240 243
104 143
24 28
17 21
130 133
40 61
15 18
14 18
25 28
138 141
17 20
129 133
137 184
191 194
136 139
133 174
43 76
113 117
139 142
81 86
48 52
141 184
178 181
65 114
112 116
191 195
186 190
239 242
18 22
13 69
182 225
128 131
192 195
212 229
16 19
131 136
40 90
47 51
138 187
130 134
217 221
107 123
114 119
123 148
46 62
140 143
129 174
120 159
89 114
132 180
89 119
7 122
49 53
199 202
87 120
19 45
72 99
190 194
131 140
65 89
154 157
14 19
90 122
182 185
53 60
137 140
111 123
179 182
7 38
242 245
181 226
65 91
141 144
190 193
181 223
131 134
152 156
214 239
88 120
181 184
5 38
47 50
68 109
41 63
6 221
142 146
125 141
178 182
23 49
103 106
108 112
67 109
15 19
46 60
197 200
179 183
2 227
221 229
42 45
140 167
65 78
142 187
62 81
241 244
