61 40
225 182
174 133
86 81
184 137
76 43
143 104
139 136
119 114
69 13
123 107
122 7
184 141
140 131
18 14
156 153
174 129
229 212
190 186
90 40
239 214
148 123
114 89
99 72
141 125
123 111
187 138
114 65
159 120
62 46
136 131
81 62
45 19
223 179
161 5
133 129
63 41
221 6
76 44
78 65
60 53
202 198
187 142
60 50
223 181
180 132
119 89
109 67
122 40
38 7
109 68
38 5
227 2
183 138
151 108
206 189
120 87
91 65
226 220
181 178
87 59
89 65
167 125
204 192
160 115
21 17
75 64
205 36
201 193
226 181
49 23
122 90
167 140
131 128
243 217
191 146
194 190
106 103
19 14
221 217
117 113
100 64
219 178
100 66
231 212
120 88
167 128
239 215
198 193
229 221
147 104
36 3
221 212
183 132
45 42
112 108
146 142
49 41
167 98
224 182
220 175
113 66
72 68
244 37
203 158
52 48
121 88
156 152
220 181
25 21
116 113
145 125
78 66
134 130
106 67
159 156
183 180
229 217
195 146
88 38
143 131
221 4
142 139
100 68
