20 17
93 90
92 89
19 16
92 88
16 13
38 34
94 91
20 16
38 35
94 90
39 36
36 32
63 11
180 177
158 155
156 153
91 88
45 29
19 15
18 15
37 33
39 35
35 31
37 34
74 61
147 144
17 14
179 176
125 122
155 151
159 156
170 45
183 180
90 87
168 37
181 178
126 122
55 23
184 155
16 12
60 56
155 152
154 151
182 179
93 89
156 152
183 179
36 33
87 78
104 88
124 121
120 115
136 74
19 6
18 14
60 57
91 87
97 20
156 121
91 58
111 73
21 18
190 41
93 21
159 155
153 121
180 176
89 85
125 121
89 86
182 178
102 88
136 64
157 154
135 73
167 137
126 123
128 123
63 14
160 156
156 125
181 177
15 12
191 179
178 175
158 154
67 63
32 29
160 157
32 28
90 86
160 124
111 101
187 42
7 4
112 74
35 32
122 119
88 85
112 91
133 71
97 16
21 17
59 56
169 142
135 64
95 91
166 40
24 19
43 36
61 58
120 77
45 33
170 57
96 20
97 17
34 31
136 61
110 103
190 36
31 28
61 57
51 47
161 158
188 41
33 30
113 103
66 63
84 78
158 137
127 123
67 64
95 92
184 181
157 153
88 84
127 124
189 42
153 150
86 83
86 82
113 110
137 75
23 18
138 61
63 38
154 150
184 180
134 75
14 11
166 136
115 77
58 55
53 49
124 120
51 48
78 57
83 79
30 27
166 137
22 19
188 42
15 9
104 84
40 36
22 18
119 116
123 120
34 30
135 74
119 115
87 84
52 49
161 157
17 13
47 29
151 148
134 73
76 57
56 33
189 186
43 37
104 85
56 45
102 95
134 131
185 182
145 139
8 5
120 117
179 175
150 147
15 11
59 55
15 6
87 57
64 40
53 50
114 91
62 58
23 19
65 61
133 72
105 102
174 46
152 149
96 93
168 43
123 119
31 27
153 149
59 10
83 80
107 104
65 62
165 137
40 37
96 92
111 74
33 29
122 118
47 27
26 5
148 145
168 138
63 60
41 36
15 10
136 75
68 65
14 10
134 72
113 75
166 42
7 3
174 171
114 87
63 59
189 41
165 162
185 181
120 75
62 59
74 65
118 115
149 146
86 78
25 4
102 91
114 88
138 74
106 102
84 81
98 95
54 51
190 187
169 45
186 42
133 73
85 82
120 116
90 58
106 103
162 159
63 10
58 54
69 65
168 45
174 44
187 184
83 78
60 37
128 124
66 62
187 41
69 66
73 65
151 147
59 34
152 148
104 101
99 96
190 42
87 83
84 80
64 61
121 118
90 55
68 64
165 161
17 20
90 93
89 92
16 19
88 92
13 16
34 38
91 94
16 20
35 38
90 94
36 39
32 36
11 63
177 180
155 158
153 156
88 91
29 45
15 19
15 18
33 37
35 39
31 35
34 37
61 74
144 147
14 17
176 179
122 125
151 155
156 159
45 170
180 183
87 90
37 168
178 181
122 126
23 55
155 184
12 16
56 60
152 155
151 154
179 182
89 93
152 156
179 183
33 36
78 87
88 104
121 124
115 120
74 136
6 19
14 18
57 60
87 91
20 97
121 156
58 91
73 111
18 21
41 190
21 93
155 159
121 153
176 180
85 89
121 125
86 89
178 182
88 102
64 136
154 157
73 135
137 167
123 126
123 128
14 63
156 160
125 156
177 181
12 15
179 191
175 178
154 158
63 67
29 32
157 160
28 32
86 90
124 160
101 111
42 187
4 7
74 112
32 35
119 122
85 88
91 112
71 133
16 97
17 21
56 59
142 169
64 135
91 95
40 166
19 24
36 43
58 61
77 120
33 45
57 170
20 96
17 97
31 34
61 136
103 110
36 190
28 31
57 61
47 51
158 161
41 188
30 33
103 113
63 66
78 84
137 158
123 127
64 67
92 95
181 184
153 157
84 88
124 127
42 189
150 153
83 86
82 86
110 113
75 137
18 23
61 138
38 63
150 154
180 184
75 134
11 14
136 166
77 115
55 58
49 53
120 124
48 51
57 78
79 83
27 30
137 166
19 22
42 188
9 15
84 104
36 40
18 22
116 119
120 123
30 34
74 135
115 119
84 87
49 52
157 161
13 17
29 47
148 151
73 134
57 76
33 56
186 189
37 43
85 104
45 56
95 102
131 134
182 185
139 145
5 8
117 120
175 179
147 150
11 15
55 59
6 15
57 87
40 64
50 53
91 114
58 62
19 23
61 65
72 133
102 105
46 174
149 152
93 96
43 168
119 123
27 31
149 153
10 59
80 83
104 107
62 65
137 165
37 40
92 96
74 111
29 33
118 122
27 47
5 26
145 148
138 168
60 63
36 41
10 15
75 136
65 68
10 14
72 134
75 113
42 166
3 7
171 174
87 114
59 63
41 189
162 165
181 185
75 120
59 62
65 74
115 118
146 149
78 86
4 25
91 102
88 114
74 138
102 106
81 84
95 98
51 54
187 190
45 169
42 186
73 133
82 85
116 120
58 90
103 106
159 162
10 63
54 58
65 69
45 168
44 174
184 187
78 83
37 60
124 128
62 66
41 187
66 69
65 73
147 151
34 59
148 152
101 104
96 99
42 190
83 87
80 84
61 64
118 121
55 90
64 68
161 165
