20 17
93 90
92 89
19 16
92 88
16 13
38 34
94 91
20 16
38 35
94 90
39 36
36 32
63 11
180 177
158 155
156 153
91 88
45 29
19 15
18 15
37 33
39 35
35 31
37 34
74 61
147 144
17 14
179 176
125 122
155 151
159 156
170 45
183 180
90 87
168 37
181 178
126 122
55 23
184 155
16 12
60 56
155 152
154 151
182 179
93 89
156 152
183 179
36 33
87 78
104 88
124 121
120 115
136 74
19 6
18 14
60 57
91 87
97 20
156 121
91 58
111 73
21 18
190 41
93 21
159 155
153 121
180 176
89 85
125 121
89 86
182 178
102 88
136 64
157 154
135 73
167 137
126 123
128 123
63 14
160 156
156 125
181 177
15 12
191 179
178 175
158 154
67 63
32 29
160 157
32 28
90 86
160 124
111 101
187 42
7 4
112 74
35 32
122 119
88 85
112 91
133 71
97 16
21 17
59 56
169 142
135 64
95 91
166 40
24 19
43 36
61 58
120 77
45 33
170 57
96 20
97 17
34 31
136 61
110 103
190 36
31 28
61 57
51 47
161 158
188 41
33 30
113 103
66 63
84 78
158 137
127 123
67 64
95 92
184 181
157 153
88 84
127 124
189 42
153 150
86 83
86 82
113 110
137 75
23 18
138 61
63 38
154 150
184 180
134 75
14 11
166 136
115 77
58 55
53 49
124 120
51 48
78 57
83 79
30 27
166 137
22 19
188 42
15 9
104 84
40 36
22 18
119 116
123 120
34 30
135 74
119 115
87 84
52 49
161 157
17 13
47 29
151 148
134 73
76 57
56 33
189 186
43 37
104 85
56 45
102 95
134 131
185 182
145 139
8 5
120 117
179 175
150 147
15 11
