93 90
20 17
19 16
18 15
94 90
20 16
39 36
38 35
38 34
181 178
93 89
180 177
94 91
92 89
156 153
16 13
125 122
37 33
155 152
90 87
92 88
39 35
183 180
126 123
17 14
21 18
159 156
158 155
179 176
36 32
154 151
37 34
60 56
182 179
60 57
18 14
155 151
184 181
156 152
147 144
127 123
181 177
89 86
35 31
36 33
21 17
61 58
91 88
126 122
89 85
35 32
125 121
16 12
157 154
59 56
160 157
183 179
19 15
90 86
124 121
7 4
160 156
127 124
91 87
95 91
180 176
88 85
135 73
161 158
15 12
158 154
157 153
159 155
31 28
178 175
33 30
32 29
182 178
95 92
185 182
122 119
167 137
153 150
112 74
22 18
61 57
119 116
154 150
111 73
17 13
40 36
86 83
120 115
67 63
189 42
66 63
124 120
90 93
17 20
16 19
15 18
90 94
16 20
36 39
35 38
34 38
178 181
89 93
177 180
91 94
89 92
153 156
13 16
122 125
33 37
152 155
87 90
88 92
35 39
180 183
123 126
14 17
18 21
156 159
155 158
176 179
32 36
151 154
34 37
56 60
179 182
57 60
14 18
151 155
181 184
152 156
144 147
123 127
177 181
86 89
31 35
33 36
17 21
58 61
88 91
122 126
85 89
32 35
121 125
12 16
154 157
56 59
157 160
179 183
15 19
86 90
121 124
4 7
156 160
124 127
87 91
91 95
176 180
85 88
73 135
158 161
12 15
154 158
153 157
155 159
28 31
175 178
30 33
29 32
178 182
92 95
182 185
119 122
137 167
150 153
74 112
18 22
57 61
116 119
150 154
73 111
13 17
36 40
83 86
115 120
63 67
42 189
63 66
120 124
