91 58
74 61
168 37
63 11
87 78
120 115
190 41
92 88
45 29
128 123
93 90
184 155
55 23
136 64
147 144
155 151
170 45
97 20
16 12
111 73
20 16
19 6
191 179
156 121
43 36
104 88
93 21
102 88
89 85
156 125
111 101
60 56
120 77
110 103
183 179
153 121
135 73
113 110
166 40
126 122
135 64
169 142
189 186
136 74
158 137
39 36
170 57
97 17
24 19
133 71
7 4
84 78
136 61
190 36
35 31
63 14
167 137
96 20
138 61
112 91
43 37
160 124
39 35
45 33
134 75
125 121
63 38
38 34
112 74
87 57
78 57
51 47
15 9
187 42
97 16
86 82
59 10
180 176
23 18
160 156
16 13
145 139
32 28
104 84
67 63
20 17
114 91
93 89
122 119
113 103
56 45
183 180
107 102
189 42
56 33
134 131
26 5
