115 84
182 169
140 57
135 64
145 77
170 141
172 143
59 56
63 14
166 137
189 43
134 72
120 115
114 77
76 57
104 85
146 143
115 81
56 53
111 102
160 156
190 33
157 75
83 80
65 61
114 78
15 5
90 58
169 43
56 34
170 47
190 42
170 140
189 182
191 44
73 65
91 61
167 42
137 75
35 32
96 92
93 89
147 143
171 47
53 45
165 162
154 77
166 37
16 12
38 34
141 79
94 14
153 150
39 36
145 139
56 45
109 71
130 109
160 131
97 16
40 37
60 56
53 50
121 117
14 10
74 61
168 57
168 137
25 5
100 62
98 13
75 72
138 75
168 42
95 13
55 30
100 65
114 104
113 102
116 78
136 61
154 150
169 44
58 54
177 143
135 73
7 2
166 40
170 57
114 88
21 18
170 45
36 33
86 54
73 61
153 117
133 73
145 142
140 53
116 81
112 100
17 13
184 158
38 9
106 84
170 46
32 29
23 19
54 51
111 74
142 139
184 180
180 177
91 58
98 95
87 58
95 58
168 37
73 64
63 60
171 44
186 169
63 10
36 32
173 143
18 10
122 119
182 179
108 70
65 62
47 33
189 41
167 137
45 33
181 142
148 79
119 106
157 121
182 178
59 34
87 83
162 134
162 135
128 123
185 181
137 77
180 176
140 87
112 61
115 76
110 101
112 72
116 84
24 19
100 96
178 174
124 121
103 88
90 87
86 83
64 61
53 47
97 20
174 171
170 56
115 104
132 71
100 94
156 153
37 33
106 81
62 58
34 2
26 23
172 46
128 124
57 37
8 2
172 141
178 175
155 152
90 51
181 146
89 86
114 103
171 142
140 54
129 72
131 124
113 76
138 76
120 105
161 158
95 92
177 146
59 38
145 79
114 84
114 76
91 88
94 58
112 91
150 145
83 78
139 77
171 46
157 77
161 137
119 115
94 91
156 121
8 4
166 42
172 48
100 67
111 101
148 144
64 40
33 30
95 17
184 155
38 10
178 143
165 136
167 139
15 11
43 36
111 73
112 74
26 3
97 13
111 100
168 60
104 88
97 17
144 79
45 29
111 71
121 118
174 143
102 88
138 77
112 76
162 132
112 102
17 14
189 186
130 127
161 131
185 167
158 155
186 44
189 42
185 169
133 72
100 95
98 67
156 152
184 181
133 130
186 42
55 51
88 85
164 135
135 74
170 139
74 65
53 29
183 179
110 102
84 81
92 88
56 27
112 65
125 122
160 124
158 154
26 8
56 30
151 146
165 161
140 78
16 13
31 26
123 105
22 19
159 155
61 57
34 31
41 36
168 139
149 145
93 17
111 65
154 139
165 135
64 38
26 4
93 21
60 38
85 81
30 26
120 117
166 135
178 171
113 104
114 75
99 96
55 52
55 21
154 146
140 76
113 75
120 77
99 67
59 37
111 67
22 18
126 123
55 23
98 62
169 138
179 175
162 131
172 47
119 105
134 74
105 84
86 82
62 14
150 117
91 62
18 15
56 33
137 134
19 5
141 49
63 59
134 131
169 142
87 78
136 74
153 118
138 61
124 120
177 151
186 167
95 91
94 62
175 146
108 101
159 156
104 87
150 146
187 42
94 55
20 17
154 151
102 92
185 182
157 153
43 33
92 89
31 28
186 182
59 30
129 75
119 107
94 18
137 74
167 43
41 37
175 143
38 35
111 72
15 10
55 18
98 14
157 117
109 72
104 84
169 139
19 15
19 16
133 71
190 36
56 47
85 82
123 120
100 92
91 87
130 71
116 106
58 55
178 169
31 3
167 138
178 146
89 85
33 29
181 139
150 118
10 5
134 130
99 95
168 138
61 58
90 86
88 84
165 134
39 35
147 144
113 105
136 75
63 38
161 75
112 101
190 41
94 21
120 113
59 18
21 17
134 75
31 27
145 141
165 137
155 151
117 77
110 103
53 49
64 60
57 54
116 77
185 42
119 81
84 80
129 113
62 59
107 81
139 76
113 110
150 79
171 143
172 49
190 43
94 17
40 36
168 136
95 62
100 91
59 55
30 27
189 167
116 80
52 30
7 4
138 74
169 45
127 124
123 119
69 66
166 41
76 61
59 10
116 79
136 64
18 14
115 77
141 78
170 138
136 73
7 3
106 85
34 8
171 141
31 2
120 75
126 122
60 34
60 57
43 37
73 66
114 105
178 142
20 16
186 183
104 81
52 27
149 146
145 117
113 103
60 37
174 46
140 77
119 116
15 6
123 113
93 90
130 72
129 124
160 157
146 142
84 78
112 75
182 44
141 83
102 91
112 73
59 14
74 64
174 44
129 123
179 174
95 14
25 4
136 60
157 154
25 3
96 93
125 121
113 74
115 78
98 11
73 69
138 57
189 44
181 154
140 79
129 105
190 44
157 124
145 78
178 173
173 46
140 83
185 158
151 145
134 73
188 42
181 169
18 5
94 90
23 18
114 87
32 28
166 136
171 45
57 53
35 8
87 84
56 52
168 43
56 29
90 55
183 180
161 134
15 12
34 10
179 176
150 77
154 117
115 105
116 105
60 33
93 20
152 149
133 69
8 5
47 29
109 70
158 137
96 17
150 116
52 29
148 145
26 5
87 76
120 116
129 120
98 65
154 145
14 11
185 137
144 141
181 151
110 72
112 103
153 121
113 72
54 50
37 34
157 120
114 91
170 53
115 106
170 142
84 76
83 79
90 54
34 30
161 157
96 20
122 118
56 37
114 102
98 17
53 48
26 2
35 2
111 70
181 177
181 178
168 45
97 14
98 16
63 11
23 5
38 8
94 59
34 26
87 54
84 115
169 182
57 140
64 135
77 145
141 170
143 172
56 59
14 63
137 166
43 189
72 134
115 120
77 114
57 76
85 104
143 146
81 115
53 56
102 111
156 160
33 190
75 157
80 83
61 65
78 114
5 15
58 90
43 169
34 56
47 170
42 190
140 170
182 189
44 191
65 73
61 91
42 167
75 137
32 35
92 96
89 93
143 147
47 171
45 53
162 165
77 154
37 166
12 16
34 38
79 141
14 94
150 153
36 39
139 145
45 56
71 109
109 130
131 160
16 97
37 40
56 60
50 53
117 121
10 14
61 74
57 168
137 168
5 25
62 100
13 98
72 75
75 138
42 168
13 95
30 55
65 100
104 114
102 113
78 116
61 136
150 154
44 169
54 58
143 177
73 135
2 7
40 166
57 170
88 114
18 21
45 170
33 36
54 86
61 73
117 153
73 133
142 145
53 140
81 116
100 112
13 17
158 184
9 38
84 106
46 170
29 32
19 23
51 54
74 111
139 142
180 184
177 180
58 91
95 98
58 87
58 95
37 168
64 73
60 63
44 171
169 186
10 63
32 36
143 173
10 18
119 122
179 182
70 108
62 65
33 47
41 189
137 167
33 45
142 181
79 148
106 119
121 157
178 182
34 59
83 87
134 162
135 162
123 128
181 185
77 137
176 180
87 140
61 112
76 115
101 110
72 112
84 116
19 24
96 100
174 178
121 124
88 103
87 90
83 86
61 64
47 53
20 97
171 174
56 170
104 115
71 132
94 100
153 156
33 37
81 106
58 62
2 34
23 26
46 172
124 128
37 57
2 8
141 172
175 178
152 155
51 90
146 181
86 89
103 114
142 171
54 140
72 129
124 131
76 113
76 138
105 120
158 161
92 95
146 177
38 59
79 145
84 114
76 114
88 91
58 94
91 112
145 150
78 83
77 139
46 171
77 157
137 161
115 119
91 94
121 156
4 8
42 166
48 172
67 100
101 111
144 148
40 64
30 33
17 95
155 184
10 38
143 178
136 165
139 167
11 15
36 43
73 111
74 112
3 26
13 97
100 111
60 168
88 104
17 97
79 144
29 45
71 111
118 121
143 174
88 102
77 138
76 112
132 162
102 112
14 17
186 189
127 130
131 161
167 185
155 158
44 186
42 189
169 185
72 133
95 100
67 98
152 156
181 184
130 133
42 186
51 55
85 88
135 164
74 135
139 170
65 74
29 53
179 183
102 110
81 84
88 92
27 56
65 112
122 125
124 160
154 158
8 26
30 56
146 151
161 165
78 140
13 16
26 31
105 123
19 22
155 159
57 61
31 34
36 41
139 168
145 149
17 93
65 111
139 154
135 165
38 64
4 26
21 93
38 60
81 85
26 30
117 120
135 166
171 178
104 113
75 114
96 99
52 55
21 55
146 154
76 140
75 113
77 120
67 99
37 59
67 111
18 22
123 126
23 55
62 98
138 169
175 179
131 162
47 172
105 119
74 134
84 105
82 86
14 62
117 150
62 91
15 18
33 56
134 137
5 19
49 141
59 63
131 134
142 169
78 87
74 136
118 153
61 138
120 124
151 177
167 186
91 95
62 94
146 175
101 108
156 159
87 104
146 150
42 187
55 94
17 20
151 154
92 102
182 185
153 157
33 43
89 92
28 31
182 186
30 59
75 129
107 119
18 94
74 137
43 167
37 41
143 175
35 38
72 111
10 15
18 55
14 98
117 157
72 109
84 104
139 169
15 19
16 19
71 133
36 190
47 56
82 85
120 123
92 100
87 91
71 130
106 116
55 58
169 178
3 31
138 167
146 178
85 89
29 33
139 181
118 150
5 10
130 134
95 99
138 168
58 61
86 90
84 88
134 165
35 39
144 147
105 113
75 136
38 63
75 161
101 112
41 190
21 94
113 120
18 59
17 21
75 134
27 31
141 145
137 165
151 155
77 117
103 110
49 53
60 64
54 57
77 116
42 185
81 119
80 84
113 129
59 62
81 107
76 139
110 113
79 150
143 171
49 172
43 190
17 94
36 40
136 168
62 95
91 100
55 59
27 30
167 189
80 116
30 52
4 7
74 138
45 169
124 127
119 123
66 69
41 166
61 76
10 59
79 116
64 136
14 18
77 115
78 141
138 170
73 136
3 7
85 106
8 34
141 171
2 31
75 120
122 126
34 60
57 60
37 43
66 73
105 114
142 178
16 20
183 186
81 104
27 52
146 149
117 145
103 113
37 60
46 174
77 140
116 119
6 15
113 123
90 93
72 130
124 129
157 160
142 146
78 84
75 112
44 182
83 141
91 102
73 112
14 59
64 74
44 174
123 129
174 179
14 95
4 25
60 136
154 157
3 25
93 96
121 125
74 113
78 115
11 98
69 73
57 138
44 189
154 181
79 140
105 129
44 190
124 157
78 145
173 178
46 173
83 140
158 185
145 151
73 134
42 188
169 181
5 18
90 94
18 23
87 114
28 32
136 166
45 171
53 57
8 35
84 87
52 56
43 168
29 56
55 90
180 183
134 161
12 15
10 34
176 179
77 150
117 154
105 115
105 116
33 60
20 93
149 152
69 133
5 8
29 47
70 109
137 158
17 96
116 150
29 52
145 148
5 26
76 87
116 120
120 129
65 98
145 154
11 14
137 185
141 144
151 181
72 110
103 112
121 153
72 113
50 54
34 37
120 157
91 114
53 170
106 115
142 170
76 84
79 83
54 90
30 34
157 161
20 96
118 122
37 56
102 114
17 98
48 53
2 26
2 35
70 111
177 181
178 181
45 168
14 97
16 98
11 63
5 23
8 38
59 94
26 34
54 87
