91 58
74 61
168 37
63 11
87 78
120 115
190 41
92 88
45 29
128 123
93 90
184 155
55 23
136 64
147 144
155 151
170 45
97 20
16 12
111 73
20 16
19 6
191 179
156 121
43 36
104 88
93 21
102 88
89 85
156 125
111 101
60 56
120 77
110 103
183 179
153 121
135 73
113 110
166 40
126 122
135 64
169 142
189 186
136 74
158 137
39 36
170 57
97 17
24 19
133 71
7 4
84 78
136 61
190 36
35 31
63 14
167 137
96 20
138 61
112 91
43 37
160 124
39 35
45 33
134 75
125 121
63 38
38 34
112 74
87 57
78 57
51 47
15 9
187 42
97 16
86 82
59 10
180 176
23 18
160 156
16 13
145 139
32 28
104 84
67 63
20 17
114 91
93 89
122 119
113 103
56 45
183 180
107 102
189 42
56 33
134 131
26 5
86 83
115 77
104 85
64 40
102 91
102 95
156 153
83 79
107 104
90 55
76 57
19 16
47 29
106 102
166 136
15 6
94 90
174 46
41 36
178 175
74 65
36 32
60 37
60 57
8 5
38 35
114 88
165 162
166 64
120 75
83 49
165 137
7 3
59 34
179 176
114 87
51 48
154 151
125 122
14 11
55 18
18 15
131 124
188 41
91 76
141 83
53 49
98 62
53 50
168 136
112 61
19 15
180 177
92 89
174 142
31 25
105 102
106 103
52 30
181 178
129 115
165 158
135 72
17 14
137 75
95 62
100 65
25 4
138 74
174 44
15 10
32 29
90 58
73 66
172 141
99 95
60 49
143 86
161 158
106 85
136 37
156 152
102 99
185 155
150 118
119 116
107 100
166 42
112 65
86 80
124 121
69 66
174 171
143 118
191 46
122 118
87 54
58 91
61 74
37 168
11 63
78 87
115 120
41 190
88 92
29 45
123 128
90 93
155 184
23 55
64 136
144 147
151 155
45 170
20 97
12 16
73 111
16 20
6 19
179 191
121 156
36 43
88 104
21 93
88 102
85 89
125 156
101 111
56 60
77 120
103 110
179 183
121 153
73 135
110 113
40 166
122 126
64 135
142 169
186 189
74 136
137 158
36 39
57 170
17 97
19 24
71 133
4 7
78 84
61 136
36 190
31 35
14 63
137 167
20 96
61 138
91 112
37 43
124 160
35 39
33 45
75 134
121 125
38 63
34 38
74 112
57 87
57 78
47 51
9 15
42 187
16 97
82 86
10 59
176 180
18 23
156 160
13 16
139 145
28 32
84 104
63 67
17 20
91 114
89 93
119 122
103 113
45 56
180 183
102 107
42 189
33 56
131 134
5 26
83 86
77 115
85 104
40 64
91 102
95 102
153 156
79 83
104 107
55 90
57 76
16 19
29 47
102 106
136 166
6 15
90 94
46 174
36 41
175 178
65 74
32 36
37 60
57 60
5 8
35 38
88 114
162 165
64 166
75 120
49 83
137 165
3 7
34 59
176 179
87 114
48 51
151 154
122 125
11 14
18 55
15 18
124 131
41 188
76 91
83 141
49 53
62 98
50 53
136 168
61 112
15 19
177 180
89 92
142 174
25 31
102 105
103 106
30 52
178 181
115 129
158 165
72 135
14 17
75 137
62 95
65 100
4 25
74 138
44 174
10 15
29 32
58 90
66 73
141 172
95 99
49 60
86 143
158 161
85 106
37 136
152 156
99 102
155 185
118 150
116 119
100 107
42 166
65 112
80 86
121 124
66 69
171 174
118 143
46 191
118 122
54 87
