48 6
79 32
73 39
119 115
125 122
85 26
110 91
60 49
104 66
72 40
53 14
77 72
103 66
65 44
96 80
91 84
62 46
53 16
25 2
105 94
104 95
20 17
108 62
109 61
88 25
22 4
23 20
94 80
123 50
107 91
126 123
129 125
15 7
56 13
106 62
55 15
22 2
17 5
73 40
109 89
130 127
83 18
51 4
98 77
83 30
71 40
14 9
58 48
49 5
133 130
93 84
77 69
79 34
17 6
18 6
46 9
66 43
90 85
107 92
80 31
110 49
114 111
120 117
89 86
57 52
59 49
15 9
85 28
63 47
21 2
14 10
72 38
133 53
58 54
48 15
13 10
91 83
69 41
60 47
67 42
59 50
75 35
118 115
74 38
80 33
90 87
5 2
68 42
111 89
87 25
77 35
61 46
105 64
19 7
127 123
71 38
83 29
55 52
43 40
52 15
134 131
93 81
70 41
74 36
108 91
21 4
84 27
64 45
60 56
17 8
40 37
106 93
23 2
56 48
84 28
101 97
98 79
75 37
92 85
82 31
94 82
65 42
128 124
95 66
59 56
97 77
115 112
121 118
16 9
92 83
86 26
78 33
36 11
55 16
84 26
113 109
82 30
85 25
92 84
21 3
126 51
109 90
67 43
107 90
68 41
106 92
15 10
30 18
108 92
104 65
128 125
74 39
70 40
65 45
99 77
91 86
104 94
60 48
40 35
133 129
78 34
54 14
96 79
98 78
48 9
22 5
21 6
63 46
89 85
59 48
102 96
134 130
64 46
119 116
45 8
136 132
55 48
127 124
133 54
17 7
123 120
66 44
101 96
119 4
96 81
75 34
87 26
14 11
63 45
18 5
108 61
70 39
49 7
47 9
55 9
76 35
88 85
91 85
89 25
48 7
81 31
74 35
19 5
58 52
124 121
16 7
29 19
76 72
122 50
29 18
103 94
47 7
76 34
20 5
55 8
103 95
103 96
95 82
54 15
50 6
127 52
124 120
121 117
56 9
131 128
58 51
108 90
136 133
86 25
93 83
82 29
123 4
61 47
129 126
69 42
111 88
102 66
99 78
53 15
105 93
16 8
73 38
24 2
97 80
31 18
74 34
81 33
50 5
49 4
106 63
20 6
130 52
97 79
123 51
61 48
23 19
94 81
130 53
46 8
88 26
77 34
76 73
27 24
135 131
95 79
105 92
119 114
65 43
123 119
118 114
100 97
92 82
106 94
20 2
67 41
48 8
93 82
94 83
84 29
109 91
75 36
78 32
110 61
122 118
16 10
60 46
62 47
22 3
112 109
38 35
95 80
122 119
83 19
110 90
132 129
104 96
107 93
113 110
73 37
18 7
86 27
71 41
78 75
108 93
47 6
63 44
54 13
82 28
74 40
20 4
102 97
95 81
72 39
21 5
117 114
89 26
43 35
119 3
69 40
90 86
81 30
18 8
51 5
69 66
103 97
98 80
80 32
83 28
47 8
97 78
135 132
85 27
130 126
57 54
79 33
19 6
66 42
80 30
58 55
104 64
63 60
55 14
126 50
111 90
50 4
133 52
105 95
102 98
81 32
15 8
55 13
96 66
106 64
45 9
64 44
89 2
71 39
122 51
62 48
101 98
40 36
77 74
58 49
13 9
126 122
61 49
95 45
110 89
129 52
125 121
58 50
126 52
74 37
97 69
49 6
120 116
6 48
32 79
39 73
115 119
122 125
26 85
91 110
49 60
66 104
40 72
14 53
72 77
66 103
44 65
80 96
84 91
46 62
16 53
2 25
94 105
95 104
17 20
62 108
61 109
25 88
4 22
20 23
80 94
50 123
91 107
123 126
125 129
7 15
13 56
62 106
15 55
2 22
5 17
40 73
89 109
127 130
18 83
4 51
77 98
30 83
40 71
9 14
48 58
5 49
130 133
84 93
69 77
34 79
6 17
6 18
9 46
43 66
85 90
92 107
31 80
49 110
111 114
117 120
86 89
52 57
49 59
9 15
28 85
47 63
2 21
10 14
38 72
53 133
54 58
15 48
10 13
83 91
41 69
47 60
42 67
50 59
35 75
115 118
38 74
33 80
87 90
2 5
42 68
89 111
25 87
35 77
46 61
64 105
7 19
123 127
38 71
29 83
52 55
40 43
15 52
131 134
81 93
41 70
36 74
91 108
4 21
27 84
45 64
56 60
8 17
37 40
93 106
2 23
48 56
28 84
97 101
79 98
37 75
85 92
31 82
82 94
42 65
124 128
66 95
56 59
77 97
112 115
118 121
9 16
83 92
26 86
33 78
11 36
16 55
26 84
109 113
30 82
25 85
84 92
3 21
51 126
90 109
43 67
90 107
41 68
92 106
10 15
18 30
92 108
65 104
125 128
39 74
40 70
45 65
77 99
86 91
94 104
48 60
35 40
129 133
34 78
14 54
79 96
78 98
9 48
5 22
6 21
46 63
85 89
48 59
96 102
130 134
46 64
116 119
8 45
132 136
48 55
124 127
54 133
7 17
120 123
44 66
96 101
4 119
81 96
34 75
26 87
11 14
45 63
5 18
61 108
39 70
7 49
9 47
9 55
35 76
85 88
85 91
25 89
7 48
31 81
35 74
5 19
52 58
121 124
7 16
19 29
72 76
50 122
18 29
94 103
7 47
34 76
5 20
8 55
95 103
96 103
82 95
15 54
6 50
52 127
120 124
117 121
9 56
128 131
51 58
90 108
133 136
25 86
83 93
29 82
4 123
47 61
126 129
42 69
88 111
66 102
78 99
15 53
93 105
8 16
38 73
2 24
80 97
18 31
34 74
33 81
5 50
4 49
63 106
6 20
52 130
79 97
51 123
48 61
19 23
81 94
53 130
8 46
26 88
34 77
73 76
24 27
131 135
79 95
92 105
114 119
43 65
119 123
114 118
97 100
82 92
94 106
2 20
41 67
8 48
82 93
83 94
29 84
91 109
36 75
32 78
61 110
118 122
10 16
46 60
47 62
3 22
109 112
35 38
80 95
119 122
19 83
90 110
129 132
96 104
93 107
110 113
37 73
7 18
27 86
41 71
75 78
93 108
6 47
44 63
13 54
28 82
40 74
4 20
97 102
81 95
39 72
5 21
114 117
26 89
35 43
3 119
40 69
86 90
30 81
8 18
5 51
66 69
97 103
80 98
32 80
28 83
8 47
78 97
132 135
27 85
126 130
54 57
33 79
6 19
42 66
30 80
55 58
64 104
60 63
14 55
50 126
90 111
4 50
52 133
95 105
98 102
32 81
8 15
13 55
66 96
64 106
9 45
44 64
2 89
39 71
51 122
48 62
98 101
36 40
74 77
49 58
9 13
122 126
49 61
45 95
89 110
52 129
121 125
50 58
52 126
37 74
69 97
6 49
116 120
