17 5
65 44
60 46
120 116
130 127
33 16
60 48
15 7
138 134
20 17
103 96
132 129
135 131
80 30
63 46
55 48
57 54
63 44
125 121
128 124
85 2
134 130
48 15
127 124
99 70
51 5
140 54
124 120
13 9
128 125
16 10
133 52
135 132
59 49
36 11
134 131
31 16
82 30
98 78
40 35
73 39
141 137
145 141
122 114
65 42
80 32
53 17
84 28
137 53
27 23
139 135
77 72
76 72
63 60
97 72
108 62
91 60
79 43
76 73
118 115
58 50
145 142
136 54
82 28
139 136
64 45
74 38
123 21
121 118
113 110
46 9
38 35
6 2
144 140
91 61
143 139
111 49
75 38
142 139
98 32
51 21
92 84
139 113
66 43
138 135
81 45
78 32
145 139
141 136
52 4
5 2
94 84
141 138
118 114
67 42
142 136
113 59
42 11
56 13
58 15
145 138
79 34
123 120
95 64
125 122
143 140
58 51
72 69
59 18
82 19
144 141
21 5
144 138
141 29
79 45
126 52
122 113
96 80
53 49
104 85
145 137
99 27
100 97
140 135
136 129
68 64
15 5
31 10
145 136
27 19
40 33
133 126
132 128
55 13
97 70
55 9
54 13
105 92
124 121
123 107
24 2
142 124
73 38
58 48
145 128
72 68
39 35
93 81
124 67
17 2
45 8
126 122
57 52
71 39
102 68
41 37
83 47
37 28
132 117
136 130
127 119
34 16
96 82
142 132
81 8
130 124
140 136
29 20
19 2
106 64
107 92
33 14
145 134
142 138
26 22
78 34
108 5
64 47
55 46
92 86
79 69
95 45
144 131
31 11
143 124
111 11
121 117
19 5
63 48
83 6
112 59
110 60
105 94
77 43
139 124
75 35
136 56
135 128
139 132
99 96
139 128
37 30
144 137
38 34
106 93
145 129
136 132
106 100
138 130
63 55
31 8
131 128
118 59
108 101
58 49
42 36
101 96
34 9
83 33
129 126
138 124
118 112
