124 121
133 130
123 120
124 120
60 46
134 131
125 122
125 121
132 129
65 44
135 131
135 132
118 115
80 30
119 116
127 124
134 130
137 133
17 5
138 134
122 119
139 136
139 135
63 46
142 139
126 122
128 125
126 123
15 7
103 96
121 118
76 73
120 116
133 129
136 133
57 54
138 135
64 45
63 44
130 127
140 137
123 119
64 44
60 48
128 124
33 16
48 15
136 132
129 126
20 17
76 72
137 134
80 32
119 115
85 2
99 70
143 140
120 117
122 118
38 35
59 49
16 10
131 128
13 9
145 142
144 141
82 28
55 48
82 30
141 137
140 136
73 39
66 43
51 5
91 60
84 28
36 11
140 54
121 117
127 123
132 128
65 43
141 138
27 23
65 42
118 114
143 139
26 23
98 78
27 24
63 60
59 48
40 35
142 138
145 141
58 49
122 114
97 72
144 140
39 35
129 125
72 69
130 126
74 38
133 52
63 45
39 36
73 38
58 48
58 50
31 16
5 2
92 84
78 32
13 10
96 80
108 62
53 17
137 53
94 84
26 22
77 72
15 5
94 82
64 46
67 42
40 36
38 34
75 38
77 74
131 127
79 43
16 8
14 10
91 61
57 53
14 11
15 8
66 42
66 44
114 111
14 9
25 22
73 70
51 21
75 72
16 7
93 82
60 49
46 9
77 73
80 31
111 49
74 70
37 34
65 45
71 68
71 39
102 96
81 30
136 54
113 110
105 94
78 34
97 70
78 75
40 37
52 4
23 20
93 83
72 68
112 109
58 15
51 4
79 45
74 71
12 9
79 32
96 82
17 7
101 96
15 9
6 2
64 47
57 52
62 59
56 13
31 10
136 53
94 83
17 6
50 5
100 97
60 47
72 39
145 138
145 139
79 34
58 55
58 51
22 19
135 128
82 29
21 18
92 86
54 13
113 109
136 129
101 97
68 64
93 84
97 78
34 11
94 81
40 33
92 83
133 126
95 81
74 39
106 64
102 99
69 66
