124 121
133 130
125 122
119 116
123 120
132 129
125 121
134 131
124 120
65 44
135 132
136 133
135 131
133 129
126 123
137 134
134 130
121 118
120 117
126 122
139 136
127 124
138 134
128 125
76 73
118 115
64 44
65 45
138 135
130 127
136 132
137 133
139 135
122 119
123 119
120 116
15 7
38 35
142 139
143 140
140 137
141 138
65 43
80 30
119 115
145 142
128 124
63 44
129 126
57 54
140 136
63 46
64 45
64 46
13 9
144 141
76 72
122 118
118 114
60 46
141 137
26 23
17 5
60 48
129 125
13 10
127 123
39 36
132 128
66 44
39 35
131 128
66 43
72 69
121 124
130 133
122 125
116 119
120 123
129 132
121 125
131 134
120 124
44 65
132 135
133 136
131 135
129 133
123 126
134 137
130 134
118 121
117 120
122 126
136 139
124 127
134 138
125 128
73 76
115 118
44 64
45 65
135 138
127 130
132 136
133 137
135 139
119 122
119 123
116 120
7 15
35 38
139 142
140 143
137 140
138 141
43 65
30 80
115 119
142 145
124 128
44 63
126 129
54 57
136 140
46 63
45 64
46 64
9 13
141 144
72 76
118 122
114 118
46 60
137 141
23 26
5 17
48 60
125 129
10 13
123 127
36 39
128 132
44 66
35 39
128 131
43 66
69 72
