17 5
65 44
60 46
120 116
130 127
33 16
60 48
15 7
138 134
20 17
103 96
132 129
135 131
80 30
63 46
55 48
57 54
63 44
125 121
128 124
85 2
134 130
48 15
127 124
99 70
51 5
140 54
124 120
13 9
128 125
16 10
133 52
135 132
59 49
36 11
134 131
31 16
82 30
98 78
40 35
73 39
141 137
145 141
122 114
65 42
80 32
53 17
84 28
137 53
27 23
139 135
77 72
76 72
63 60
97 72
108 62
91 60
79 43
76 73
118 115
58 50
145 142
136 54
82 28
139 136
64 45
74 38
123 21
121 118
113 110
46 9
38 35
6 2
144 140
5 17
44 65
46 60
116 120
127 130
16 33
48 60
7 15
134 138
17 20
96 103
129 132
131 135
30 80
46 63
48 55
54 57
44 63
121 125
124 128
2 85
130 134
15 48
124 127
70 99
5 51
54 140
120 124
9 13
125 128
10 16
52 133
132 135
49 59
11 36
131 134
16 31
30 82
78 98
35 40
39 73
137 141
141 145
114 122
42 65
32 80
17 53
28 84
53 137
23 27
135 139
72 77
72 76
60 63
72 97
62 108
60 91
43 79
73 76
115 118
50 58
142 145
54 136
28 82
136 139
45 64
38 74
21 123
118 121
110 113
9 46
35 38
2 6
140 144
