124 121
133 130
123 120
124 120
60 46
134 131
125 122
125 121
132 129
65 44
135 131
135 132
118 115
80 30
119 116
127 124
134 130
137 133
17 5
138 134
122 119
139 136
139 135
63 46
142 139
126 122
128 125
126 123
15 7
103 96
121 118
76 73
120 116
133 129
136 133
57 54
138 135
64 45
63 44
130 127
140 137
123 119
64 44
60 48
128 124
33 16
48 15
136 132
129 126
20 17
76 72
137 134
80 32
119 115
85 2
99 70
143 140
120 117
122 118
38 35
59 49
16 10
131 128
13 9
145 142
144 141
82 28
55 48
82 30
141 137
140 136
73 39
66 43
51 5
91 60
84 28
36 11
140 54
121 117
127 123
132 128
65 43
141 138
27 23
65 42
118 114
143 139
26 23
98 78
27 24
63 60
59 48
40 35
142 138
145 141
58 49
122 114
97 72
144 140
39 35
129 125
72 69
130 126
74 38
133 52
63 45
39 36
73 38
58 48
58 50
31 16
5 2
92 84
78 32
13 10
96 80
108 62
53 17
137 53
94 84
26 22
77 72
15 5
94 82
64 46
67 42
40 36
38 34
75 38
77 74
131 127
79 43
16 8
14 10
91 61
57 53
14 11
15 8
66 42
66 44
114 111
14 9
25 22
73 70
51 21
75 72
16 7
93 82
121 124
130 133
120 123
120 124
46 60
131 134
122 125
121 125
129 132
44 65
131 135
132 135
115 118
30 80
116 119
124 127
130 134
133 137
5 17
134 138
119 122
136 139
135 139
46 63
139 142
122 126
125 128
123 126
7 15
96 103
118 121
73 76
116 120
129 133
133 136
54 57
135 138
45 64
44 63
127 130
137 140
119 123
44 64
48 60
124 128
16 33
15 48
132 136
126 129
17 20
72 76
134 137
32 80
115 119
2 85
70 99
140 143
117 120
118 122
35 38
49 59
10 16
128 131
9 13
142 145
141 144
28 82
48 55
30 82
137 141
136 140
39 73
43 66
5 51
60 91
28 84
11 36
54 140
117 121
123 127
128 132
43 65
138 141
23 27
42 65
114 118
139 143
23 26
78 98
24 27
60 63
48 59
35 40
138 142
141 145
49 58
114 122
72 97
140 144
35 39
125 129
69 72
126 130
38 74
52 133
45 63
36 39
38 73
48 58
50 58
16 31
2 5
84 92
32 78
10 13
80 96
62 108
17 53
53 137
84 94
22 26
72 77
5 15
82 94
46 64
42 67
36 40
34 38
38 75
74 77
127 131
43 79
8 16
10 14
61 91
53 57
11 14
8 15
42 66
44 66
111 114
9 14
22 25
70 73
21 51
72 75
7 16
82 93
