17 5
65 44
60 46
120 116
130 127
33 16
60 48
15 7
138 134
20 17
103 96
132 129
135 131
80 30
63 46
55 48
57 54
63 44
125 121
128 124
85 2
134 130
48 15
127 124
99 70
51 5
140 54
124 120
13 9
128 125
16 10
133 52
135 132
59 49
36 11
134 131
31 16
82 30
98 78
40 35
73 39
141 137
145 141
122 114
65 42
80 32
53 17
84 28
137 53
27 23
139 135
77 72
76 72
63 60
97 72
108 62
91 60
79 43
76 73
118 115
58 50
145 142
136 54
82 28
139 136
64 45
74 38
123 21
121 118
113 110
46 9
38 35
6 2
144 140
91 61
143 139
111 49
75 38
142 139
98 32
51 21
92 84
139 113
66 43
138 135
81 45
78 32
145 139
141 136
52 4
5 2
94 84
141 138
118 114
67 42
142 136
113 59
42 11
56 13
58 15
145 138
79 34
123 120
95 64
125 122
143 140
58 51
72 69
59 18
82 19
144 141
21 5
144 138
141 29
79 45
126 52
122 113
96 80
53 49
104 85
145 137
99 27
100 97
140 135
136 129
68 64
15 5
31 10
145 136
27 19
40 33
133 126
132 128
55 13
97 70
55 9
54 13
105 92
124 121
123 107
24 2
142 124
73 38
58 48
145 128
72 68
39 35
93 81
5 17
44 65
46 60
116 120
127 130
16 33
48 60
7 15
134 138
17 20
96 103
129 132
131 135
30 80
46 63
48 55
54 57
44 63
121 125
124 128
2 85
130 134
15 48
124 127
70 99
5 51
54 140
120 124
9 13
125 128
10 16
52 133
132 135
49 59
11 36
131 134
16 31
30 82
78 98
35 40
39 73
137 141
141 145
114 122
42 65
32 80
17 53
28 84
53 137
23 27
135 139
72 77
72 76
60 63
72 97
62 108
60 91
43 79
73 76
115 118
50 58
142 145
54 136
28 82
136 139
45 64
38 74
21 123
118 121
110 113
9 46
35 38
2 6
140 144
61 91
139 143
49 111
38 75
139 142
32 98
21 51
84 92
113 139
43 66
135 138
45 81
32 78
139 145
136 141
4 52
2 5
84 94
138 141
114 118
42 67
136 142
59 113
11 42
13 56
15 58
138 145
34 79
120 123
64 95
122 125
140 143
51 58
69 72
18 59
19 82
141 144
5 21
138 144
29 141
45 79
52 126
113 122
80 96
49 53
85 104
137 145
27 99
97 100
135 140
129 136
64 68
5 15
10 31
136 145
19 27
33 40
126 133
128 132
13 55
70 97
9 55
13 54
92 105
121 124
107 123
2 24
124 142
38 73
48 58
128 145
68 72
35 39
81 93
