228 224
227 224
229 226
127 124
229 225
227 223
156 152
230 226
232 214
231 228
196 164
224 205
228 225
97 44
152 149
202 166
41 4
195 159
222 27
130 125
191 188
192 153
120 117
42 3
118 102
212 129
206 197
117 90
123 120
211 158
214 133
147 127
80 77
79 76
127 123
128 124
221 218
190 187
186 183
228 207
148 127
132 122
96 93
125 122
124 94
81 78
91 88
229 131
124 120
126 123
38 34
118 7
212 126
197 159
226 222
121 118
226 223
74 71
38 35
230 227
202 170
231 227
123 119
107 9
221 217
37 34
214 209
128 125
219 106
43 6
122 119
91 87
152 147
31 27
36 33
232 209
126 122
84 52
112 108
141 102
208 159
125 121
227 35
36 4
73 70
99 4
190 186
145 122
124 121
86 47
73 59
210 158
186 182
69 66
174 169
191 187
120 116
186 165
42 4
122 118
229 36
122 100
89 46
37 33
229 99
70 67
228 209
43 37
101 32
46 5
121 117
45 29
141 118
111 108
81 77
187 165
138 134
