228 224
227 224
229 226
127 124
229 225
227 223
156 152
230 226
232 214
231 228
196 164
224 205
228 225
97 44
152 149
202 166
41 4
195 159
222 27
130 125
191 188
192 153
120 117
42 3
118 102
212 129
206 197
117 90
123 120
211 158
214 133
147 127
80 77
79 76
127 123
128 124
221 218
190 187
186 183
228 207
148 127
132 122
96 93
125 122
124 94
81 78
91 88
229 131
124 120
126 123
38 34
118 7
212 126
197 159
226 222
121 118
226 223
74 71
38 35
230 227
202 170
231 227
123 119
107 9
221 217
37 34
214 209
128 125
219 106
43 6
122 119
91 87
152 147
31 27
36 33
232 209
126 122
84 52
112 108
141 102
208 159
125 121
227 35
36 4
73 70
99 4
190 186
145 122
124 121
86 47
73 59
210 158
186 182
69 66
174 169
191 187
120 116
186 165
42 4
122 118
229 36
122 100
89 46
37 33
229 99
70 67
228 209
43 37
101 32
46 5
121 117
45 29
141 118
111 108
81 77
187 165
138 134
80 76
36 32
129 126
192 188
45 8
102 7
63 60
158 126
103 100
72 69
121 94
139 134
136 28
226 36
43 36
83 80
84 81
48 10
232 228
152 148
44 3
112 103
187 183
167 164
36 6
45 33
71 68
219 136
196 162
230 41
192 189
73 69
122 102
87 46
129 125
118 115
230 39
217 167
54 26
169 166
196 161
182 179
58 55
75 72
154 126
225 222
183 179
183 180
86 83
213 160
21 13
50 47
41 36
98 41
209 206
185 182
60 57
30 27
212 130
144 114
203 170
187 184
168 165
188 184
189 186
92 87
204 201
35 32
110 107
74 70
78 75
192 144
125 97
92 89
224 207
168 164
142 134
108 103
153 147
156 153
144 113
79 75
85 82
193 189
46 7
128 94
39 35
82 79
14 11
119 116
132 126
180 140
125 94
225 214
53 24
203 171
189 185
222 219
19 16
210 159
195 160
232 229
75 71
218 164
97 41
110 11
71 34
112 109
184 181
45 6
41 3
31 28
132 125
147 123
218 111
130 126
112 102
230 35
