50 46
89 50
89 47
32 27
192 156
24 10
34 31
144 113
21 13
217 162
58 25
119 116
64 26
131 125
42 4
192 189
135 104
100 97
218 163
196 160
40 36
186 164
132 100
43 4
55 25
54 25
193 156
232 211
202 164
168 164
35 31
218 206
215 160
87 50
33 30
142 139
163 137
215 135
99 4
114 111
86 45
141 113
98 95
31 28
47 10
104 9
226 32
65 62
91 87
180 177
216 160
20 16
40 37
108 11
167 163
169 166
64 58
96 3
223 35
194 190
136 104
74 70
133 99
131 126
231 228
229 226
113 108
111 48
225 32
57 20
49 10
134 104
104 29
114 110
87 44
92 87
69 64
105 22
44 3
41 3
110 107
224 207
80 74
80 71
81 77
167 164
194 160
171 167
101 7
53 22
151 147
217 136
185 164
125 97
138 105
52 49
145 122
220 205
202 199
138 134
102 6
210 159
29 24
103 9
231 227
107 22
130 125
181 177
144 141
64 60
88 48
129 98
122 94
230 36
55 26
129 126
55 12
222 28
12 9
218 202
80 72
134 103
145 123
84 81
188 184
222 216
101 6
44 6
20 15
196 159
146 119
208 161
214 160
199 161
145 116
158 154
58 55
152 148
154 147
63 27
45 8
19 15
145 142
177 173
72 68
28 24
79 33
53 23
152 147
195 159
86 46
83 79
148 123
222 219
220 203
80 77
204 199
227 223
91 88
232 131
218 205
195 157
101 5
115 48
103 28
56 21
112 109
154 142
179 175
213 210
140 113
144 114
43 5
88 47
180 176
226 133
218 204
64 27
47 8
58 27
109 106
185 163
69 65
174 169
232 228
217 137
214 211
163 136
127 123
163 135
100 5
140 109
153 145
226 36
126 122
21 14
141 115
221 217
225 134
107 9
202 167
65 61
227 224
97 5
162 135
173 168
108 104
227 35
104 8
214 207
185 162
59 54
186 183
85 82
42 37
185 140
130 127
96 93
124 120
138 112
100 6
217 161
219 25
71 67
43 6
188 142
138 102
143 112
223 31
228 224
225 208
213 132
214 133
215 161
182 109
214 134
196 161
152 146
120 117
206 199
22 12
221 206
116 113
72 69
58 24
158 155
43 33
54 23
68 64
44 4
130 98
107 55
142 119
138 104
186 163
183 177
68 27
21 16
194 191
224 206
22 13
145 120
75 72
178 174
29 8
213 131
51 47
196 186
219 203
135 102
34 30
192 155
107 11
179 176
83 44
50 10
97 93
141 138
144 119
47 7
110 11
42 3
216 206
125 121
112 9
96 2
215 134
126 123
86 47
79 72
137 134
82 45
230 99
103 24
106 23
125 122
41 4
228 209
86 82
186 162
141 102
41 38
99 3
150 147
54 26
106 55
139 135
154 145
217 135
102 8
103 29
68 30
212 130
23 13
140 108
111 9
217 202
151 146
132 99
216 162
141 108
232 212
120 116
168 165
193 189
46 7
173 170
222 32
172 168
81 78
30 26
215 133
145 141
20 14
42 36
195 160
46 8
50 47
194 159
41 2
141 119
56 23
221 216
215 208
137 105
29 26
134 101
52 11
229 132
103 25
51 10
198 161
83 45
191 187
130 100
220 217
117 48
110 106
218 203
19 16
145 119
204 200
172 169
38 35
188 185
229 133
123 119
232 209
103 6
224 221
88 46
146 123
222 31
48 8
154 146
119 115
223 220
23 12
210 160
197 161
225 207
153 147
46 6
141 114
111 11
24 12
185 137
98 4
153 146
85 81
229 212
148 124
73 70
187 184
36 4
132 126
71 68
103 7
33 29
128 124
137 104
53 11
184 109
196 162
29 25
97 2
53 10
138 103
88 50
24 9
232 229
196 190
41 37
147 127
39 36
64 61
194 156
217 203
53 24
112 108
97 4
55 24
54 21
129 125
221 204
30 27
105 23
21 15
77 72
22 11
214 210
162 138
213 160
195 190
216 205
181 178
188 143
104 23
214 132
77 71
105 25
105 24
121 117
39 35
156 153
54 22
217 199
113 110
22 14
89 46
188 183
86 44
81 75
219 28
86 83
173 16
142 113
105 9
82 79
216 163
194 189
124 94
60 56
29 6
136 103
20 17
228 225
212 132
68 65
182 177
222 27
184 140
151 148
124 121
42 2
226 101
225 135
189 155
108 105
178 175
38 34
135 103
218 136
190 187
127 124
85 44
192 143
106 24
216 161
128 125
132 125
202 163
221 207
55 22
108 9
173 169
137 108
215 136
52 8
155 142
195 189
185 139
108 23
122 118
229 214
43 37
40 2
79 71
70 67
218 137
193 155
212 133
225 214
147 123
174 168
81 76
143 113
23 9
104 24
36 33
140 112
57 22
88 49
89 48
118 89
197 160
226 222
230 227
111 107
51 48
184 163
111 10
139 136
54 12
125 98
131 98
125 94
169 165
212 126
217 163
63 59
219 63
121 89
194 155
226 223
60 57
33 6
138 108
132 101
118 115
214 208
98 2
85 45
143 140
226 35
108 8
224 216
45 7
192 188
191 188
113 109
32 29
86 51
224 205
225 216
107 10
43 3
99 5
23 10
198 164
218 162
87 46
194 158
78 71
59 26
117 89
212 209
52 23
43 36
54 24
208 159
204 201
219 136
137 106
56 22
48 9
229 209
52 9
220 204
22 16
144 116
21 12
48 10
37 33
133 101
170 166
98 3
217 204
125 99
222 218
124 95
28 25
185 165
141 112
162 134
194 157
122 100
137 109
100 7
162 137
184 165
80 76
111 108
219 135
203 167
135 28
182 179
215 207
82 44
23 11
77 74
19 14
218 135
175 172
207 161
182 178
106 22
182 110
162 136
153 142
193 158
195 158
214 209
229 99
134 102
225 222
92 89
189 160
217 164
188 139
132 122
215 162
171 168
229 225
149 127
52 10
130 126
216 208
227 36
70 66
222 135
56 20
229 131
97 3
190 186
214 131
130 97
105 28
177 174
210 158
64 59
170 167
221 136
103 8
107 24
176 15
217 205
147 126
107 12
184 164
183 109
107 104
208 160
230 226
220 206
133 100
59 55
125 100
83 80
104 28
117 90
79 30
228 214
97 94
63 60
176 16
217 206
47 9
121 118
41 36
189 185
198 162
74 71
187 183
193 157
225 221
197 159
87 47
121 94
73 69
32 28
193 190
45 5
156 152
59 56
84 80
115 112
153 143
70 65
58 26
131 99
153 144
36 32
162 139
225 215
102 7
133 102
75 71
217 207
44 5
45 6
215 209
196 189
53 12
101 4
223 32
35 32
219 27
160 155
22 15
221 218
216 134
189 186
52 24
58 54
69 66
55 20
118 48
128 95
86 50
215 139
108 10
136 105
107 23
140 137
139 134
143 139
63 58
139 102
202 166
159 155
123 120
31 27
125 95
82 43
80 75
216 135
104 25
55 21
92 88
46 5
131 100
176 173
115 111
212 131
221 205
225 133
105 55
228 208
37 34
213 133
55 23
100 4
209 160
148 127
52 47
213 209
82 78
87 45
221 135
24 8
184 137
192 153
122 119
57 21
188 140
130 99
52 12
138 135
186 165
216 207
216 136
46 50
50 89
47 89
27 32
156 192
10 24
31 34
113 144
13 21
162 217
25 58
116 119
26 64
125 131
4 42
189 192
104 135
97 100
163 218
160 196
36 40
164 186
100 132
4 43
25 55
25 54
156 193
211 232
164 202
164 168
31 35
206 218
160 215
50 87
30 33
139 142
137 163
135 215
4 99
111 114
45 86
113 141
95 98
28 31
10 47
9 104
32 226
62 65
87 91
177 180
160 216
16 20
37 40
11 108
163 167
166 169
58 64
3 96
35 223
190 194
104 136
70 74
99 133
126 131
228 231
226 229
108 113
48 111
32 225
20 57
10 49
104 134
29 104
110 114
44 87
87 92
64 69
22 105
3 44
3 41
107 110
207 224
74 80
71 80
77 81
164 167
160 194
167 171
7 101
22 53
147 151
136 217
164 185
97 125
105 138
49 52
122 145
205 220
199 202
134 138
6 102
159 210
24 29
9 103
227 231
22 107
125 130
177 181
141 144
60 64
48 88
98 129
94 122
36 230
26 55
126 129
12 55
28 222
9 12
202 218
72 80
103 134
123 145
81 84
184 188
216 222
6 101
6 44
15 20
159 196
119 146
161 208
160 214
161 199
116 145
154 158
55 58
148 152
147 154
27 63
8 45
15 19
142 145
173 177
68 72
24 28
33 79
23 53
147 152
159 195
46 86
79 83
123 148
219 222
203 220
77 80
199 204
223 227
88 91
131 232
205 218
157 195
5 101
48 115
28 103
21 56
109 112
142 154
175 179
210 213
113 140
114 144
5 43
47 88
176 180
133 226
204 218
27 64
8 47
27 58
106 109
163 185
65 69
169 174
228 232
137 217
211 214
136 163
123 127
135 163
5 100
109 140
145 153
36 226
122 126
14 21
115 141
217 221
134 225
9 107
167 202
61 65
224 227
5 97
135 162
168 173
104 108
35 227
8 104
207 214
162 185
54 59
183 186
82 85
37 42
140 185
127 130
93 96
120 124
112 138
6 100
161 217
25 219
67 71
6 43
142 188
102 138
112 143
31 223
224 228
208 225
132 213
133 214
161 215
109 182
134 214
161 196
146 152
117 120
199 206
12 22
206 221
113 116
69 72
24 58
155 158
33 43
23 54
64 68
4 44
98 130
55 107
119 142
104 138
163 186
177 183
27 68
16 21
191 194
206 224
13 22
120 145
72 75
174 178
8 29
131 213
47 51
186 196
203 219
102 135
30 34
155 192
11 107
176 179
44 83
10 50
93 97
138 141
119 144
7 47
11 110
3 42
206 216
121 125
9 112
2 96
134 215
123 126
47 86
72 79
134 137
45 82
99 230
24 103
23 106
122 125
4 41
209 228
82 86
162 186
102 141
38 41
3 99
147 150
26 54
55 106
135 139
145 154
135 217
8 102
29 103
30 68
130 212
13 23
108 140
9 111
202 217
146 151
99 132
162 216
108 141
212 232
116 120
165 168
189 193
7 46
170 173
32 222
168 172
78 81
26 30
133 215
141 145
14 20
36 42
160 195
8 46
47 50
159 194
2 41
119 141
23 56
216 221
208 215
105 137
26 29
101 134
11 52
132 229
25 103
10 51
161 198
45 83
187 191
100 130
217 220
48 117
106 110
203 218
16 19
119 145
200 204
169 172
35 38
185 188
133 229
119 123
209 232
6 103
221 224
46 88
123 146
31 222
8 48
146 154
115 119
220 223
12 23
160 210
161 197
207 225
147 153
6 46
114 141
11 111
12 24
137 185
4 98
146 153
81 85
212 229
124 148
70 73
184 187
4 36
126 132
68 71
7 103
29 33
124 128
104 137
11 53
109 184
162 196
25 29
2 97
10 53
103 138
50 88
9 24
229 232
190 196
37 41
127 147
36 39
61 64
156 194
203 217
24 53
108 112
4 97
24 55
21 54
125 129
204 221
27 30
23 105
15 21
72 77
11 22
210 214
138 162
160 213
190 195
205 216
178 181
143 188
23 104
132 214
71 77
25 105
24 105
117 121
35 39
153 156
22 54
199 217
110 113
14 22
46 89
183 188
44 86
75 81
28 219
83 86
16 173
113 142
9 105
79 82
163 216
189 194
94 124
56 60
6 29
103 136
17 20
225 228
132 212
65 68
177 182
27 222
140 184
148 151
121 124
2 42
101 226
135 225
155 189
105 108
175 178
34 38
103 135
136 218
187 190
124 127
44 85
143 192
24 106
161 216
125 128
125 132
163 202
207 221
22 55
9 108
169 173
108 137
136 215
8 52
142 155
189 195
139 185
23 108
118 122
214 229
37 43
2 40
71 79
67 70
137 218
155 193
133 212
214 225
123 147
168 174
76 81
113 143
9 23
24 104
33 36
112 140
22 57
49 88
48 89
89 118
160 197
222 226
227 230
107 111
48 51
163 184
10 111
136 139
12 54
98 125
98 131
94 125
165 169
126 212
163 217
59 63
63 219
89 121
155 194
223 226
57 60
6 33
108 138
101 132
115 118
208 214
2 98
45 85
140 143
35 226
8 108
216 224
7 45
188 192
188 191
109 113
29 32
51 86
205 224
216 225
10 107
3 43
5 99
10 23
164 198
162 218
46 87
158 194
71 78
26 59
89 117
209 212
23 52
36 43
24 54
159 208
201 204
136 219
106 137
22 56
9 48
209 229
9 52
204 220
16 22
116 144
12 21
10 48
33 37
101 133
166 170
3 98
204 217
99 125
218 222
95 124
25 28
165 185
112 141
134 162
157 194
100 122
109 137
7 100
137 162
165 184
76 80
108 111
135 219
167 203
28 135
179 182
207 215
44 82
11 23
74 77
14 19
135 218
172 175
161 207
178 182
22 106
110 182
136 162
142 153
158 193
158 195
209 214
99 229
102 134
222 225
89 92
160 189
164 217
139 188
122 132
162 215
168 171
225 229
127 149
10 52
126 130
208 216
36 227
66 70
135 222
20 56
131 229
3 97
186 190
131 214
97 130
28 105
174 177
158 210
59 64
167 170
136 221
8 103
24 107
15 176
205 217
126 147
12 107
164 184
109 183
104 107
160 208
226 230
206 220
100 133
55 59
100 125
80 83
28 104
90 117
30 79
214 228
94 97
60 63
16 176
206 217
9 47
118 121
36 41
185 189
162 198
71 74
183 187
157 193
221 225
159 197
47 87
94 121
69 73
28 32
190 193
5 45
152 156
56 59
80 84
112 115
143 153
65 70
26 58
99 131
144 153
32 36
139 162
215 225
7 102
102 133
71 75
207 217
5 44
6 45
209 215
189 196
12 53
4 101
32 223
32 35
27 219
155 160
15 22
218 221
134 216
186 189
24 52
54 58
66 69
20 55
48 118
95 128
50 86
139 215
10 108
105 136
23 107
137 140
134 139
139 143
58 63
102 139
166 202
155 159
120 123
27 31
95 125
43 82
75 80
135 216
25 104
21 55
88 92
5 46
100 131
173 176
111 115
131 212
205 221
133 225
55 105
208 228
34 37
133 213
23 55
4 100
160 209
127 148
47 52
209 213
78 82
45 87
135 221
8 24
137 184
153 192
119 122
21 57
140 188
99 130
12 52
135 138
165 186
207 216
136 216
