224 205
156 152
196 164
152 149
232 214
231 228
97 44
96 93
195 159
202 166
211 158
118 102
130 125
206 197
197 159
192 153
41 4
148 127
191 188
42 3
117 90
228 207
190 187
132 122
229 131
118 7
212 129
227 35
229 36
202 170
99 4
228 209
222 27
141 102
214 209
107 9
174 169
147 127
232 209
124 94
214 133
212 126
120 117
91 88
38 34
229 99
43 6
145 122
84 52
91 87
89 46
101 32
189 186
73 59
141 118
228 224
43 37
124 120
227 223
152 147
219 106
36 4
186 165
226 36
86 47
122 100
158 126
121 94
102 7
221 217
112 103
45 29
127 123
208 159
190 186
122 102
186 183
230 41
44 3
139 134
229 133
196 161
112 108
182 179
136 28
213 160
125 97
98 41
43 36
142 134
31 27
110 11
138 134
92 87
45 33
144 114
180 140
230 39
192 144
230 226
225 214
54 26
231 227
217 167
225 135
45 8
229 214
21 13
123 119
125 94
46 5
187 165
210 158
219 136
196 162
226 222
154 126
36 6
227 224
108 103
128 94
117 46
203 170
225 161
58 55
128 124
53 8
18 15
53 24
46 7
186 182
147 123
48 10
71 34
230 35
218 164
112 102
96 3
103 100
29 8
183 179
140 113
97 5
132 126
103 6
222 32
63 60
222 31
112 48
198 166
144 113
132 125
97 41
213 158
41 36
167 164
160 155
192 188
111 9
203 163
220 204
216 101
189 139
225 6
210 159
189 185
225 101
60 57
105 28
123 120
122 89
73 69
221 218
183 180
87 44
213 142
218 111
214 131
223 35
115 48
70 67
120 116
112 7
50 47
218 168
108 48
222 30
51 10
87 46
117 88
69 66
106 22
100 7
82 45
99 7
209 206
231 224
224 207
221 215
58 25
212 131
170 166
33 6
154 149
225 207
144 119
189 183
223 68
215 142
125 122
204 200
83 25
203 171
219 137
188 183
98 3
95 78
168 55
113 108
49 10
171 106
220 203
153 146
194 189
106 9
214 130
19 16
212 130
98 44
176 18
129 126
108 24
115 46
118 112
82 37
160 153
86 51
188 182
172 169
175 169
208 126
194 160
81 74
118 115
190 129
101 36
131 99
54 24
45 6
155 132
134 115
121 5
86 83
80 76
231 209
219 163
104 28
153 100
37 33
156 148
78 66
148 123
51 47
225 216
219 28
111 107
81 77
221 111
103 24
154 147
121 118
225 133
136 105
97 87
68 30
107 89
212 132
194 154
232 228
79 76
143 140
115 102
63 59
112 104
229 207
53 47
145 140
106 25
75 71
79 72
199 161
218 167
57 20
130 121
118 100
83 24
206 196
24 8
208 161
232 225
110 14
112 83
227 120
182 140
92 5
102 48
145 119
231 128
41 2
171 162
191 187
143 109
222 25
110 16
132 129
96 60
209 127
227 39
97 92
187 2
133 101
211 155
108 32
87 41
101 41
29 6
222 207
36 32
232 131
192 116
157 136
59 26
204 169
195 191
216 135
31 25
67 2
78 62
206 161
165 7
168 106
181 165
87 48
175 62
80 30
106 32
73 70
215 134
185 140
225 36
158 155
122 103
