228 224
227 224
229 226
127 124
229 225
227 223
156 152
230 226
232 214
231 228
196 164
224 205
228 225
97 44
152 149
202 166
41 4
195 159
222 27
130 125
191 188
192 153
120 117
42 3
118 102
212 129
206 197
117 90
123 120
211 158
214 133
147 127
80 77
79 76
127 123
128 124
221 218
190 187
186 183
228 207
148 127
132 122
96 93
125 122
124 94
81 78
91 88
229 131
124 120
126 123
38 34
118 7
212 126
197 159
226 222
121 118
226 223
74 71
38 35
230 227
202 170
231 227
123 119
107 9
221 217
37 34
214 209
128 125
219 106
43 6
122 119
91 87
152 147
31 27
36 33
232 209
126 122
84 52
112 108
141 102
208 159
125 121
227 35
36 4
73 70
99 4
190 186
145 122
124 121
86 47
73 59
210 158
186 182
69 66
174 169
191 187
120 116
186 165
42 4
122 118
229 36
122 100
89 46
37 33
229 99
70 67
228 209
43 37
101 32
46 5
121 117
45 29
141 118
111 108
81 77
187 165
138 134
80 76
36 32
129 126
192 188
45 8
102 7
63 60
158 126
103 100
72 69
121 94
139 134
136 28
226 36
43 36
83 80
84 81
48 10
232 228
152 148
44 3
112 103
187 183
167 164
36 6
45 33
71 68
219 136
196 162
230 41
192 189
73 69
122 102
87 46
129 125
118 115
230 39
217 167
54 26
169 166
196 161
182 179
58 55
75 72
154 126
225 222
183 179
183 180
86 83
213 160
21 13
50 47
41 36
98 41
209 206
185 182
60 57
30 27
212 130
144 114
203 170
187 184
168 165
188 184
189 186
92 87
204 201
35 32
110 107
74 70
78 75
192 144
125 97
92 89
224 207
168 164
142 134
108 103
153 147
156 153
144 113
79 75
85 82
193 189
46 7
128 94
39 35
82 79
14 11
119 116
132 126
180 140
125 94
225 214
53 24
203 171
189 185
222 219
19 16
210 159
195 160
232 229
75 71
218 164
97 41
110 11
71 34
112 109
184 181
45 6
41 3
31 28
132 125
147 123
218 111
130 126
112 102
230 35
144 119
213 158
222 31
61 58
111 107
169 165
220 217
44 5
39 36
229 214
34 31
143 140
106 9
54 24
225 135
215 134
229 133
85 81
109 106
204 200
153 149
155 152
193 190
100 7
97 93
138 135
51 10
231 209
213 133
219 137
87 47
224 221
212 131
103 6
154 147
140 113
98 3
222 30
226 35
83 79
44 6
153 148
145 142
46 6
111 9
174 171
213 142
158 155
198 166
29 26
153 146
139 136
77 74
131 128
185 181
220 203
131 126
88 46
82 78
211 126
118 100
188 185
154 149
61 57
45 7
213 132
203 200
214 130
71 67
105 28
97 94
89 86
184 180
87 48
189 139
225 161
90 87
196 159
215 142
30 26
41 37
117 88
70 66
160 155
214 131
117 46
28 25
53 8
213 131
92 88
51 48
86 82
218 167
84 80
212 132
43 3
194 160
189 183
19 15
119 115
98 4
58 25
211 159
51 47
194 159
219 163
41 2
170 166
29 8
42 2
124 95
72 68
87 84
203 163
115 48
206 198
167 163
224 228
224 227
226 229
124 127
225 229
223 227
152 156
226 230
214 232
228 231
164 196
205 224
225 228
44 97
149 152
166 202
4 41
159 195
27 222
125 130
188 191
153 192
117 120
3 42
102 118
129 212
197 206
90 117
120 123
158 211
133 214
127 147
77 80
76 79
123 127
124 128
218 221
187 190
183 186
207 228
127 148
122 132
93 96
122 125
94 124
78 81
88 91
131 229
120 124
123 126
34 38
7 118
126 212
159 197
222 226
118 121
223 226
71 74
35 38
227 230
170 202
227 231
119 123
9 107
217 221
34 37
209 214
125 128
106 219
6 43
119 122
87 91
147 152
27 31
33 36
209 232
122 126
52 84
108 112
102 141
159 208
121 125
35 227
4 36
70 73
4 99
186 190
122 145
121 124
47 86
59 73
158 210
182 186
66 69
169 174
187 191
116 120
165 186
4 42
118 122
36 229
100 122
46 89
33 37
99 229
67 70
209 228
37 43
32 101
5 46
117 121
29 45
118 141
108 111
77 81
165 187
134 138
76 80
32 36
126 129
188 192
8 45
7 102
60 63
126 158
100 103
69 72
94 121
134 139
28 136
36 226
36 43
80 83
81 84
10 48
228 232
148 152
3 44
103 112
183 187
164 167
6 36
33 45
68 71
136 219
162 196
41 230
189 192
69 73
102 122
46 87
125 129
115 118
39 230
167 217
26 54
166 169
161 196
179 182
55 58
72 75
126 154
222 225
179 183
180 183
83 86
160 213
13 21
47 50
36 41
41 98
206 209
182 185
57 60
27 30
130 212
114 144
170 203
184 187
165 168
184 188
186 189
87 92
201 204
32 35
107 110
70 74
75 78
144 192
97 125
89 92
207 224
164 168
134 142
103 108
147 153
153 156
113 144
75 79
82 85
189 193
7 46
94 128
35 39
79 82
11 14
116 119
126 132
140 180
94 125
214 225
24 53
171 203
185 189
219 222
16 19
159 210
160 195
229 232
71 75
164 218
41 97
11 110
34 71
109 112
181 184
6 45
3 41
28 31
125 132
123 147
111 218
126 130
102 112
35 230
119 144
158 213
31 222
58 61
107 111
165 169
217 220
5 44
36 39
214 229
31 34
140 143
9 106
24 54
135 225
134 215
133 229
81 85
106 109
200 204
149 153
152 155
190 193
7 100
93 97
135 138
10 51
209 231
133 213
137 219
47 87
221 224
131 212
6 103
147 154
113 140
3 98
30 222
35 226
79 83
6 44
148 153
142 145
6 46
9 111
171 174
142 213
155 158
166 198
26 29
146 153
136 139
74 77
128 131
181 185
203 220
126 131
46 88
78 82
126 211
100 118
185 188
149 154
57 61
7 45
132 213
200 203
130 214
67 71
28 105
94 97
86 89
180 184
48 87
139 189
161 225
87 90
159 196
142 215
26 30
37 41
88 117
66 70
155 160
131 214
46 117
25 28
8 53
131 213
88 92
48 51
82 86
167 218
80 84
132 212
3 43
160 194
183 189
15 19
115 119
4 98
25 58
159 211
47 51
159 194
163 219
2 41
166 170
8 29
2 42
95 124
68 72
84 87
163 203
48 115
198 206
163 167
