224 205
156 152
196 164
152 149
232 214
231 228
97 44
96 93
195 159
202 166
211 158
118 102
130 125
206 197
197 159
192 153
41 4
148 127
191 188
42 3
117 90
228 207
190 187
132 122
229 131
118 7
212 129
227 35
229 36
202 170
99 4
228 209
222 27
141 102
214 209
107 9
174 169
147 127
232 209
124 94
214 133
212 126
120 117
91 88
38 34
229 99
43 6
145 122
84 52
91 87
89 46
101 32
189 186
73 59
141 118
228 224
43 37
124 120
227 223
152 147
219 106
36 4
186 165
226 36
86 47
122 100
158 126
121 94
102 7
221 217
112 103
45 29
127 123
208 159
190 186
122 102
186 183
230 41
44 3
139 134
229 133
196 161
112 108
182 179
136 28
213 160
125 97
98 41
43 36
142 134
31 27
110 11
138 134
92 87
45 33
144 114
180 140
230 39
192 144
230 226
225 214
54 26
231 227
217 167
225 135
45 8
229 214
21 13
123 119
125 94
46 5
187 165
210 158
219 136
196 162
226 222
154 126
