61 50
162 140
176 40
41 38
205 192
134 53
75 72
175 25
100 96
51 16
131 121
154 151
200 165
142 111
77 39
52 7
201 165
177 27
86 36
158 81
184 102
161 141
209 107
138 116
155 147
210 207
102 13
196 125
197 167
99 96
101 30
139 117
137 116
66 47
56 53
195 125
185 105
170 163
102 27
136 116
177 37
162 141
203 171
118 14
203 191
25 16
140 115
216 212
203 192
204 192
23 19
163 142
23 16
36 27
113 110
89 65
89 64
206 84
40 24
29 13
87 33
23 17
161 144
28 13
62 49
147 144
84 37
34 27
57 54
198 166
90 67
93 89
187 104
50 15
135 131
168 125
178 37
174 23
64 47
154 148
128 123
71 41
89 33
101 28
176 37
199 164
91 32
10 6
143 110
177 38
138 117
190 37
64 46
174 22
178 26
171 121
119 14
199 167
170 137
130 122
89 66
183 115
28 14
134 8
199 166
24 18
35 27
187 180
26 15
202 165
175 122
220 217
88 34
201 167
150 147
92 32
176 25
198 125
93 64
206 191
103 29
159 156
186 181
199 168
98 12
138 3
45 18
99 13
168 164
141 113
204 193
31 28
53 8
100 95
40 37
84 71
211 207
90 66
49 13
191 83
139 116
132 54
204 159
150 146
66 46
48 15
202 199
178 25
86 33
40 36
11 8
100 97
202 164
187 109
24 17
33 30
135 4
203 194
48 18
207 187
143 112
208 105
47 18
177 35
178 117
186 104
163 139
181 115
133 53
136 5
129 122
197 125
45 17
186 179
214 211
99 94
22 18
200 164
36 26
209 187
63 49
204 160
144 111
197 171
14 11
26 17
203 163
160 144
189 179
101 95
175 119
141 114
92 31
220 216
209 105
89 34
101 31
202 193
206 188
87 70
63 48
86 72
190 171
208 108
191 80
83 77
90 64
164 139
202 162
65 44
133 54
178 119
71 38
136 3
81 75
99 95
172 121
44 19
86 69
178 24
216 213
50 9
61 48
175 171
189 180
174 25
26 16
12 9
171 118
88 33
187 179
135 5
181 117
151 147
161 143
153 148
201 151
33 29
189 176
178 27
155 152
167 164
219 215
48 17
134 120
49 14
196 193
175 24
123 2
205 160
219 216
177 40
98 11
196 172
130 121
160 142
175 120
197 169
99 12
135 119
190 175
102 30
60 50
119 25
84 75
190 177
90 32
131 122
32 29
86 71
101 12
198 168
180 115
207 189
87 36
190 180
135 3
172 123
52 9
80 39
159 155
217 213
185 182
80 75
171 117
208 187
205 162
61 58
187 182
35 29
139 114
98 60
98 50
134 52
100 30
10 7
176 173
27 14
205 191
86 70
138 114
201 150
218 215
80 77
25 17
140 111
146 143
37 26
34 29
156 81
202 170
101 27
52 8
178 14
137 4
66 45
205 189
177 84
82 75
62 50
99 9
170 167
202 147
206 83
34 28
83 75
182 114
130 120
187 105
218 214
191 39
80 76
58 52
174 119
98 9
94 31
108 105
217 214
100 28
132 52
102 28
206 159
46 17
35 26
212 209
162 142
169 2
90 65
196 124
136 118
169 163
128 125
206 158
100 12
197 168
84 38
208 186
81 76
51 9
169 164
198 167
188 180
27 13
155 151
60 51
95 31
158 82
177 36
149 146
87 68
205 190
32 28
161 147
57 53
49 16
182 115
54 22
149 145
129 123
182 113
201 194
172 122
135 6
191 37
206 190
188 181
219 33
101 13
83 38
133 5
160 141
179 14
203 190
136 117
190 179
89 67
169 3
151 148
47 15
50 14
148 144
24 16
206 160
201 193
170 2
176 24
129 124
186 180
196 169
208 189
133 8
83 76
185 104
191 177
131 123
58 53
33 28
192 176
102 29
146 142
46 19
200 167
132 55
158 155
191 176
133 120
147 142
34 30
209 108
203 161
91 64
170 164
82 76
205 188
175 121
187 181
82 72
182 109
83 72
131 120
201 195
84 72
178 15
197 170
87 69
155 148
170 3
82 74
178 118
176 36
98 95
186 182
89 47
147 143
167 163
48 16
132 53
139 115
202 167
189 84
84 39
50 12
141 115
27 15
207 188
136 119
202 194
206 82
128 124
202 198
66 44
81 77
41 37
61 57
34 26
136 4
212 208
35 28
45 42
176 172
84 36
138 115
178 36
133 52
200 166
51 8
101 29
104 29
160 157
184 103
143 111
205 161
130 123
203 170
208 188
98 10
135 118
177 24
92 89
87 67
205 159
204 190
184 181
22 19
203 193
160 155
47 17
203 162
137 118
211 208
132 120
61 49
209 106
186 102
213 210
180 118
85 41
88 69
189 178
87 66
134 7
196 170
26 14
63 46
185 102
65 46
192 80
172 125
85 38
65 47
190 176
202 163
124 2
87 34
169 137
51 48
63 47
152 148
134 119
187 108
200 150
85 35
196 171
85 70
127 124
99 49
202 150
93 31
51 14
190 178
159 81
201 196
215 212
186 103
181 116
140 113
163 140
188 179
83 37
82 38
179 26
46 18
85 69
89 32
58 51
137 3
179 27
45 19
85 72
140 112
69 66
162 139
75 71
141 111
177 25
83 80
83 39
97 12
160 147
100 13
47 16
201 198
49 15
204 161
86 34
152 149
212 104
207 108
36 24
206 189
199 165
185 181
207 160
40 23
210 158
134 131
120 25
113 109
93 32
99 50
178 175
207 157
85 71
54 51
179 118
198 195
100 31
179 117
69 41
61 51
202 197
60 57
22 17
175 172
163 141
185 103
134 6
179 25
207 158
25 15
174 121
137 2
148 145
64 48
88 68
208 104
174 24
135 120
202 161
182 116
141 110
210 108
75 38
87 35
179 116
128 122
89 68
86 35
85 37
22 16
65 45
204 191
88 32
189 37
212 105
202 196
175 118
137 117
51 15
62 48
11 6
173 122
72 38
161 142
203 196
154 79
84 35
88 66
195 172
176 121
21 18
140 114
142 112
136 6
79 76
215 211
189 36
204 162
164 140
85 36
81 74
177 26
201 197
168 2
36 25
25 14
173 121
174 122
215 86
134 5
198 194
189 177
141 112
174 120
180 116
93 62
186 105
134 118
209 104
208 158
28 15
23 18
180 117
88 67
207 159
50 61
140 162
40 176
38 41
192 205
53 134
72 75
25 175
96 100
16 51
121 131
151 154
165 200
111 142
39 77
7 52
165 201
27 177
36 86
81 158
102 184
141 161
107 209
116 138
147 155
207 210
13 102
125 196
167 197
96 99
30 101
117 139
116 137
47 66
53 56
125 195
105 185
163 170
27 102
116 136
37 177
141 162
171 203
14 118
191 203
16 25
115 140
212 216
192 203
192 204
19 23
142 163
16 23
27 36
110 113
65 89
64 89
84 206
24 40
13 29
33 87
17 23
144 161
13 28
49 62
144 147
37 84
27 34
54 57
166 198
67 90
89 93
104 187
15 50
131 135
125 168
37 178
23 174
47 64
148 154
123 128
41 71
33 89
28 101
37 176
164 199
32 91
6 10
110 143
38 177
117 138
37 190
46 64
22 174
26 178
121 171
14 119
167 199
137 170
122 130
66 89
115 183
14 28
8 134
166 199
18 24
27 35
180 187
15 26
165 202
122 175
217 220
34 88
167 201
147 150
32 92
25 176
125 198
64 93
191 206
29 103
156 159
181 186
168 199
12 98
3 138
18 45
13 99
164 168
113 141
193 204
28 31
8 53
95 100
37 40
71 84
207 211
66 90
13 49
83 191
116 139
54 132
159 204
146 150
46 66
15 48
199 202
25 178
33 86
36 40
8 11
97 100
164 202
109 187
17 24
30 33
4 135
194 203
18 48
187 207
112 143
105 208
18 47
35 177
117 178
104 186
139 163
115 181
53 133
5 136
122 129
125 197
17 45
179 186
211 214
94 99
18 22
164 200
26 36
187 209
49 63
160 204
111 144
171 197
11 14
17 26
163 203
144 160
179 189
95 101
119 175
114 141
31 92
216 220
105 209
34 89
31 101
193 202
188 206
70 87
48 63
72 86
171 190
108 208
80 191
77 83
64 90
139 164
162 202
44 65
54 133
119 178
38 71
3 136
75 81
95 99
121 172
19 44
69 86
24 178
213 216
9 50
48 61
171 175
180 189
25 174
16 26
9 12
118 171
33 88
179 187
5 135
117 181
147 151
143 161
148 153
151 201
29 33
176 189
27 178
152 155
164 167
215 219
17 48
120 134
14 49
193 196
24 175
2 123
160 205
216 219
40 177
11 98
172 196
121 130
142 160
120 175
169 197
12 99
119 135
175 190
30 102
50 60
25 119
75 84
177 190
32 90
122 131
29 32
71 86
12 101
168 198
115 180
189 207
36 87
180 190
3 135
123 172
9 52
39 80
155 159
213 217
182 185
75 80
117 171
187 208
162 205
58 61
182 187
29 35
114 139
60 98
50 98
52 134
30 100
7 10
173 176
14 27
191 205
70 86
114 138
150 201
215 218
77 80
17 25
111 140
143 146
26 37
29 34
81 156
170 202
27 101
8 52
14 178
4 137
45 66
189 205
84 177
75 82
50 62
9 99
167 170
147 202
83 206
28 34
75 83
114 182
120 130
105 187
214 218
39 191
76 80
52 58
119 174
9 98
31 94
105 108
214 217
28 100
52 132
28 102
159 206
17 46
26 35
209 212
142 162
2 169
65 90
124 196
118 136
163 169
125 128
158 206
12 100
168 197
38 84
186 208
76 81
9 51
164 169
167 198
180 188
13 27
151 155
51 60
31 95
82 158
36 177
146 149
68 87
190 205
28 32
147 161
53 57
16 49
115 182
22 54
145 149
123 129
113 182
194 201
122 172
6 135
37 191
190 206
181 188
33 219
13 101
38 83
5 133
141 160
14 179
190 203
117 136
179 190
67 89
3 169
148 151
15 47
14 50
144 148
16 24
160 206
193 201
2 170
24 176
124 129
180 186
169 196
189 208
8 133
76 83
104 185
177 191
123 131
53 58
28 33
176 192
29 102
142 146
19 46
167 200
55 132
155 158
176 191
120 133
142 147
30 34
108 209
161 203
64 91
164 170
76 82
188 205
121 175
181 187
72 82
109 182
72 83
120 131
195 201
72 84
15 178
170 197
69 87
148 155
3 170
74 82
118 178
36 176
95 98
182 186
47 89
143 147
163 167
16 48
53 132
115 139
167 202
84 189
39 84
12 50
115 141
15 27
188 207
119 136
194 202
82 206
124 128
198 202
44 66
77 81
37 41
57 61
26 34
4 136
208 212
28 35
42 45
172 176
36 84
115 138
36 178
52 133
166 200
8 51
29 101
29 104
157 160
103 184
111 143
161 205
123 130
170 203
188 208
10 98
118 135
24 177
89 92
67 87
159 205
190 204
181 184
19 22
193 203
155 160
17 47
162 203
118 137
208 211
120 132
49 61
106 209
102 186
210 213
118 180
41 85
69 88
178 189
66 87
7 134
170 196
14 26
46 63
102 185
46 65
80 192
125 172
38 85
47 65
176 190
163 202
2 124
34 87
137 169
48 51
47 63
148 152
119 134
108 187
150 200
35 85
171 196
70 85
124 127
49 99
150 202
31 93
14 51
178 190
81 159
196 201
212 215
103 186
116 181
113 140
140 163
179 188
37 83
38 82
26 179
18 46
69 85
32 89
51 58
3 137
27 179
19 45
72 85
112 140
66 69
139 162
71 75
111 141
25 177
80 83
39 83
12 97
147 160
13 100
16 47
198 201
15 49
161 204
34 86
149 152
104 212
108 207
24 36
189 206
165 199
181 185
160 207
23 40
158 210
131 134
25 120
109 113
32 93
50 99
175 178
157 207
71 85
51 54
118 179
195 198
31 100
117 179
41 69
51 61
197 202
57 60
17 22
172 175
141 163
103 185
6 134
25 179
158 207
15 25
121 174
2 137
145 148
48 64
68 88
104 208
24 174
120 135
161 202
116 182
110 141
108 210
38 75
35 87
116 179
122 128
68 89
35 86
37 85
16 22
45 65
191 204
32 88
37 189
105 212
196 202
118 175
117 137
15 51
48 62
6 11
122 173
38 72
142 161
196 203
79 154
35 84
66 88
172 195
121 176
18 21
114 140
112 142
6 136
76 79
211 215
36 189
162 204
140 164
36 85
74 81
26 177
197 201
2 168
25 36
14 25
121 173
122 174
86 215
5 134
194 198
177 189
112 141
120 174
116 180
62 93
105 186
118 134
104 209
158 208
15 28
18 23
117 180
67 88
159 207
