182 115
34 26
40 24
86 33
88 67
136 10
135 5
118 14
88 33
85 41
136 11
196 172
22 16
93 28
176 39
186 35
90 65
93 49
211 82
186 27
92 32
169 137
93 89
218 73
88 68
204 192
211 84
171 117
88 32
26 15
92 31
118 11
103 13
161 147
33 30
63 48
101 95
203 170
93 64
181 118
216 212
210 158
141 115
218 70
133 5
50 47
211 206
87 66
102 27
49 15
180 160
190 171
158 81
189 27
137 117
11 6
186 102
90 64
181 102
135 131
34 15
210 207
51 48
198 125
90 67
82 74
79 76
41 36
206 84
207 144
190 117
187 115
180 115
146 143
85 71
99 49
181 13
205 180
138 116
138 114
52 8
10 7
116 11
193 190
192 159
202 142
143 111
61 51
134 14
95 28
139 117
136 6
87 69
156 81
140 114
211 158
52 9
82 72
98 9
25 14
189 37
180 162
132 55
71 41
218 33
99 96
75 72
158 82
88 70
163 140
83 39
