34 26
216 213
186 35
138 116
137 117
216 212
93 49
118 14
93 28
161 147
85 41
182 115
218 214
22 16
217 213
86 33
171 117
138 114
136 10
196 172
186 27
26 15
86 70
169 137
40 24
218 70
63 48
203 170
211 82
218 73
92 31
88 67
176 39
181 118
141 115
103 13
102 27
204 192
88 32
90 65
85 71
87 66
86 69
186 102
135 5
136 11
190 171
215 212
211 84
92 32
180 160
137 116
190 117
180 115
211 206
189 27
87 69
148 144
217 214
118 11
35 27
90 64
99 96
140 114
10 7
181 13
210 207
49 15
88 70
34 28
61 51
93 89
146 143
147 144
85 69
133 5
210 158
52 8
158 81
82 72
187 115
101 95
41 36
181 102
47 17
51 48
139 115
138 115
136 116
99 95
88 33
82 74
33 30
163 140
148 145
193 190
79 76
93 64
95 28
25 14
207 144
34 15
205 180
192 159
139 114
149 146
198 125
11 6
88 68
71 41
139 117
116 11
202 142
22 18
206 84
63 46
206 189
215 211
189 37
50 47
99 49
52 9
156 81
98 9
214 211
211 207
218 33
35 29
87 67
136 6
101 28
89 64
180 117
219 216
127 124
65 46
90 67
85 70
33 28
135 131
159 156
143 111
34 27
218 215
132 53
92 89
136 4
95 31
219 215
149 145
211 158
47 16
40 36
198 195
179 14
52 5
83 39
69 41
87 68
89 65
190 176
136 117
134 14
100 95
178 175
113 110
33 29
175 121
133 52
205 190
147 143
91 64
136 118
180 116
140 115
40 37
80 76
178 25
85 36
180 162
63 47
181 116
187 182
146 142
138 117
155 144
190 178
185 103
47 15
193 171
215 208
132 55
99 93
118 13
203 192
81 76
131 123
70 33
135 123
87 70
164 140
61 58
120 14
134 5
211 208
212 105
80 75
75 72
212 104
181 115
139 116
10 6
48 16
89 66
205 170
203 171
133 53
219 33
21 18
205 139
64 47
88 69
99 62
158 82
22 19
88 66
35 26
91 65
89 67
199 167
47 34
205 171
90 66
66 47
212 209
62 48
92 64
22 17
11 8
150 146
87 34
177 174
135 4
206 191
179 118
210 157
23 16
220 216
210 206
11 7
86 71
205 162
87 41
163 139
220 217
64 49
34 29
100 97
87 33
8 5
46 17
135 6
64 46
86 34
157 144
61 48
80 77
201 198
152 148
58 51
176 83
185 102
205 189
48 18
208 189
25 15
60 51
94 62
114 111
49 28
204 190
167 164
162 139
65 47
137 118
100 96
56 53
136 5
93 90
134 131
101 98
213 210
179 175
99 94
193 170
64 48
130 127
129 126
190 177
52 49
35 28
9 6
205 188
125 122
159 155
191 176
212 207
201 150
208 186
126 123
128 125
179 176
181 117
187 141
53 50
197 170
180 118
182 116
41 38
179 117
71 38
46 18
152 149
135 132
186 179
79 75
131 128
102 99
45 23
32 28
169 166
150 147
206 190
84 35
