216 212
138 116
216 213
139 116
217 213
215 212
138 117
86 70
137 116
99 96
218 214
87 70
137 117
217 214
34 26
88 67
51 48
138 115
140 115
63 48
139 115
147 144
86 69
47 17
135 5
210 207
87 69
50 47
33 30
10 7
182 115
87 66
219 216
35 27
214 211
148 144
146 143
211 207
90 65
148 145
159 156
34 27
79 76
138 114
127 124
34 28
139 114
136 116
85 71
87 67
88 68
211 208
87 68
136 117
218 215
140 114
86 33
137 118
204 192
10 6
85 70
92 32
219 215
88 33
178 175
86 71
26 15
113 110
85 69
180 115
211 206
80 76
99 95
176 39
215 211
101 95
193 190
206 189
22 18
90 64
141 115
181 118
100 95
85 41
136 118
149 145
63 47
93 89
88 32
61 58
40 37
88 69
198 195
40 24
180 116
135 6
92 89
90 67
180 117
102 27
149 146
33 29
34 29
181 115
47 16
33 28
147 143
220 216
25 14
134 5
11 6
22 16
52 49
61 51
11 7
212 209
135 4
65 47
40 36
101 28
196 172
91 64
35 28
89 65
21 18
48 17
163 140
22 19
80 77
136 11
100 97
64 48
64 47
203 170
53 50
89 67
180 160
88 66
150 146
139 117
169 137
63 46
91 65
64 46
41 36
93 90
182 116
35 26
90 66
205 190
128 125
129 126
210 158
132 53
133 5
171 117
118 14
158 81
11 8
181 116
190 178
75 72
52 8
210 206
8 5
211 82
181 117
92 31
133 52
185 103
65 46
164 140
135 131
133 53
89 64
98 9
205 189
136 5
82 74
41 37
93 64
186 102
88 70
89 66
179 176
203 192
46 17
101 98
100 96
136 6
190 176
146 142
35 29
220 217
22 17
85 36
86 34
177 174
161 147
206 84
213 210
63 49
116 11
156 81
204 191
81 76
136 4
178 25
203 171
49 15
134 131
103 13
126 123
204 190
131 128
48 16
186 103
218 73
150 147
218 70
189 37
132 55
136 10
212 216
116 138
213 216
116 139
213 217
212 215
117 138
70 86
116 137
96 99
214 218
70 87
117 137
214 217
26 34
67 88
48 51
115 138
115 140
48 63
115 139
144 147
69 86
17 47
5 135
207 210
69 87
47 50
30 33
7 10
115 182
66 87
216 219
27 35
211 214
144 148
143 146
207 211
65 90
145 148
156 159
27 34
76 79
114 138
124 127
28 34
114 139
116 136
71 85
67 87
68 88
208 211
68 87
117 136
215 218
114 140
33 86
118 137
192 204
6 10
70 85
32 92
215 219
33 88
175 178
71 86
15 26
110 113
69 85
115 180
206 211
76 80
95 99
39 176
211 215
95 101
190 193
189 206
18 22
64 90
115 141
118 181
95 100
41 85
118 136
145 149
47 63
89 93
32 88
58 61
37 40
69 88
195 198
24 40
116 180
6 135
89 92
67 90
117 180
27 102
146 149
29 33
29 34
115 181
16 47
28 33
143 147
216 220
14 25
5 134
6 11
16 22
49 52
51 61
7 11
209 212
4 135
47 65
36 40
28 101
172 196
64 91
28 35
65 89
18 21
17 48
140 163
19 22
77 80
11 136
97 100
48 64
47 64
170 203
50 53
67 89
160 180
66 88
146 150
117 139
137 169
46 63
65 91
46 64
36 41
90 93
116 182
26 35
66 90
190 205
125 128
126 129
158 210
53 132
5 133
117 171
14 118
81 158
8 11
116 181
178 190
72 75
8 52
206 210
5 8
82 211
117 181
31 92
52 133
103 185
46 65
140 164
131 135
53 133
64 89
9 98
189 205
5 136
74 82
37 41
64 93
102 186
70 88
66 89
176 179
192 203
17 46
98 101
96 100
6 136
176 190
142 146
29 35
217 220
17 22
36 85
34 86
174 177
147 161
84 206
210 213
49 63
11 116
81 156
191 204
76 81
4 136
25 178
171 203
15 49
131 134
13 103
123 126
190 204
128 131
16 48
103 186
73 218
147 150
70 218
37 189
55 132
10 136
