216 212
138 116
216 213
139 116
217 213
215 212
138 117
86 70
137 116
99 96
218 214
87 70
137 117
217 214
34 26
88 67
51 48
138 115
140 115
63 48
139 115
147 144
86 69
47 17
135 5
210 207
87 69
50 47
33 30
10 7
182 115
87 66
219 216
35 27
214 211
148 144
146 143
211 207
90 65
148 145
159 156
34 27
79 76
138 114
127 124
34 28
139 114
136 116
85 71
87 67
88 68
211 208
87 68
136 117
218 215
140 114
86 33
137 118
204 192
10 6
85 70
92 32
219 215
88 33
178 175
86 71
26 15
113 110
85 69
180 115
211 206
80 76
99 95
176 39
215 211
101 95
193 190
206 189
22 18
90 64
141 115
181 118
100 95
85 41
136 118
149 145
63 47
93 89
88 32
61 58
40 37
88 69
198 195
40 24
180 116
135 6
92 89
90 67
180 117
102 27
149 146
33 29
34 29
181 115
47 16
33 28
147 143
220 216
25 14
134 5
11 6
212 216
116 138
213 216
116 139
213 217
212 215
117 138
70 86
116 137
96 99
214 218
70 87
117 137
214 217
26 34
67 88
48 51
115 138
115 140
48 63
115 139
144 147
69 86
17 47
5 135
207 210
69 87
47 50
30 33
7 10
115 182
66 87
216 219
27 35
211 214
144 148
143 146
207 211
65 90
145 148
156 159
27 34
76 79
114 138
124 127
28 34
114 139
116 136
71 85
67 87
68 88
208 211
68 87
117 136
215 218
114 140
33 86
118 137
192 204
6 10
70 85
32 92
215 219
33 88
175 178
71 86
15 26
110 113
69 85
115 180
206 211
76 80
95 99
39 176
211 215
95 101
190 193
189 206
18 22
64 90
115 141
118 181
95 100
41 85
118 136
145 149
47 63
89 93
32 88
58 61
37 40
69 88
195 198
24 40
116 180
6 135
89 92
67 90
117 180
27 102
146 149
29 33
29 34
115 181
16 47
28 33
143 147
216 220
14 25
5 134
6 11
