182 115
34 26
40 24
86 33
88 67
136 10
135 5
118 14
88 33
85 41
136 11
196 172
22 16
93 28
176 39
186 35
90 65
93 49
211 82
186 27
92 32
169 137
93 89
218 73
88 68
204 192
211 84
171 117
88 32
26 15
92 31
118 11
103 13
161 147
33 30
63 48
101 95
203 170
93 64
181 118
216 212
210 158
141 115
218 70
133 5
50 47
211 206
87 66
102 27
49 15
180 160
190 171
158 81
189 27
137 117
11 6
186 102
90 64
181 102
135 131
34 15
210 207
51 48
198 125
90 67
82 74
79 76
41 36
206 84
207 144
190 117
187 115
180 115
146 143
85 71
99 49
181 13
205 180
138 116
138 114
52 8
10 7
116 11
193 190
192 159
202 142
143 111
61 51
134 14
95 28
139 117
136 6
87 69
156 81
140 114
211 158
52 9
82 72
98 9
25 14
189 37
180 162
132 55
71 41
218 33
99 96
75 72
158 82
88 70
163 140
83 39
187 182
178 175
22 18
91 64
185 103
179 14
34 28
85 36
61 58
212 104
127 124
215 208
193 171
81 76
47 17
69 41
99 93
205 139
47 34
132 53
212 105
155 144
136 4
52 5
63 46
70 33
205 170
65 46
135 123
219 216
101 28
178 25
120 14
113 110
177 174
164 140
159 156
35 27
148 144
95 31
175 121
206 189
35 29
219 33
136 118
133 53
99 62
89 64
190 178
198 195
49 28
190 176
131 123
85 69
101 30
87 41
187 141
87 17
205 162
86 70
118 13
149 146
212 209
133 52
219 30
215 211
99 95
100 95
40 37
71 38
176 83
203 171
94 62
199 167
10 6
217 213
208 186
205 190
87 47
66 47
80 75
197 170
48 18
89 28
205 171
45 23
157 144
214 211
218 214
201 194
218 86
210 157
195 125
187 109
69 45
208 189
173 122
136 116
153 148
211 207
47 15
186 179
125 122
206 191
92 64
152 148
179 118
204 159
140 137
208 35
214 86
58 51
167 164
179 175
201 150
146 142
205 188
61 48
129 124
9 5
191 176
193 170
92 89
162 139
64 49
84 35
99 50
91 65
200 150
67 32
155 142
159 81
89 47
141 112
56 53
37 25
220 216
54 18
169 2
14 11
89 49
169 166
129 122
162 142
45 41
75 42
47 26
172 161
214 73
163 139
98 8
189 84
149 145
99 28
75 38
98 60
23 16
60 51
69 66
214 72
135 120
203 197
185 105
173 170
85 6
159 155
213 210
172 147
202 180
89 34
208 27
59 56
103 100
209 108
63 18
114 111
52 10
176 37
52 6
88 85
215 29
201 151
72 38
181 14
46 18
44 19
191 83
147 134
81 78
62 50
180 117
104 101
178 39
141 109
178 174
212 207
189 186
9 6
54 51
197 164
182 141
193 176
208 104
126 122
216 106
109 105
130 122
202 197
180 177
178 37
101 93
216 213
207 158
207 108
59 51
96 62
87 67
181 27
203 162
193 39
208 84
27 13
102 13
